check_time,id,post_reply,post_symph,post_time,post_title,post_view,post_view_diff,post_reply_diff,post_symph_diff
2019-01-30 06:41:32.967329,13110592,4,0,2019-01-30 05:41:31, 넷플릭스 얼터드 카본을 몰아보면서 문득 이런 생각이 들더군요. ,742,742,4,0
2019-01-30 07:41:37.980135,13110592,5,0,2019-01-30 05:41:31, 넷플릭스 얼터드 카본을 몰아보면서 문득 이런 생각이 들더군요. ,1367,625,1,0
2019-01-30 08:41:42.966601,13110592,5,0,2019-01-30 05:41:31, 넷플릭스 얼터드 카본을 몰아보면서 문득 이런 생각이 들더군요. ,1744,377,0,0
2019-01-30 09:41:35.047338,13110592,5,0,2019-01-30 05:41:31, 넷플릭스 얼터드 카본을 몰아보면서 문득 이런 생각이 들더군요. ,1898,154,0,0
2019-01-30 10:41:40.137230,13110592,5,0,2019-01-30 05:41:31, 넷플릭스 얼터드 카본을 몰아보면서 문득 이런 생각이 들더군요. ,1933,35,0,0
2019-01-30 11:41:32.164017,13110592,5,0,2019-01-30 05:41:31, 넷플릭스 얼터드 카본을 몰아보면서 문득 이런 생각이 들더군요. ,1955,22,0,0
2019-01-30 12:41:37.229435,13110592,5,0,2019-01-30 05:41:31, 넷플릭스 얼터드 카본을 몰아보면서 문득 이런 생각이 들더군요. ,1963,8,0,0
2019-01-30 13:41:42.257046,13110592,5,0,2019-01-30 05:41:31, 넷플릭스 얼터드 카본을 몰아보면서 문득 이런 생각이 들더군요. ,1968,5,0,0
2019-01-30 14:41:34.247927,13110592,5,0,2019-01-30 05:41:31, 넷플릭스 얼터드 카본을 몰아보면서 문득 이런 생각이 들더군요. ,1975,7,0,0
2019-01-30 15:41:39.310162,13110592,5,0,2019-01-30 05:41:31, 넷플릭스 얼터드 카본을 몰아보면서 문득 이런 생각이 들더군요. ,1978,3,0,0
2019-01-30 16:41:31.357059,13110592,5,0,2019-01-30 05:41:31, 넷플릭스 얼터드 카본을 몰아보면서 문득 이런 생각이 들더군요. ,1983,5,0,0
2019-01-30 17:41:36.386184,13110592,5,0,2019-01-30 05:41:31, 넷플릭스 얼터드 카본을 몰아보면서 문득 이런 생각이 들더군요. ,1987,4,0,0
2019-01-30 18:41:41.469218,13110592,5,0,2019-01-30 05:41:31, 넷플릭스 얼터드 카본을 몰아보면서 문득 이런 생각이 들더군요. ,1990,3,0,0
2019-01-30 19:41:33.542220,13110592,5,0,2019-01-30 05:41:31, 넷플릭스 얼터드 카본을 몰아보면서 문득 이런 생각이 들더군요. ,1993,3,0,0
2019-01-30 20:41:38.767193,13110592,5,0,2019-01-30 05:41:31, 넷플릭스 얼터드 카본을 몰아보면서 문득 이런 생각이 들더군요. ,1996,3,0,0
2019-01-30 21:41:31.028907,13110592,5,0,2019-01-30 05:41:31, 넷플릭스 얼터드 카본을 몰아보면서 문득 이런 생각이 들더군요. ,1997,1,0,0
2019-01-30 22:41:36.102650,13110592,5,0,2019-01-30 05:41:31, 넷플릭스 얼터드 카본을 몰아보면서 문득 이런 생각이 들더군요. ,1999,2,0,0
2019-01-30 23:41:41.130505,13110592,5,0,2019-01-30 05:41:31, 넷플릭스 얼터드 카본을 몰아보면서 문득 이런 생각이 들더군요. ,2002,3,0,0
2019-01-31 00:41:33.204528,13110592,5,0,2019-01-30 05:41:31, 넷플릭스 얼터드 카본을 몰아보면서 문득 이런 생각이 들더군요. ,2006,4,0,0
2019-01-31 01:41:38.254045,13110592,5,0,2019-01-30 05:41:31, 넷플릭스 얼터드 카본을 몰아보면서 문득 이런 생각이 들더군요. ,2012,6,0,0
2019-01-31 02:41:43.362495,13110592,5,0,2019-01-30 05:41:31, 넷플릭스 얼터드 카본을 몰아보면서 문득 이런 생각이 들더군요. ,2017,5,0,0
2019-01-31 03:41:35.382100,13110592,5,0,2019-01-30 05:41:31, 넷플릭스 얼터드 카본을 몰아보면서 문득 이런 생각이 들더군요. ,2019,2,0,0
2019-01-31 04:41:40.731213,13110592,5,0,2019-01-30 05:41:31, 넷플릭스 얼터드 카본을 몰아보면서 문득 이런 생각이 들더군요. ,2022,3,0,0
2019-01-31 05:41:32.909324,13110592,5,0,2019-01-30 05:41:31, 넷플릭스 얼터드 카본을 몰아보면서 문득 이런 생각이 들더군요. ,2024,2,0,0
