check_time,id,post_reply,post_symph,post_time,post_title,post_view,post_view_diff,post_reply_diff,post_symph_diff
2019-01-28 06:25:12.267466,13103178,4,0,2019-01-28 05:25:05, 단풍국 코스트코인데 직원이 한국인인듯? ㄷ ㄷ ㄷ ,2423,2423,4,0
2019-01-28 07:25:17.261571,13103178,5,0,2019-01-28 05:25:05, 단풍국 코스트코인데 직원이 한국인인듯? ㄷ ㄷ ㄷ ,5444,3021,1,0
2019-01-28 08:25:09.437416,13103178,5,0,2019-01-28 05:25:05, 단풍국 코스트코인데 직원이 한국인인듯? ㄷ ㄷ ㄷ ,8621,3177,0,0
2019-01-28 09:25:14.479516,13103178,6,0,2019-01-28 05:25:05, 단풍국 코스트코인데 직원이 한국인인듯? ㄷ ㄷ ㄷ ,9881,1260,1,0
2019-01-28 10:25:06.480176,13103178,6,0,2019-01-28 05:25:05, 단풍국 코스트코인데 직원이 한국인인듯? ㄷ ㄷ ㄷ ,10295,414,0,0
2019-01-28 11:25:11.534378,13103178,6,0,2019-01-28 05:25:05, 단풍국 코스트코인데 직원이 한국인인듯? ㄷ ㄷ ㄷ ,10527,232,0,0
2019-01-28 12:25:16.493012,13103178,6,0,2019-01-28 05:25:05, 단풍국 코스트코인데 직원이 한국인인듯? ㄷ ㄷ ㄷ ,10625,98,0,0
2019-01-28 13:25:08.493049,13103178,6,0,2019-01-28 05:25:05, 단풍국 코스트코인데 직원이 한국인인듯? ㄷ ㄷ ㄷ ,10709,84,0,0
2019-01-28 14:25:13.572430,13103178,6,0,2019-01-28 05:25:05, 단풍국 코스트코인데 직원이 한국인인듯? ㄷ ㄷ ㄷ ,10747,38,0,0
2019-01-28 15:25:06.091577,13103178,6,0,2019-01-28 05:25:05, 단풍국 코스트코인데 직원이 한국인인듯? ㄷ ㄷ ㄷ ,10771,24,0,0
2019-01-28 16:25:11.185727,13103178,6,0,2019-01-28 05:25:05, 단풍국 코스트코인데 직원이 한국인인듯? ㄷ ㄷ ㄷ ,10804,33,0,0
2019-01-28 17:25:16.297147,13103178,6,0,2019-01-28 05:25:05, 단풍국 코스트코인데 직원이 한국인인듯? ㄷ ㄷ ㄷ ,10827,23,0,0
2019-01-28 18:25:08.321166,13103178,6,0,2019-01-28 05:25:05, 단풍국 코스트코인데 직원이 한국인인듯? ㄷ ㄷ ㄷ ,10836,9,0,0
2019-01-28 19:25:13.361087,13103178,6,0,2019-01-28 05:25:05, 단풍국 코스트코인데 직원이 한국인인듯? ㄷ ㄷ ㄷ ,10849,13,0,0
2019-01-28 20:25:05.491914,13103178,6,0,2019-01-28 05:25:05, 단풍국 코스트코인데 직원이 한국인인듯? ㄷ ㄷ ㄷ ,10859,10,0,0
2019-01-28 21:25:10.524028,13103178,6,0,2019-01-28 05:25:05, 단풍국 코스트코인데 직원이 한국인인듯? ㄷ ㄷ ㄷ ,10868,9,0,0
2019-01-28 22:25:15.608906,13103178,6,0,2019-01-28 05:25:05, 단풍국 코스트코인데 직원이 한국인인듯? ㄷ ㄷ ㄷ ,10881,13,0,0
2019-01-28 23:25:07.713034,13103178,6,0,2019-01-28 05:25:05, 단풍국 코스트코인데 직원이 한국인인듯? ㄷ ㄷ ㄷ ,10887,6,0,0
2019-01-29 00:25:12.831045,13103178,6,0,2019-01-28 05:25:05, 단풍국 코스트코인데 직원이 한국인인듯? ㄷ ㄷ ㄷ ,10899,12,0,0
2019-01-29 01:25:17.927141,13103178,6,0,2019-01-28 05:25:05, 단풍국 코스트코인데 직원이 한국인인듯? ㄷ ㄷ ㄷ ,10906,7,0,0
2019-01-29 02:25:10.008151,13103178,6,0,2019-01-28 05:25:05, 단풍국 코스트코인데 직원이 한국인인듯? ㄷ ㄷ ㄷ ,10908,2,0,0
2019-01-29 03:25:15.077546,13103178,6,0,2019-01-28 05:25:05, 단풍국 코스트코인데 직원이 한국인인듯? ㄷ ㄷ ㄷ ,10913,5,0,0
2019-01-29 04:25:07.141121,13103178,6,0,2019-01-28 05:25:05, 단풍국 코스트코인데 직원이 한국인인듯? ㄷ ㄷ ㄷ ,10914,1,0,0
2019-01-29 05:25:12.195055,13103178,6,0,2019-01-28 05:25:05, 단풍국 코스트코인데 직원이 한국인인듯? ㄷ ㄷ ㄷ ,10918,4,0,0
