check_time,id,post_reply,post_symph,post_time,post_title,post_view,post_view_diff,post_reply_diff,post_symph_diff
2019-01-30 06:45:10.911337,13110594,6,0,2019-01-30 05:45:00, 스위스에서 해봤습니다 fast.com ,1248,1248,6,0
2019-01-30 07:45:03.742668,13110594,6,0,2019-01-30 05:45:00, 스위스에서 해봤습니다 fast.com ,2091,843,0,0
2019-01-30 08:45:08.805762,13110594,6,0,2019-01-30 05:45:00, 스위스에서 해봤습니다 fast.com ,2508,417,0,0
2019-01-30 09:45:00.820480,13110594,6,0,2019-01-30 05:45:00, 스위스에서 해봤습니다 fast.com ,2658,150,0,0
2019-01-30 10:45:05.926854,13110594,6,0,2019-01-30 05:45:00, 스위스에서 해봤습니다 fast.com ,2698,40,0,0
2019-01-30 11:45:10.913643,13110594,6,0,2019-01-30 05:45:00, 스위스에서 해봤습니다 fast.com ,2719,21,0,0
2019-01-30 12:45:03.203036,13110594,6,0,2019-01-30 05:45:00, 스위스에서 해봤습니다 fast.com ,2730,11,0,0
2019-01-30 13:45:08.268789,13110594,6,0,2019-01-30 05:45:00, 스위스에서 해봤습니다 fast.com ,2740,10,0,0
2019-01-30 14:45:00.519970,13110594,6,0,2019-01-30 05:45:00, 스위스에서 해봤습니다 fast.com ,2746,6,0,0
2019-01-30 15:45:05.629630,13110594,6,0,2019-01-30 05:45:00, 스위스에서 해봤습니다 fast.com ,2750,4,0,0
2019-01-30 16:45:10.964275,13110594,6,0,2019-01-30 05:45:00, 스위스에서 해봤습니다 fast.com ,2755,5,0,0
2019-01-30 17:45:02.990052,13110594,6,0,2019-01-30 05:45:00, 스위스에서 해봤습니다 fast.com ,2759,4,0,0
2019-01-30 18:45:08.059184,13110594,6,0,2019-01-30 05:45:00, 스위스에서 해봤습니다 fast.com ,2763,4,0,0
2019-01-30 19:45:00.163288,13110594,6,0,2019-01-30 05:45:00, 스위스에서 해봤습니다 fast.com ,2764,1,0,0
2019-01-30 20:45:05.613375,13110594,6,0,2019-01-30 05:45:00, 스위스에서 해봤습니다 fast.com ,2767,3,0,0
2019-01-30 21:45:10.705495,13110594,6,0,2019-01-30 05:45:00, 스위스에서 해봤습니다 fast.com ,2769,2,0,0
2019-01-30 22:45:02.869505,13110594,6,0,2019-01-30 05:45:00, 스위스에서 해봤습니다 fast.com ,2771,2,0,0
2019-01-30 23:45:08.027600,13110594,6,0,2019-01-30 05:45:00, 스위스에서 해봤습니다 fast.com ,2775,4,0,0
2019-01-31 00:45:00.140038,13110594,6,0,2019-01-30 05:45:00, 스위스에서 해봤습니다 fast.com ,2778,3,0,0
2019-01-31 01:45:05.301806,13110594,6,0,2019-01-30 05:45:00, 스위스에서 해봤습니다 fast.com ,2781,3,0,0
2019-01-31 02:45:10.353461,13110594,6,0,2019-01-30 05:45:00, 스위스에서 해봤습니다 fast.com ,2783,2,0,0
2019-01-31 03:45:02.453291,13110594,6,0,2019-01-30 05:45:00, 스위스에서 해봤습니다 fast.com ,2784,1,0,0
2019-01-31 04:45:07.546012,13110594,6,0,2019-01-30 05:45:00, 스위스에서 해봤습니다 fast.com ,2788,4,0,0
2019-01-31 05:45:12.699738,13110594,6,0,2019-01-30 05:45:00, 스위스에서 해봤습니다 fast.com ,2790,2,0,0
