check_time,id,post_reply,post_symph,post_time,post_title,post_view,post_view_diff,post_reply_diff,post_symph_diff
2019-01-25 06:35:22.045607,13092301,1,0,2019-01-25 05:35:21, 베트남 대진운이 별로네요... ,1499,1499,1,0
2019-01-25 07:35:27.095134,13092301,2,0,2019-01-25 05:35:21, 베트남 대진운이 별로네요... ,3218,1719,1,0
2019-01-25 08:35:32.140598,13092301,2,0,2019-01-25 05:35:21, 베트남 대진운이 별로네요... ,4484,1266,0,0
2019-01-25 09:35:24.176181,13092301,2,0,2019-01-25 05:35:21, 베트남 대진운이 별로네요... ,4965,481,0,0
2019-01-25 10:35:29.231909,13092301,2,0,2019-01-25 05:35:21, 베트남 대진운이 별로네요... ,5090,125,0,0
2019-01-25 11:35:21.261125,13092301,2,0,2019-01-25 05:35:21, 베트남 대진운이 별로네요... ,5152,62,0,0
2019-01-25 12:35:26.309250,13092301,2,0,2019-01-25 05:35:21, 베트남 대진운이 별로네요... ,5189,37,0,0
2019-01-25 13:35:31.499415,13092301,2,0,2019-01-25 05:35:21, 베트남 대진운이 별로네요... ,5206,17,0,0
2019-01-25 14:35:23.540483,13092301,2,0,2019-01-25 05:35:21, 베트남 대진운이 별로네요... ,5219,13,0,0
2019-01-25 15:35:28.596367,13092301,2,0,2019-01-25 05:35:21, 베트남 대진운이 별로네요... ,5231,12,0,0
2019-01-25 16:35:33.601106,13092301,2,0,2019-01-25 05:35:21, 베트남 대진운이 별로네요... ,5235,4,0,0
2019-01-25 17:35:25.640006,13092301,2,0,2019-01-25 05:35:21, 베트남 대진운이 별로네요... ,5241,6,0,0
2019-01-25 18:35:30.650206,13092301,2,0,2019-01-25 05:35:21, 베트남 대진운이 별로네요... ,5247,6,0,0
2019-01-25 19:35:22.638095,13092301,2,0,2019-01-25 05:35:21, 베트남 대진운이 별로네요... ,5253,6,0,0
2019-01-25 20:35:27.694895,13092301,2,0,2019-01-25 05:35:21, 베트남 대진운이 별로네요... ,5254,1,0,0
2019-01-25 21:35:32.826239,13092301,2,0,2019-01-25 05:35:21, 베트남 대진운이 별로네요... ,5256,2,0,0
2019-01-25 22:35:25.000027,13092301,2,0,2019-01-25 05:35:21, 베트남 대진운이 별로네요... ,5258,2,0,0
2019-01-25 23:35:30.121539,13092301,2,0,2019-01-25 05:35:21, 베트남 대진운이 별로네요... ,5263,5,0,0
2019-01-26 00:35:22.409894,13092301,2,0,2019-01-25 05:35:21, 베트남 대진운이 별로네요... ,5265,2,0,0
2019-01-26 01:35:27.547914,13092301,2,0,2019-01-25 05:35:21, 베트남 대진운이 별로네요... ,5267,2,0,0
2019-01-26 02:35:32.689802,13092301,2,0,2019-01-25 05:35:21, 베트남 대진운이 별로네요... ,5270,3,0,0
2019-01-26 03:35:24.776124,13092301,2,0,2019-01-25 05:35:21, 베트남 대진운이 별로네요... ,5272,2,0,0
2019-01-26 04:35:29.847598,13092301,2,0,2019-01-25 05:35:21, 베트남 대진운이 별로네요... ,5273,1,0,0
2019-01-26 05:35:21.847541,13092301,2,0,2019-01-25 05:35:21, 베트남 대진운이 별로네요... ,5274,1,0,0
