check_time,id,post_reply,post_symph,post_time,post_title,post_view,post_view_diff,post_reply_diff,post_symph_diff
2019-01-24 06:38:00.536084,13087802,4,0,2019-01-24 05:37:54, 남자친구 이별 장면을 보니 ,1467,1467,4,0
2019-01-24 07:38:05.697551,13087802,7,0,2019-01-24 05:37:54, 남자친구 이별 장면을 보니 ,2848,1381,3,0
2019-01-24 08:37:57.863123,13087802,7,0,2019-01-24 05:37:54, 남자친구 이별 장면을 보니 ,3694,846,0,0
2019-01-24 09:38:02.983123,13087802,7,0,2019-01-24 05:37:54, 남자친구 이별 장면을 보니 ,3987,293,0,0
2019-01-24 10:37:55.080248,13087802,7,0,2019-01-24 05:37:54, 남자친구 이별 장면을 보니 ,4114,127,0,0
2019-01-24 11:38:00.211177,13087802,7,0,2019-01-24 05:37:54, 남자친구 이별 장면을 보니 ,4163,49,0,0
2019-01-24 12:38:05.559817,13087802,7,0,2019-01-24 05:37:54, 남자친구 이별 장면을 보니 ,4196,33,0,0
2019-01-24 13:37:57.817572,13087802,7,0,2019-01-24 05:37:54, 남자친구 이별 장면을 보니 ,4219,23,0,0
2019-01-24 14:38:02.860806,13087802,7,0,2019-01-24 05:37:54, 남자친구 이별 장면을 보니 ,4229,10,0,0
2019-01-24 15:37:55.071450,13087802,7,0,2019-01-24 05:37:54, 남자친구 이별 장면을 보니 ,4239,10,0,0
2019-01-24 16:38:00.137909,13087802,7,0,2019-01-24 05:37:54, 남자친구 이별 장면을 보니 ,4249,10,0,0
2019-01-24 17:38:05.310527,13087802,7,0,2019-01-24 05:37:54, 남자친구 이별 장면을 보니 ,4263,14,0,0
2019-01-24 18:37:57.374446,13087802,7,0,2019-01-24 05:37:54, 남자친구 이별 장면을 보니 ,4271,8,0,0
2019-01-24 19:38:02.387228,13087802,7,0,2019-01-24 05:37:54, 남자친구 이별 장면을 보니 ,4275,4,0,0
2019-01-24 20:37:54.682250,13087802,7,0,2019-01-24 05:37:54, 남자친구 이별 장면을 보니 ,4281,6,0,0
2019-01-24 21:37:59.717826,13087802,7,0,2019-01-24 05:37:54, 남자친구 이별 장면을 보니 ,4285,4,0,0
2019-01-24 22:38:04.783571,13087802,7,0,2019-01-24 05:37:54, 남자친구 이별 장면을 보니 ,4289,4,0,0
2019-01-24 23:37:56.849066,13087802,7,0,2019-01-24 05:37:54, 남자친구 이별 장면을 보니 ,4294,5,0,0
2019-01-25 00:38:01.951950,13087802,7,0,2019-01-24 05:37:54, 남자친구 이별 장면을 보니 ,4300,6,0,0
2019-01-25 01:37:54.024882,13087802,7,0,2019-01-24 05:37:54, 남자친구 이별 장면을 보니 ,4307,7,0,0
2019-01-25 02:37:58.999039,13087802,7,0,2019-01-24 05:37:54, 남자친구 이별 장면을 보니 ,4311,4,0,0
2019-01-25 03:38:04.003868,13087802,7,0,2019-01-24 05:37:54, 남자친구 이별 장면을 보니 ,4314,3,0,0
2019-01-25 04:37:56.283867,13087802,7,0,2019-01-24 05:37:54, 남자친구 이별 장면을 보니 ,4315,1,0,0
2019-01-25 05:38:01.320170,13087802,7,0,2019-01-24 05:37:54, 남자친구 이별 장면을 보니 ,4317,2,0,0
