check_time,id,post_reply,post_symph,post_time,post_title,post_view,post_view_diff,post_reply_diff,post_symph_diff
2019-01-27 06:15:48.704543,13100184,15,0,2019-01-27 05:15:47, 미국 대박 밥집 ,1729,1729,15,0
2019-01-27 07:15:53.717362,13100184,20,0,2019-01-27 05:15:47, 미국 대박 밥집 ,3348,1619,5,0
2019-01-27 08:15:58.743743,13100184,22,0,2019-01-27 05:15:47, 미국 대박 밥집 ,5616,2268,2,0
2019-01-27 09:15:50.848264,13100184,27,0,2019-01-27 05:15:47, 미국 대박 밥집 ,8670,3054,5,0
2019-01-27 10:15:55.890490,13100184,52,0,2019-01-27 05:15:47, 미국 대박 밥집 ,15303,6633,25,0
2019-01-27 11:15:48.407496,13100184,73,0,2019-01-27 05:15:47, 미국 대박 밥집 ,20957,5654,21,0
2019-01-27 12:15:53.519530,13100184,77,1,2019-01-27 05:15:47, 미국 대박 밥집 ,25517,4560,4,1
2019-01-27 13:15:58.639073,13100184,91,1,2019-01-27 05:15:47, 미국 대박 밥집 ,29248,3731,14,0
2019-01-27 14:15:50.742376,13100184,96,3,2019-01-27 05:15:47, 미국 대박 밥집 ,32854,3606,5,2
2019-01-27 15:15:55.804567,13100184,104,3,2019-01-27 05:15:47, 미국 대박 밥집 ,36019,3165,8,0
2019-01-27 16:15:47.842520,13100184,111,4,2019-01-27 05:15:47, 미국 대박 밥집 ,39011,2992,7,1
2019-01-27 17:15:52.898714,13100184,118,4,2019-01-27 05:15:47, 미국 대박 밥집 ,41768,2757,7,0
2019-01-27 18:15:57.919516,13100184,118,4,2019-01-27 05:15:47, 미국 대박 밥집 ,41967,199,0,0
2019-01-27 19:15:50.012323,13100184,118,4,2019-01-27 05:15:47, 미국 대박 밥집 ,42046,79,0,0
2019-01-27 20:15:55.097637,13100184,118,4,2019-01-27 05:15:47, 미국 대박 밥집 ,42101,55,0,0
2019-01-27 21:15:47.243423,13100184,118,4,2019-01-27 05:15:47, 미국 대박 밥집 ,42164,63,0,0
2019-01-27 22:15:52.324274,13100184,118,4,2019-01-27 05:15:47, 미국 대박 밥집 ,42218,54,0,0
2019-01-27 23:15:57.334452,13100184,118,4,2019-01-27 05:15:47, 미국 대박 밥집 ,42281,63,0,0
2019-01-28 00:15:49.413962,13100184,118,4,2019-01-27 05:15:47, 미국 대박 밥집 ,42313,32,0,0
2019-01-28 01:15:54.453156,13100184,118,4,2019-01-27 05:15:47, 미국 대박 밥집 ,42358,45,0,0
2019-01-28 02:15:59.491215,13100184,118,4,2019-01-27 05:15:47, 미국 대박 밥집 ,42385,27,0,0
2019-01-28 03:15:51.527225,13100184,118,4,2019-01-27 05:15:47, 미국 대박 밥집 ,42404,19,0,0
2019-01-28 04:15:56.843775,13100184,118,4,2019-01-27 05:15:47, 미국 대박 밥집 ,42418,14,0,0
2019-01-28 05:15:48.919373,13100184,118,4,2019-01-27 05:15:47, 미국 대박 밥집 ,42423,5,0,0
