check_time,id,post_reply,post_symph,post_time,post_title,post_view,post_view_diff,post_reply_diff,post_symph_diff
2019-02-01 06:25:43.045891,13118504,9,0,2019-02-01 05:25:36, 메가박카스콤보...라고 ㅋㅋㅋㅋ ,992,992,9,0
2019-02-01 07:25:48.162972,13118504,10,0,2019-02-01 05:25:36, 메가박카스콤보...라고 ㅋㅋㅋㅋ ,1949,957,1,0
2019-02-01 08:25:40.465951,13118504,11,0,2019-02-01 05:25:36, 메가박카스콤보...라고 ㅋㅋㅋㅋ ,2863,914,1,0
2019-02-01 09:25:45.580563,13118504,11,0,2019-02-01 05:25:36, 메가박카스콤보...라고 ㅋㅋㅋㅋ ,3289,426,0,0
2019-02-01 10:25:37.593548,13118504,11,0,2019-02-01 05:25:36, 메가박카스콤보...라고 ㅋㅋㅋㅋ ,3442,153,0,0
2019-02-01 11:25:42.690482,13118504,11,0,2019-02-01 05:25:36, 메가박카스콤보...라고 ㅋㅋㅋㅋ ,3491,49,0,0
2019-02-01 12:25:47.722665,13118504,11,0,2019-02-01 05:25:36, 메가박카스콤보...라고 ㅋㅋㅋㅋ ,3513,22,0,0
2019-02-01 13:25:39.830907,13118504,11,0,2019-02-01 05:25:36, 메가박카스콤보...라고 ㅋㅋㅋㅋ ,3529,16,0,0
2019-02-01 14:25:44.959371,13118504,11,0,2019-02-01 05:25:36, 메가박카스콤보...라고 ㅋㅋㅋㅋ ,3546,17,0,0
2019-02-01 15:25:37.090561,13118504,11,0,2019-02-01 05:25:36, 메가박카스콤보...라고 ㅋㅋㅋㅋ ,3559,13,0,0
2019-02-01 16:25:42.267726,13118504,11,0,2019-02-01 05:25:36, 메가박카스콤보...라고 ㅋㅋㅋㅋ ,3571,12,0,0
2019-02-01 17:25:47.367464,13118504,11,0,2019-02-01 05:25:36, 메가박카스콤보...라고 ㅋㅋㅋㅋ ,3577,6,0,0
2019-02-01 18:25:39.719077,13118504,11,0,2019-02-01 05:25:36, 메가박카스콤보...라고 ㅋㅋㅋㅋ ,3582,5,0,0
2019-02-01 19:25:44.846972,13118504,11,0,2019-02-01 05:25:36, 메가박카스콤보...라고 ㅋㅋㅋㅋ ,3587,5,0,0
2019-02-01 20:25:36.869322,13118504,11,0,2019-02-01 05:25:36, 메가박카스콤보...라고 ㅋㅋㅋㅋ ,3590,3,0,0
2019-02-01 21:25:42.002228,13118504,11,0,2019-02-01 05:25:36, 메가박카스콤보...라고 ㅋㅋㅋㅋ ,3591,1,0,0
2019-02-01 22:25:47.107031,13118504,11,0,2019-02-01 05:25:36, 메가박카스콤보...라고 ㅋㅋㅋㅋ ,3594,3,0,0
2019-02-01 23:25:39.149834,13118504,11,0,2019-02-01 05:25:36, 메가박카스콤보...라고 ㅋㅋㅋㅋ ,3602,8,0,0
2019-02-02 00:25:44.172450,13118504,11,0,2019-02-01 05:25:36, 메가박카스콤보...라고 ㅋㅋㅋㅋ ,3604,2,0,0
2019-02-02 01:25:36.166383,13118504,11,0,2019-02-01 05:25:36, 메가박카스콤보...라고 ㅋㅋㅋㅋ ,3606,2,0,0
2019-02-02 02:25:41.171969,13118504,11,0,2019-02-01 05:25:36, 메가박카스콤보...라고 ㅋㅋㅋㅋ ,3608,2,0,0
2019-02-02 03:25:46.230453,13118504,11,0,2019-02-01 05:25:36, 메가박카스콤보...라고 ㅋㅋㅋㅋ ,3612,4,0,0
2019-02-02 04:25:38.326756,13118504,11,0,2019-02-01 05:25:36, 메가박카스콤보...라고 ㅋㅋㅋㅋ ,3614,2,0,0
2019-02-02 05:25:43.371638,13118504,11,0,2019-02-01 05:25:36, 메가박카스콤보...라고 ㅋㅋㅋㅋ ,3616,2,0,0
