check_time,id,post_reply,post_symph,post_time,post_title,post_view,post_view_diff,post_reply_diff,post_symph_diff
2019-01-24 06:35:18.297225,13087800,7,0,2019-01-24 05:35:10, 그랜드캐년 사건은 안타깝네요. ,1808,1808,7,0
2019-01-24 07:35:10.347044,13087800,9,0,2019-01-24 05:35:10, 그랜드캐년 사건은 안타깝네요. ,3302,1494,2,0
2019-01-24 08:35:15.440111,13087800,12,0,2019-01-24 05:35:10, 그랜드캐년 사건은 안타깝네요. ,4231,929,3,0
2019-01-24 09:35:20.541290,13087800,12,0,2019-01-24 05:35:10, 그랜드캐년 사건은 안타깝네요. ,4602,371,0,0
2019-01-24 10:35:12.563120,13087800,12,1,2019-01-24 05:35:10, 그랜드캐년 사건은 안타깝네요. ,4739,137,0,1
2019-01-24 11:35:17.662341,13087800,12,1,2019-01-24 05:35:10, 그랜드캐년 사건은 안타깝네요. ,4811,72,0,0
2019-01-24 12:35:22.783553,13087800,12,1,2019-01-24 05:35:10, 그랜드캐년 사건은 안타깝네요. ,4857,46,0,0
2019-01-24 13:35:14.918330,13087800,12,1,2019-01-24 05:35:10, 그랜드캐년 사건은 안타깝네요. ,4886,29,0,0
2019-01-24 14:35:20.044185,13087800,12,1,2019-01-24 05:35:10, 그랜드캐년 사건은 안타깝네요. ,4897,11,0,0
2019-01-24 15:35:12.171179,13087800,12,1,2019-01-24 05:35:10, 그랜드캐년 사건은 안타깝네요. ,4906,9,0,0
2019-01-24 16:35:17.261274,13087800,12,1,2019-01-24 05:35:10, 그랜드캐년 사건은 안타깝네요. ,4910,4,0,0
2019-01-24 17:35:22.313970,13087800,12,1,2019-01-24 05:35:10, 그랜드캐년 사건은 안타깝네요. ,4921,11,0,0
2019-01-24 18:35:14.387040,13087800,12,1,2019-01-24 05:35:10, 그랜드캐년 사건은 안타깝네요. ,4926,5,0,0
2019-01-24 19:35:19.584486,13087800,12,1,2019-01-24 05:35:10, 그랜드캐년 사건은 안타깝네요. ,4939,13,0,0
2019-01-24 20:35:11.713284,13087800,12,1,2019-01-24 05:35:10, 그랜드캐년 사건은 안타깝네요. ,4945,6,0,0
2019-01-24 21:35:16.833636,13087800,12,1,2019-01-24 05:35:10, 그랜드캐년 사건은 안타깝네요. ,4950,5,0,0
2019-01-24 22:35:22.159515,13087800,12,1,2019-01-24 05:35:10, 그랜드캐년 사건은 안타깝네요. ,4960,10,0,0
2019-01-24 23:35:14.243681,13087800,12,1,2019-01-24 05:35:10, 그랜드캐년 사건은 안타깝네요. ,4964,4,0,0
2019-01-25 00:35:19.308090,13087800,12,1,2019-01-24 05:35:10, 그랜드캐년 사건은 안타깝네요. ,4969,5,0,0
2019-01-25 01:35:11.319426,13087800,12,1,2019-01-24 05:35:10, 그랜드캐년 사건은 안타깝네요. ,4972,3,0,0
2019-01-25 02:35:16.298148,13087800,12,1,2019-01-24 05:35:10, 그랜드캐년 사건은 안타깝네요. ,4975,3,0,0
2019-01-25 03:35:21.360856,13087800,12,1,2019-01-24 05:35:10, 그랜드캐년 사건은 안타깝네요. ,4979,4,0,0
2019-01-25 04:35:13.348137,13087800,12,1,2019-01-24 05:35:10, 그랜드캐년 사건은 안타깝네요. ,4982,3,0,0
2019-01-25 05:35:18.360994,13087800,12,1,2019-01-24 05:35:10, 그랜드캐년 사건은 안타깝네요. ,4984,2,0,0
