check_time,id,post_reply,post_symph,post_time,post_title,post_view,post_view_diff,post_reply_diff,post_symph_diff
2019-02-01 06:16:17.362413,13118500,20,0,2019-02-01 05:16:09, 혹시 유럽에서 도난사고 당해본 분 계신가요? ,707,707,20,0
2019-02-01 07:16:09.361212,13118500,26,0,2019-02-01 05:16:09, 혹시 유럽에서 도난사고 당해본 분 계신가요? ,1469,762,6,0
2019-02-01 08:16:14.333724,13118500,33,0,2019-02-01 05:16:09, 혹시 유럽에서 도난사고 당해본 분 계신가요? ,2175,706,7,0
2019-02-01 09:16:19.362202,13118500,33,0,2019-02-01 05:16:09, 혹시 유럽에서 도난사고 당해본 분 계신가요? ,2662,487,0,0
2019-02-01 10:16:11.372982,13118500,34,0,2019-02-01 05:16:09, 혹시 유럽에서 도난사고 당해본 분 계신가요? ,2857,195,1,0
2019-02-01 11:16:16.722464,13118500,34,0,2019-02-01 05:16:09, 혹시 유럽에서 도난사고 당해본 분 계신가요? ,2941,84,0,0
2019-02-01 12:16:21.821761,13118500,34,0,2019-02-01 05:16:09, 혹시 유럽에서 도난사고 당해본 분 계신가요? ,3001,60,0,0
2019-02-01 13:16:13.873740,13118500,34,0,2019-02-01 05:16:09, 혹시 유럽에서 도난사고 당해본 분 계신가요? ,3027,26,0,0
2019-02-01 14:16:18.959238,13118500,34,0,2019-02-01 05:16:09, 혹시 유럽에서 도난사고 당해본 분 계신가요? ,3041,14,0,0
2019-02-01 15:16:11.266299,13118500,34,0,2019-02-01 05:16:09, 혹시 유럽에서 도난사고 당해본 분 계신가요? ,3051,10,0,0
2019-02-01 16:16:16.379180,13118500,34,0,2019-02-01 05:16:09, 혹시 유럽에서 도난사고 당해본 분 계신가요? ,3056,5,0,0
2019-02-01 17:16:21.567126,13118500,34,0,2019-02-01 05:16:09, 혹시 유럽에서 도난사고 당해본 분 계신가요? ,3063,7,0,0
2019-02-01 18:16:13.615822,13118500,34,0,2019-02-01 05:16:09, 혹시 유럽에서 도난사고 당해본 분 계신가요? ,3068,5,0,0
2019-02-01 19:16:18.772847,13118500,34,0,2019-02-01 05:16:09, 혹시 유럽에서 도난사고 당해본 분 계신가요? ,3071,3,0,0
2019-02-01 20:16:11.015449,13118500,34,0,2019-02-01 05:16:09, 혹시 유럽에서 도난사고 당해본 분 계신가요? ,3076,5,0,0
2019-02-01 21:16:16.130478,13118500,34,0,2019-02-01 05:16:09, 혹시 유럽에서 도난사고 당해본 분 계신가요? ,3082,6,0,0
2019-02-01 22:16:21.480943,13118500,34,0,2019-02-01 05:16:09, 혹시 유럽에서 도난사고 당해본 분 계신가요? ,3084,2,0,0
2019-02-01 23:16:13.559698,13118500,34,0,2019-02-01 05:16:09, 혹시 유럽에서 도난사고 당해본 분 계신가요? ,3088,4,0,0
2019-02-02 00:16:18.787952,13118500,34,0,2019-02-01 05:16:09, 혹시 유럽에서 도난사고 당해본 분 계신가요? ,3088,0,0,0
2019-02-02 01:16:10.900068,13118500,34,0,2019-02-01 05:16:09, 혹시 유럽에서 도난사고 당해본 분 계신가요? ,3091,3,0,0
2019-02-02 02:16:16.159876,13118500,34,0,2019-02-01 05:16:09, 혹시 유럽에서 도난사고 당해본 분 계신가요? ,3092,1,0,0
2019-02-02 03:16:21.171175,13118500,34,0,2019-02-01 05:16:09, 혹시 유럽에서 도난사고 당해본 분 계신가요? ,3094,2,0,0
2019-02-02 04:16:13.221804,13118500,34,0,2019-02-01 05:16:09, 혹시 유럽에서 도난사고 당해본 분 계신가요? ,3096,2,0,0
2019-02-02 05:16:18.216138,13118500,34,0,2019-02-01 05:16:09, 혹시 유럽에서 도난사고 당해본 분 계신가요? ,3097,1,0,0
