check_time,id,post_reply,post_symph,post_time,post_title,post_view,post_view_diff,post_reply_diff,post_symph_diff
2019-01-29 06:34:06.019407,13106993,1,1,2019-01-29 05:33:57, 5:30 ,552,552,1,1
2019-01-29 07:33:58.363232,13106993,1,1,2019-01-29 05:33:57, 5:30 ,1113,561,0,0
2019-01-29 08:34:03.537964,13106993,1,1,2019-01-29 05:33:57, 5:30 ,1442,329,0,0
2019-01-29 09:34:08.648039,13106993,1,1,2019-01-29 05:33:57, 5:30 ,1613,171,0,0
2019-01-29 10:34:00.768335,13106993,1,1,2019-01-29 05:33:57, 5:30 ,1676,63,0,0
2019-01-29 11:34:05.892903,13106993,1,1,2019-01-29 05:33:57, 5:30 ,1705,29,0,0
2019-01-29 12:33:58.019960,13106993,1,1,2019-01-29 05:33:57, 5:30 ,1713,8,0,0
2019-01-29 13:34:03.175700,13106993,1,1,2019-01-29 05:33:57, 5:30 ,1722,9,0,0
2019-01-29 14:34:08.318589,13106993,1,1,2019-01-29 05:33:57, 5:30 ,1726,4,0,0
2019-01-29 15:34:00.655751,13106993,1,1,2019-01-29 05:33:57, 5:30 ,1732,6,0,0
2019-01-29 16:34:05.825003,13106993,1,1,2019-01-29 05:33:57, 5:30 ,1737,5,0,0
2019-01-29 17:33:57.975864,13106993,1,1,2019-01-29 05:33:57, 5:30 ,1744,7,0,0
2019-01-29 18:34:03.265541,13106993,1,1,2019-01-29 05:33:57, 5:30 ,1745,1,0,0
2019-01-29 19:34:08.418520,13106993,1,1,2019-01-29 05:33:57, 5:30 ,1747,2,0,0
2019-01-29 20:34:00.532182,13106993,1,1,2019-01-29 05:33:57, 5:30 ,1748,1,0,0
2019-01-29 21:34:05.759366,13106993,1,1,2019-01-29 05:33:57, 5:30 ,1751,3,0,0
2019-01-29 22:33:57.858178,13106993,1,1,2019-01-29 05:33:57, 5:30 ,1753,2,0,0
2019-01-29 23:34:02.999683,13106993,1,1,2019-01-29 05:33:57, 5:30 ,1755,2,0,0
2019-01-30 00:34:08.154459,13106993,1,1,2019-01-29 05:33:57, 5:30 ,1757,2,0,0
2019-01-30 01:34:00.283641,13106993,1,1,2019-01-29 05:33:57, 5:30 ,1759,2,0,0
2019-01-30 02:34:05.438892,13106993,1,1,2019-01-29 05:33:57, 5:30 ,1761,2,0,0
2019-01-30 03:33:57.530671,13106993,1,1,2019-01-29 05:33:57, 5:30 ,1763,2,0,0
2019-01-30 04:34:02.592692,13106993,1,1,2019-01-29 05:33:57, 5:30 ,1764,1,0,0
2019-01-30 05:34:07.764212,13106993,1,1,2019-01-29 05:33:57, 5:30 ,1766,2,0,0
