check_time,id,post_reply,post_symph,post_time,post_title,post_view,post_view_diff,post_reply_diff,post_symph_diff
2019-01-31 06:41:46.222876,13114998,2,0,2019-01-31 05:41:44, 어제보다 날이 그래도 풀린 것 같네요. ,712,712,2,0
2019-01-31 07:41:51.261709,13114998,2,0,2019-01-31 05:41:44, 어제보다 날이 그래도 풀린 것 같네요. ,1154,442,0,0
2019-01-31 08:41:56.498687,13114998,3,0,2019-01-31 05:41:44, 어제보다 날이 그래도 풀린 것 같네요. ,1362,208,1,0
2019-01-31 09:41:48.538185,13114998,4,0,2019-01-31 05:41:44, 어제보다 날이 그래도 풀린 것 같네요. ,1411,49,1,0
2019-01-31 10:41:53.820402,13114998,4,0,2019-01-31 05:41:44, 어제보다 날이 그래도 풀린 것 같네요. ,1439,28,0,0
2019-01-31 11:41:45.874540,13114998,5,0,2019-01-31 05:41:44, 어제보다 날이 그래도 풀린 것 같네요. ,1450,11,1,0
2019-01-31 12:41:50.919208,13114998,5,0,2019-01-31 05:41:44, 어제보다 날이 그래도 풀린 것 같네요. ,1458,8,0,0
2019-01-31 13:41:56.043491,13114998,7,0,2019-01-31 05:41:44, 어제보다 날이 그래도 풀린 것 같네요. ,1466,8,2,0
2019-01-31 14:41:48.261235,13114998,7,0,2019-01-31 05:41:44, 어제보다 날이 그래도 풀린 것 같네요. ,1468,2,0,0
2019-01-31 15:41:53.486207,13114998,7,0,2019-01-31 05:41:44, 어제보다 날이 그래도 풀린 것 같네요. ,1469,1,0,0
2019-01-31 16:41:45.816366,13114998,7,0,2019-01-31 05:41:44, 어제보다 날이 그래도 풀린 것 같네요. ,1471,2,0,0
2019-01-31 17:41:50.944520,13114998,7,0,2019-01-31 05:41:44, 어제보다 날이 그래도 풀린 것 같네요. ,1474,3,0,0
2019-01-31 18:41:56.573357,13114998,7,0,2019-01-31 05:41:44, 어제보다 날이 그래도 풀린 것 같네요. ,1477,3,0,0
2019-01-31 19:41:48.990620,13114998,7,0,2019-01-31 05:41:44, 어제보다 날이 그래도 풀린 것 같네요. ,1478,1,0,0
2019-01-31 20:41:54.393123,13114998,7,0,2019-01-31 05:41:44, 어제보다 날이 그래도 풀린 것 같네요. ,1482,4,0,0
2019-01-31 21:41:46.606052,13114998,7,0,2019-01-31 05:41:44, 어제보다 날이 그래도 풀린 것 같네요. ,1483,1,0,0
2019-01-31 22:41:51.922534,13114998,7,0,2019-01-31 05:41:44, 어제보다 날이 그래도 풀린 것 같네요. ,1485,2,0,0
2019-01-31 23:41:44.348519,13114998,7,0,2019-01-31 05:41:44, 어제보다 날이 그래도 풀린 것 같네요. ,1487,2,0,0
2019-02-01 00:41:49.485609,13114998,7,0,2019-01-31 05:41:44, 어제보다 날이 그래도 풀린 것 같네요. ,1488,1,0,0
2019-02-01 01:41:55.243607,13114998,7,0,2019-01-31 05:41:44, 어제보다 날이 그래도 풀린 것 같네요. ,1491,3,0,0
2019-02-01 02:41:48.031163,13114998,7,0,2019-01-31 05:41:44, 어제보다 날이 그래도 풀린 것 같네요. ,1492,1,0,0
2019-02-01 03:41:53.753495,13114998,7,0,2019-01-31 05:41:44, 어제보다 날이 그래도 풀린 것 같네요. ,1493,1,0,0
2019-02-01 04:41:46.221271,13114998,7,0,2019-01-31 05:41:44, 어제보다 날이 그래도 풀린 것 같네요. ,1494,1,0,0
2019-02-01 05:41:51.562531,13114998,7,0,2019-01-31 05:41:44, 어제보다 날이 그래도 풀린 것 같네요. ,1496,2,0,0
