check_time,id,post_reply,post_symph,post_time,post_title,post_view,post_view_diff,post_reply_diff,post_symph_diff
2019-01-30 06:20:01.945734,13110585,1,0,2019-01-30 05:19:50, 희안하게 같은날 firefox 하고 chrome 모두 새버전이 올라왔네요 ,482,482,1,0
2019-01-30 07:19:53.899918,13110585,1,0,2019-01-30 05:19:50, 희안하게 같은날 firefox 하고 chrome 모두 새버전이 올라왔네요 ,884,402,0,0
2019-01-30 08:19:58.899920,13110585,1,0,2019-01-30 05:19:50, 희안하게 같은날 firefox 하고 chrome 모두 새버전이 올라왔네요 ,1145,261,0,0
2019-01-30 09:19:50.939792,13110585,1,0,2019-01-30 05:19:50, 희안하게 같은날 firefox 하고 chrome 모두 새버전이 올라왔네요 ,1252,107,0,0
2019-01-30 10:19:55.996986,13110585,1,0,2019-01-30 05:19:50, 희안하게 같은날 firefox 하고 chrome 모두 새버전이 올라왔네요 ,1276,24,0,0
2019-01-30 11:20:02.023216,13110585,1,0,2019-01-30 05:19:50, 희안하게 같은날 firefox 하고 chrome 모두 새버전이 올라왔네요 ,1292,16,0,0
2019-01-30 12:19:54.171250,13110585,1,0,2019-01-30 05:19:50, 희안하게 같은날 firefox 하고 chrome 모두 새버전이 올라왔네요 ,1298,6,0,0
2019-01-30 13:19:59.316379,13110585,1,0,2019-01-30 05:19:50, 희안하게 같은날 firefox 하고 chrome 모두 새버전이 올라왔네요 ,1304,6,0,0
2019-01-30 14:19:51.523984,13110585,1,0,2019-01-30 05:19:50, 희안하게 같은날 firefox 하고 chrome 모두 새버전이 올라왔네요 ,1313,9,0,0
2019-01-30 15:19:56.652913,13110585,1,0,2019-01-30 05:19:50, 희안하게 같은날 firefox 하고 chrome 모두 새버전이 올라왔네요 ,1315,2,0,0
2019-01-30 16:20:01.693676,13110585,1,0,2019-01-30 05:19:50, 희안하게 같은날 firefox 하고 chrome 모두 새버전이 올라왔네요 ,1319,4,0,0
2019-01-30 17:19:53.769145,13110585,1,0,2019-01-30 05:19:50, 희안하게 같은날 firefox 하고 chrome 모두 새버전이 올라왔네요 ,1322,3,0,0
2019-01-30 18:19:58.820378,13110585,1,0,2019-01-30 05:19:50, 희안하게 같은날 firefox 하고 chrome 모두 새버전이 올라왔네요 ,1325,3,0,0
2019-01-30 19:19:50.989441,13110585,1,0,2019-01-30 05:19:50, 희안하게 같은날 firefox 하고 chrome 모두 새버전이 올라왔네요 ,1331,6,0,0
2019-01-30 20:19:56.216361,13110585,1,0,2019-01-30 05:19:50, 희안하게 같은날 firefox 하고 chrome 모두 새버전이 올라왔네요 ,1337,6,0,0
2019-01-30 21:20:01.255944,13110585,1,0,2019-01-30 05:19:50, 희안하게 같은날 firefox 하고 chrome 모두 새버전이 올라왔네요 ,1340,3,0,0
2019-01-30 22:19:53.413555,13110585,1,0,2019-01-30 05:19:50, 희안하게 같은날 firefox 하고 chrome 모두 새버전이 올라왔네요 ,1344,4,0,0
2019-01-30 23:19:58.520224,13110585,1,0,2019-01-30 05:19:50, 희안하게 같은날 firefox 하고 chrome 모두 새버전이 올라왔네요 ,1348,4,0,0
2019-01-31 00:19:50.563134,13110585,1,0,2019-01-30 05:19:50, 희안하게 같은날 firefox 하고 chrome 모두 새버전이 올라왔네요 ,1349,1,0,0
2019-01-31 01:19:55.666661,13110585,1,0,2019-01-30 05:19:50, 희안하게 같은날 firefox 하고 chrome 모두 새버전이 올라왔네요 ,1352,3,0,0
2019-01-31 02:20:00.706526,13110585,1,0,2019-01-30 05:19:50, 희안하게 같은날 firefox 하고 chrome 모두 새버전이 올라왔네요 ,1352,0,0,0
2019-01-31 03:19:52.766874,13110585,1,0,2019-01-30 05:19:50, 희안하게 같은날 firefox 하고 chrome 모두 새버전이 올라왔네요 ,1354,2,0,0
2019-01-31 04:19:57.795788,13110585,1,0,2019-01-30 05:19:50, 희안하게 같은날 firefox 하고 chrome 모두 새버전이 올라왔네요 ,1359,5,0,0
2019-01-31 05:20:02.860139,13110585,1,0,2019-01-30 05:19:50, 희안하게 같은날 firefox 하고 chrome 모두 새버전이 올라왔네요 ,1361,2,0,0
