check_time,id,post_reply,post_symph,post_time,post_title,post_view,post_view_diff,post_reply_diff,post_symph_diff
2019-01-27 06:26:19.256161,13100189,19,0,2019-01-27 05:26:11, 야동 이제 무조건 구속 중범죄로 다스린다네요 ,1825,1825,19,0
2019-01-27 07:26:11.532657,13100189,23,0,2019-01-27 05:26:11, 야동 이제 무조건 구속 중범죄로 다스린다네요 ,3699,1874,4,0
2019-01-27 08:26:16.547025,13100189,27,0,2019-01-27 05:26:11, 야동 이제 무조건 구속 중범죄로 다스린다네요 ,6061,2362,4,0
2019-01-27 09:26:21.606019,13100189,37,1,2019-01-27 05:26:11, 야동 이제 무조건 구속 중범죄로 다스린다네요 ,8487,2426,10,1
2019-01-27 10:26:13.782319,13100189,57,3,2019-01-27 05:26:11, 야동 이제 무조건 구속 중범죄로 다스린다네요 ,12124,3637,20,2
2019-01-27 11:26:18.809422,13100189,91,4,2019-01-27 05:26:11, 야동 이제 무조건 구속 중범죄로 다스린다네요 ,17273,5149,34,1
2019-01-27 12:26:11.187096,13100189,116,5,2019-01-27 05:26:11, 야동 이제 무조건 구속 중범죄로 다스린다네요 ,21255,3982,25,1
2019-01-27 13:26:16.264296,13100189,146,6,2019-01-27 05:26:11, 야동 이제 무조건 구속 중범죄로 다스린다네요 ,24642,3387,30,1
2019-01-27 14:26:21.375638,13100189,152,7,2019-01-27 05:26:11, 야동 이제 무조건 구속 중범죄로 다스린다네요 ,27429,2787,6,1
2019-01-27 15:26:13.512602,13100189,162,8,2019-01-27 05:26:11, 야동 이제 무조건 구속 중범죄로 다스린다네요 ,30037,2608,10,1
2019-01-27 16:26:18.654179,13100189,169,10,2019-01-27 05:26:11, 야동 이제 무조건 구속 중범죄로 다스린다네요 ,32627,2590,7,2
2019-01-27 17:26:23.815195,13100189,176,10,2019-01-27 05:26:11, 야동 이제 무조건 구속 중범죄로 다스린다네요 ,35289,2662,7,0
2019-01-27 18:26:15.935391,13100189,177,11,2019-01-27 05:26:11, 야동 이제 무조건 구속 중범죄로 다스린다네요 ,35454,165,1,1
2019-01-27 19:26:21.085034,13100189,178,11,2019-01-27 05:26:11, 야동 이제 무조건 구속 중범죄로 다스린다네요 ,35521,67,1,0
2019-01-27 20:26:13.217292,13100189,182,11,2019-01-27 05:26:11, 야동 이제 무조건 구속 중범죄로 다스린다네요 ,35612,91,4,0
2019-01-27 21:26:18.617801,13100189,185,11,2019-01-27 05:26:11, 야동 이제 무조건 구속 중범죄로 다스린다네요 ,35690,78,3,0
2019-01-27 22:26:23.909412,13100189,185,11,2019-01-27 05:26:11, 야동 이제 무조건 구속 중범죄로 다스린다네요 ,35775,85,0,0
2019-01-27 23:26:15.977209,13100189,185,11,2019-01-27 05:26:11, 야동 이제 무조건 구속 중범죄로 다스린다네요 ,35845,70,0,0
2019-01-28 00:26:21.088532,13100189,185,11,2019-01-27 05:26:11, 야동 이제 무조건 구속 중범죄로 다스린다네요 ,35905,60,0,0
2019-01-28 01:26:13.222662,13100189,185,11,2019-01-27 05:26:11, 야동 이제 무조건 구속 중범죄로 다스린다네요 ,35963,58,0,0
2019-01-28 02:26:18.264940,13100189,185,11,2019-01-27 05:26:11, 야동 이제 무조건 구속 중범죄로 다스린다네요 ,35993,30,0,0
2019-01-28 03:26:23.276084,13100189,185,11,2019-01-27 05:26:11, 야동 이제 무조건 구속 중범죄로 다스린다네요 ,36011,18,0,0
2019-01-28 04:26:15.353192,13100189,184,11,2019-01-27 05:26:11, 야동 이제 무조건 구속 중범죄로 다스린다네요 ,36026,15,-1,0
2019-01-28 05:26:20.402731,13100189,184,11,2019-01-27 05:26:11, 야동 이제 무조건 구속 중범죄로 다스린다네요 ,36036,10,0,0
