check_time,id,post_reply,post_symph,post_time,post_title,post_view,post_view_diff,post_reply_diff,post_symph_diff
2019-02-01 06:22:03.720914,13118503,6,0,2019-02-01 05:21:52, 양파즙을 하루에 세개씩 먹으려고 했는데요 ,685,685,6,0
2019-02-01 07:21:55.733746,13118503,7,0,2019-02-01 05:21:52, 양파즙을 하루에 세개씩 먹으려고 했는데요 ,1363,678,1,0
2019-02-01 08:22:00.706143,13118503,7,0,2019-02-01 05:21:52, 양파즙을 하루에 세개씩 먹으려고 했는데요 ,1896,533,0,0
2019-02-01 09:21:52.767814,13118503,7,0,2019-02-01 05:21:52, 양파즙을 하루에 세개씩 먹으려고 했는데요 ,2128,232,0,0
2019-02-01 10:21:58.331609,13118503,8,0,2019-02-01 05:21:52, 양파즙을 하루에 세개씩 먹으려고 했는데요 ,2216,88,1,0
2019-02-01 11:22:03.493330,13118503,8,0,2019-02-01 05:21:52, 양파즙을 하루에 세개씩 먹으려고 했는데요 ,2239,23,0,0
2019-02-01 12:21:55.529322,13118503,8,0,2019-02-01 05:21:52, 양파즙을 하루에 세개씩 먹으려고 했는데요 ,2248,9,0,0
2019-02-01 13:22:00.590991,13118503,8,0,2019-02-01 05:21:52, 양파즙을 하루에 세개씩 먹으려고 했는데요 ,2263,15,0,0
2019-02-01 14:21:52.654540,13118503,8,0,2019-02-01 05:21:52, 양파즙을 하루에 세개씩 먹으려고 했는데요 ,2267,4,0,0
2019-02-01 15:21:57.730328,13118503,8,0,2019-02-01 05:21:52, 양파즙을 하루에 세개씩 먹으려고 했는데요 ,2279,12,0,0
2019-02-01 16:22:02.728240,13118503,8,0,2019-02-01 05:21:52, 양파즙을 하루에 세개씩 먹으려고 했는데요 ,2281,2,0,0
2019-02-01 17:21:54.756968,13118503,8,0,2019-02-01 05:21:52, 양파즙을 하루에 세개씩 먹으려고 했는데요 ,2284,3,0,0
2019-02-01 18:21:59.821841,13118503,8,0,2019-02-01 05:21:52, 양파즙을 하루에 세개씩 먹으려고 했는데요 ,2288,4,0,0
2019-02-01 19:22:04.861518,13118503,8,0,2019-02-01 05:21:52, 양파즙을 하루에 세개씩 먹으려고 했는데요 ,2292,4,0,0
2019-02-01 20:21:56.890174,13118503,8,0,2019-02-01 05:21:52, 양파즙을 하루에 세개씩 먹으려고 했는데요 ,2295,3,0,0
2019-02-01 21:22:01.900247,13118503,8,0,2019-02-01 05:21:52, 양파즙을 하루에 세개씩 먹으려고 했는데요 ,2298,3,0,0
2019-02-01 22:21:53.946529,13118503,8,0,2019-02-01 05:21:52, 양파즙을 하루에 세개씩 먹으려고 했는데요 ,2299,1,0,0
2019-02-01 23:21:59.036742,13118503,8,0,2019-02-01 05:21:52, 양파즙을 하루에 세개씩 먹으려고 했는데요 ,2303,4,0,0
2019-02-02 00:22:04.024368,13118503,8,0,2019-02-01 05:21:52, 양파즙을 하루에 세개씩 먹으려고 했는데요 ,2304,1,0,0
2019-02-02 01:21:56.053280,13118503,8,0,2019-02-01 05:21:52, 양파즙을 하루에 세개씩 먹으려고 했는데요 ,2306,2,0,0
2019-02-02 02:22:01.113345,13118503,8,0,2019-02-01 05:21:52, 양파즙을 하루에 세개씩 먹으려고 했는데요 ,2307,1,0,0
2019-02-02 03:21:53.150959,13118503,8,0,2019-02-01 05:21:52, 양파즙을 하루에 세개씩 먹으려고 했는데요 ,2308,1,0,0
2019-02-02 04:21:58.217595,13118503,8,0,2019-02-01 05:21:52, 양파즙을 하루에 세개씩 먹으려고 했는데요 ,2310,2,0,0
2019-02-02 05:22:03.198059,13118503,8,0,2019-02-01 05:21:52, 양파즙을 하루에 세개씩 먹으려고 했는데요 ,2311,1,0,0
