check_time,id,post_reply,post_symph,post_time,post_title,post_view,post_view_diff,post_reply_diff,post_symph_diff
2019-01-31 06:02:28.886863,13114989,5,0,2019-01-31 05:02:19, 레이져 감성 게임패드. ,800,800,5,0
2019-01-31 07:02:20.913337,13114989,5,0,2019-01-31 05:02:19, 레이져 감성 게임패드. ,1606,806,0,0
2019-01-31 08:02:25.926490,13114989,5,0,2019-01-31 05:02:19, 레이져 감성 게임패드. ,2324,718,0,0
2019-01-31 09:02:30.913405,13114989,5,0,2019-01-31 05:02:19, 레이져 감성 게임패드. ,2702,378,0,0
2019-01-31 10:02:23.229536,13114989,5,0,2019-01-31 05:02:19, 레이져 감성 게임패드. ,2848,146,0,0
2019-01-31 11:02:28.268239,13114989,5,0,2019-01-31 05:02:19, 레이져 감성 게임패드. ,2899,51,0,0
2019-01-31 12:02:20.492875,13114989,5,0,2019-01-31 05:02:19, 레이져 감성 게임패드. ,2925,26,0,0
2019-01-31 13:02:25.492668,13114989,5,0,2019-01-31 05:02:19, 레이져 감성 게임패드. ,2939,14,0,0
2019-01-31 14:02:30.549863,13114989,5,0,2019-01-31 05:02:19, 레이져 감성 게임패드. ,2948,9,0,0
2019-01-31 15:02:22.582084,13114989,5,0,2019-01-31 05:02:19, 레이져 감성 게임패드. ,2953,5,0,0
2019-01-31 16:02:28.032486,13114989,5,0,2019-01-31 05:02:19, 레이져 감성 게임패드. ,2958,5,0,0
2019-01-31 17:02:20.154491,13114989,5,0,2019-01-31 05:02:19, 레이져 감성 게임패드. ,2963,5,0,0
2019-01-31 18:02:25.260346,13114989,5,0,2019-01-31 05:02:19, 레이져 감성 게임패드. ,2967,4,0,0
2019-01-31 19:02:30.320418,13114989,5,0,2019-01-31 05:02:19, 레이져 감성 게임패드. ,2971,4,0,0
2019-01-31 20:02:22.500743,13114989,5,0,2019-01-31 05:02:19, 레이져 감성 게임패드. ,2975,4,0,0
2019-01-31 21:02:27.677202,13114989,5,0,2019-01-31 05:02:19, 레이져 감성 게임패드. ,2979,4,0,0
2019-01-31 22:02:19.717455,13114989,5,0,2019-01-31 05:02:19, 레이져 감성 게임패드. ,2983,4,0,0
2019-01-31 23:02:24.807099,13114989,5,0,2019-01-31 05:02:19, 레이져 감성 게임패드. ,2989,6,0,0
2019-02-01 00:02:29.742836,13114989,5,0,2019-01-31 05:02:19, 레이져 감성 게임패드. ,2991,2,0,0
2019-02-01 01:02:21.795559,13114989,5,0,2019-01-31 05:02:19, 레이져 감성 게임패드. ,2994,3,0,0
2019-02-01 02:02:27.086180,13114989,5,0,2019-01-31 05:02:19, 레이져 감성 게임패드. ,2996,2,0,0
2019-02-01 03:02:19.144314,13114989,5,0,2019-01-31 05:02:19, 레이져 감성 게임패드. ,2996,0,0,0
2019-02-01 04:02:24.146675,13114989,5,0,2019-01-31 05:02:19, 레이져 감성 게임패드. ,2999,3,0,0
2019-02-01 05:02:29.220542,13114989,5,0,2019-01-31 05:02:19, 레이져 감성 게임패드. ,3002,3,0,0
