check_time,id,post_reply,post_symph,post_time,post_title,post_view,post_view_diff,post_reply_diff,post_symph_diff
2019-01-24 06:42:22.746941,13087803,3,0,2019-01-24 05:42:21, 으아... 집에가기 귀찮아서 학교에서 밤 샜는데... ,886,886,3,0
2019-01-24 07:42:27.862301,13087803,3,0,2019-01-24 05:42:21, 으아... 집에가기 귀찮아서 학교에서 밤 샜는데... ,1379,493,0,0
2019-01-24 08:42:33.196975,13087803,3,0,2019-01-24 05:42:21, 으아... 집에가기 귀찮아서 학교에서 밤 샜는데... ,1569,190,0,0
2019-01-24 09:42:27.815944,13087803,3,0,2019-01-24 05:42:21, 으아... 집에가기 귀찮아서 학교에서 밤 샜는데... ,1629,60,0,0
2019-01-24 10:42:32.913282,13087803,3,0,2019-01-24 05:42:21, 으아... 집에가기 귀찮아서 학교에서 밤 샜는데... ,1647,18,0,0
2019-01-24 11:42:24.997123,13087803,3,0,2019-01-24 05:42:21, 으아... 집에가기 귀찮아서 학교에서 밤 샜는데... ,1655,8,0,0
2019-01-24 12:42:30.187639,13087803,3,0,2019-01-24 05:42:21, 으아... 집에가기 귀찮아서 학교에서 밤 샜는데... ,1660,5,0,0
2019-01-24 13:42:22.317388,13087803,3,0,2019-01-24 05:42:21, 으아... 집에가기 귀찮아서 학교에서 밤 샜는데... ,1663,3,0,0
2019-01-24 14:42:27.443102,13087803,3,0,2019-01-24 05:42:21, 으아... 집에가기 귀찮아서 학교에서 밤 샜는데... ,1666,3,0,0
2019-01-24 15:42:32.777453,13087803,3,0,2019-01-24 05:42:21, 으아... 집에가기 귀찮아서 학교에서 밤 샜는데... ,1668,2,0,0
2019-01-24 16:42:24.915433,13087803,3,0,2019-01-24 05:42:21, 으아... 집에가기 귀찮아서 학교에서 밤 샜는데... ,1670,2,0,0
2019-01-24 17:42:30.003874,13087803,3,0,2019-01-24 05:42:21, 으아... 집에가기 귀찮아서 학교에서 밤 샜는데... ,1671,1,0,0
2019-01-24 18:42:22.240511,13087803,3,0,2019-01-24 05:42:21, 으아... 집에가기 귀찮아서 학교에서 밤 샜는데... ,1672,1,0,0
2019-01-24 19:42:27.386714,13087803,3,0,2019-01-24 05:42:21, 으아... 집에가기 귀찮아서 학교에서 밤 샜는데... ,1675,3,0,0
2019-01-24 20:42:32.732607,13087803,3,0,2019-01-24 05:42:21, 으아... 집에가기 귀찮아서 학교에서 밤 샜는데... ,1678,3,0,0
2019-01-24 21:42:24.872992,13087803,3,0,2019-01-24 05:42:21, 으아... 집에가기 귀찮아서 학교에서 밤 샜는데... ,1681,3,0,0
2019-01-24 22:42:30.077440,13087803,3,0,2019-01-24 05:42:21, 으아... 집에가기 귀찮아서 학교에서 밤 샜는데... ,1683,2,0,0
2019-01-24 23:42:22.073649,13087803,3,0,2019-01-24 05:42:21, 으아... 집에가기 귀찮아서 학교에서 밤 샜는데... ,1685,2,0,0
2019-01-25 00:42:27.309599,13087803,3,0,2019-01-24 05:42:21, 으아... 집에가기 귀찮아서 학교에서 밤 샜는데... ,1688,3,0,0
2019-01-25 01:42:32.423872,13087803,3,0,2019-01-24 05:42:21, 으아... 집에가기 귀찮아서 학교에서 밤 샜는데... ,1691,3,0,0
2019-01-25 02:42:24.498418,13087803,3,0,2019-01-24 05:42:21, 으아... 집에가기 귀찮아서 학교에서 밤 샜는데... ,1692,1,0,0
2019-01-25 03:42:29.532238,13087803,3,0,2019-01-24 05:42:21, 으아... 집에가기 귀찮아서 학교에서 밤 샜는데... ,1694,2,0,0
2019-01-25 04:42:21.581171,13087803,3,0,2019-01-24 05:42:21, 으아... 집에가기 귀찮아서 학교에서 밤 샜는데... ,1696,2,0,0
2019-01-25 05:42:26.568088,13087803,3,0,2019-01-24 05:42:21, 으아... 집에가기 귀찮아서 학교에서 밤 샜는데... ,1697,1,0,0
