check_time,id,post_reply,post_symph,post_time,post_title,post_view,post_view_diff,post_reply_diff,post_symph_diff
2019-01-28 06:35:07.640306,13103179,4,0,2019-01-28 05:34:58, 대중탕 많이 가시나요 ,683,683,4,0
2019-01-28 07:34:59.710512,13103179,5,0,2019-01-28 05:34:58, 대중탕 많이 가시나요 ,1246,563,1,0
2019-01-28 08:35:04.743198,13103179,5,0,2019-01-28 05:34:58, 대중탕 많이 가시나요 ,1596,350,0,0
2019-01-28 09:35:09.822333,13103179,5,0,2019-01-28 05:34:58, 대중탕 많이 가시나요 ,1726,130,0,0
2019-01-28 10:35:02.308694,13103179,5,0,2019-01-28 05:34:58, 대중탕 많이 가시나요 ,1763,37,0,0
2019-01-28 11:35:07.399072,13103179,5,0,2019-01-28 05:34:58, 대중탕 많이 가시나요 ,1781,18,0,0
2019-01-28 12:34:59.478949,13103179,5,0,2019-01-28 05:34:58, 대중탕 많이 가시나요 ,1796,15,0,0
2019-01-28 13:35:04.570703,13103179,5,0,2019-01-28 05:34:58, 대중탕 많이 가시나요 ,1802,6,0,0
2019-01-28 14:35:09.821665,13103179,5,0,2019-01-28 05:34:58, 대중탕 많이 가시나요 ,1808,6,0,0
2019-01-28 15:35:01.863639,13103179,5,0,2019-01-28 05:34:58, 대중탕 많이 가시나요 ,1812,4,0,0
2019-01-28 16:35:06.931266,13103179,5,0,2019-01-28 05:34:58, 대중탕 많이 가시나요 ,1816,4,0,0
2019-01-28 17:34:59.097978,13103179,5,0,2019-01-28 05:34:58, 대중탕 많이 가시나요 ,1824,8,0,0
2019-01-28 18:35:04.189778,13103179,5,0,2019-01-28 05:34:58, 대중탕 많이 가시나요 ,1827,3,0,0
2019-01-28 19:35:09.229329,13103179,5,0,2019-01-28 05:34:58, 대중탕 많이 가시나요 ,1829,2,0,0
2019-01-28 20:35:01.386713,13103179,5,0,2019-01-28 05:34:58, 대중탕 많이 가시나요 ,1831,2,0,0
2019-01-28 21:35:06.347001,13103179,5,0,2019-01-28 05:34:58, 대중탕 많이 가시나요 ,1836,5,0,0
2019-01-28 22:34:58.416682,13103179,5,0,2019-01-28 05:34:58, 대중탕 많이 가시나요 ,1837,1,0,0
2019-01-28 23:35:03.489467,13103179,5,0,2019-01-28 05:34:58, 대중탕 많이 가시나요 ,1838,1,0,0
2019-01-29 00:35:08.567110,13103179,5,0,2019-01-28 05:34:58, 대중탕 많이 가시나요 ,1840,2,0,0
2019-01-29 01:35:00.642986,13103179,5,0,2019-01-28 05:34:58, 대중탕 많이 가시나요 ,1843,3,0,0
2019-01-29 02:35:05.916216,13103179,5,0,2019-01-28 05:34:58, 대중탕 많이 가시나요 ,1844,1,0,0
2019-01-29 03:35:10.992898,13103179,5,0,2019-01-28 05:34:58, 대중탕 많이 가시나요 ,1845,1,0,0
2019-01-29 04:35:03.029278,13103179,5,0,2019-01-28 05:34:58, 대중탕 많이 가시나요 ,1846,1,0,0
2019-01-29 05:35:08.017278,13103179,5,0,2019-01-28 05:34:58, 대중탕 많이 가시나요 ,1848,2,0,0
