check_time,id,post_reply,post_symph,post_time,post_title,post_view,post_view_diff,post_reply_diff,post_symph_diff
2019-01-31 06:35:10.083751,13114995,5,0,2019-01-31 05:35:10, 양아치 ,842,842,5,0
2019-01-31 07:35:15.232598,13114995,5,0,2019-01-31 05:35:10, 양아치 ,1367,525,0,0
2019-01-31 08:35:20.332660,13114995,5,0,2019-01-31 05:35:10, 양아치 ,1690,323,0,0
2019-01-31 09:35:12.426608,13114995,5,0,2019-01-31 05:35:10, 양아치 ,1800,110,0,0
2019-01-31 10:35:17.587036,13114995,5,0,2019-01-31 05:35:10, 양아치 ,1857,57,0,0
2019-01-31 11:35:22.719847,13114995,5,0,2019-01-31 05:35:10, 양아치 ,1874,17,0,0
2019-01-31 12:35:14.806984,13114995,5,0,2019-01-31 05:35:10, 양아치 ,1881,7,0,0
2019-01-31 13:35:19.939149,13114995,5,0,2019-01-31 05:35:10, 양아치 ,1899,18,0,0
2019-01-31 14:35:12.089475,13114995,5,0,2019-01-31 05:35:10, 양아치 ,1903,4,0,0
2019-01-31 15:35:17.360410,13114995,5,0,2019-01-31 05:35:10, 양아치 ,1907,4,0,0
2019-01-31 16:35:22.467275,13114995,5,0,2019-01-31 05:35:10, 양아치 ,1910,3,0,0
2019-01-31 17:35:14.533487,13114995,5,0,2019-01-31 05:35:10, 양아치 ,1912,2,0,0
2019-01-31 18:35:19.677155,13114995,5,0,2019-01-31 05:35:10, 양아치 ,1919,7,0,0
2019-01-31 19:35:11.734637,13114995,5,0,2019-01-31 05:35:10, 양아치 ,1927,8,0,0
2019-01-31 20:35:16.760386,13114995,5,0,2019-01-31 05:35:10, 양아치 ,1930,3,0,0
2019-01-31 21:35:22.080618,13114995,5,0,2019-01-31 05:35:10, 양아치 ,1934,4,0,0
2019-01-31 22:35:14.202841,13114995,5,0,2019-01-31 05:35:10, 양아치 ,1935,1,0,0
2019-01-31 23:35:19.241041,13114995,5,0,2019-01-31 05:35:10, 양아치 ,1936,1,0,0
2019-02-01 00:35:11.309044,13114995,5,0,2019-01-31 05:35:10, 양아치 ,1937,1,0,0
2019-02-01 01:35:16.374074,13114995,5,0,2019-01-31 05:35:10, 양아치 ,1942,5,0,0
2019-02-01 02:35:21.414094,13114995,5,0,2019-01-31 05:35:10, 양아치 ,1943,1,0,0
2019-02-01 03:35:13.414991,13114995,5,0,2019-01-31 05:35:10, 양아치 ,1945,2,0,0
2019-02-01 04:35:18.741287,13114995,5,0,2019-01-31 05:35:10, 양아치 ,1946,1,0,0
2019-02-01 05:35:10.868250,13114995,5,0,2019-01-31 05:35:10, 양아치 ,1948,2,0,0
