check_time,id,post_reply,post_symph,post_time,post_title,post_view,post_view_diff,post_reply_diff,post_symph_diff
2019-01-25 06:30:01.650673,13092298,0,0,2019-01-25 05:29:56, 와 새벽2시30분에 잤는데 옆집 웃음소리때문에 잠을깼네요 ,1115,1115,0,0
2019-01-25 07:30:06.677817,13092298,2,0,2019-01-25 05:29:56, 와 새벽2시30분에 잤는데 옆집 웃음소리때문에 잠을깼네요 ,2408,1293,2,0
2019-01-25 08:29:58.967056,13092298,2,0,2019-01-25 05:29:56, 와 새벽2시30분에 잤는데 옆집 웃음소리때문에 잠을깼네요 ,3403,995,0,0
2019-01-25 09:30:03.981286,13092298,2,0,2019-01-25 05:29:56, 와 새벽2시30분에 잤는데 옆집 웃음소리때문에 잠을깼네요 ,3713,310,0,0
2019-01-25 10:30:08.990586,13092298,2,0,2019-01-25 05:29:56, 와 새벽2시30분에 잤는데 옆집 웃음소리때문에 잠을깼네요 ,3826,113,0,0
2019-01-25 11:30:01.020271,13092298,2,0,2019-01-25 05:29:56, 와 새벽2시30분에 잤는데 옆집 웃음소리때문에 잠을깼네요 ,3878,52,0,0
2019-01-25 12:30:06.152165,13092298,2,0,2019-01-25 05:29:56, 와 새벽2시30분에 잤는데 옆집 웃음소리때문에 잠을깼네요 ,3904,26,0,0
2019-01-25 13:29:58.546696,13092298,2,0,2019-01-25 05:29:56, 와 새벽2시30분에 잤는데 옆집 웃음소리때문에 잠을깼네요 ,3921,17,0,0
2019-01-25 14:30:03.702958,13092298,2,0,2019-01-25 05:29:56, 와 새벽2시30분에 잤는데 옆집 웃음소리때문에 잠을깼네요 ,3934,13,0,0
2019-01-25 15:30:08.777392,13092298,2,0,2019-01-25 05:29:56, 와 새벽2시30분에 잤는데 옆집 웃음소리때문에 잠을깼네요 ,3939,5,0,0
2019-01-25 16:30:00.833948,13092298,2,0,2019-01-25 05:29:56, 와 새벽2시30분에 잤는데 옆집 웃음소리때문에 잠을깼네요 ,3943,4,0,0
2019-01-25 17:30:05.904016,13092298,2,0,2019-01-25 05:29:56, 와 새벽2시30분에 잤는데 옆집 웃음소리때문에 잠을깼네요 ,3946,3,0,0
2019-01-25 18:29:58.001907,13092298,2,0,2019-01-25 05:29:56, 와 새벽2시30분에 잤는데 옆집 웃음소리때문에 잠을깼네요 ,3951,5,0,0
2019-01-25 19:30:03.468936,13092298,2,0,2019-01-25 05:29:56, 와 새벽2시30분에 잤는데 옆집 웃음소리때문에 잠을깼네요 ,3952,1,0,0
2019-01-25 20:30:08.817897,13092298,2,0,2019-01-25 05:29:56, 와 새벽2시30분에 잤는데 옆집 웃음소리때문에 잠을깼네요 ,3953,1,0,0
2019-01-25 21:30:00.860954,13092298,2,0,2019-01-25 05:29:56, 와 새벽2시30분에 잤는데 옆집 웃음소리때문에 잠을깼네요 ,3956,3,0,0
2019-01-25 22:30:05.887510,13092298,2,0,2019-01-25 05:29:56, 와 새벽2시30분에 잤는데 옆집 웃음소리때문에 잠을깼네요 ,3957,1,0,0
2019-01-25 23:29:57.860887,13092298,2,0,2019-01-25 05:29:56, 와 새벽2시30분에 잤는데 옆집 웃음소리때문에 잠을깼네요 ,3959,2,0,0
2019-01-26 00:30:03.443321,13092298,2,0,2019-01-25 05:29:56, 와 새벽2시30분에 잤는데 옆집 웃음소리때문에 잠을깼네요 ,3960,1,0,0
2019-01-26 01:30:08.547316,13092298,2,0,2019-01-25 05:29:56, 와 새벽2시30분에 잤는데 옆집 웃음소리때문에 잠을깼네요 ,3963,3,0,0
2019-01-26 02:30:00.620889,13092298,2,0,2019-01-25 05:29:56, 와 새벽2시30분에 잤는데 옆집 웃음소리때문에 잠을깼네요 ,3964,1,0,0
2019-01-26 03:30:05.677333,13092298,2,0,2019-01-25 05:29:56, 와 새벽2시30분에 잤는데 옆집 웃음소리때문에 잠을깼네요 ,3965,1,0,0
2019-01-26 04:29:57.717629,13092298,2,0,2019-01-25 05:29:56, 와 새벽2시30분에 잤는데 옆집 웃음소리때문에 잠을깼네요 ,3969,4,0,0
2019-01-26 05:30:02.783996,13092298,2,0,2019-01-25 05:29:56, 와 새벽2시30분에 잤는데 옆집 웃음소리때문에 잠을깼네요 ,3970,1,0,0
