check_time,id,post_reply,post_symph,post_time,post_title,post_view,post_view_diff,post_reply_diff,post_symph_diff
2019-01-24 06:59:03.632024,13087805,5,0,2019-01-24 05:59:01, 서피스 아크 마우스는 기대보다 좋네요. ,730,730,5,0
2019-01-24 07:59:08.642905,13087805,6,0,2019-01-24 05:59:01, 서피스 아크 마우스는 기대보다 좋네요. ,1211,481,1,0
2019-01-24 08:59:13.706639,13087805,6,0,2019-01-24 05:59:01, 서피스 아크 마우스는 기대보다 좋네요. ,1459,248,0,0
2019-01-24 09:59:05.755703,13087805,7,0,2019-01-24 05:59:01, 서피스 아크 마우스는 기대보다 좋네요. ,1527,68,1,0
2019-01-24 10:59:10.852728,13087805,7,0,2019-01-24 05:59:01, 서피스 아크 마우스는 기대보다 좋네요. ,1547,20,0,0
2019-01-24 11:59:02.946504,13087805,7,0,2019-01-24 05:59:01, 서피스 아크 마우스는 기대보다 좋네요. ,1554,7,0,0
2019-01-24 12:59:08.060049,13087805,7,0,2019-01-24 05:59:01, 서피스 아크 마우스는 기대보다 좋네요. ,1560,6,0,0
2019-01-24 13:59:13.123610,13087805,7,0,2019-01-24 05:59:01, 서피스 아크 마우스는 기대보다 좋네요. ,1564,4,0,0
2019-01-24 14:59:05.216843,13087805,7,0,2019-01-24 05:59:01, 서피스 아크 마우스는 기대보다 좋네요. ,1565,1,0,0
2019-01-24 15:59:10.350474,13087805,7,0,2019-01-24 05:59:01, 서피스 아크 마우스는 기대보다 좋네요. ,1573,8,0,0
2019-01-24 16:59:02.427996,13087805,8,0,2019-01-24 05:59:01, 서피스 아크 마우스는 기대보다 좋네요. ,1581,8,1,0
2019-01-24 17:59:07.587360,13087805,9,0,2019-01-24 05:59:01, 서피스 아크 마우스는 기대보다 좋네요. ,1586,5,1,0
2019-01-24 18:59:12.696122,13087805,9,0,2019-01-24 05:59:01, 서피스 아크 마우스는 기대보다 좋네요. ,1592,6,0,0
2019-01-24 19:59:04.743045,13087805,9,0,2019-01-24 05:59:01, 서피스 아크 마우스는 기대보다 좋네요. ,1595,3,0,0
2019-01-24 20:59:09.793759,13087805,9,0,2019-01-24 05:59:01, 서피스 아크 마우스는 기대보다 좋네요. ,1600,5,0,0
2019-01-24 21:59:01.933578,13087805,9,0,2019-01-24 05:59:01, 서피스 아크 마우스는 기대보다 좋네요. ,1606,6,0,0
2019-01-24 22:59:06.966670,13087805,9,0,2019-01-24 05:59:01, 서피스 아크 마우스는 기대보다 좋네요. ,1610,4,0,0
2019-01-24 23:59:12.223380,13087805,9,0,2019-01-24 05:59:01, 서피스 아크 마우스는 기대보다 좋네요. ,1619,9,0,0
2019-01-25 00:59:04.417885,13087805,9,0,2019-01-24 05:59:01, 서피스 아크 마우스는 기대보다 좋네요. ,1624,5,0,0
2019-01-25 01:59:09.580057,13087805,9,0,2019-01-24 05:59:01, 서피스 아크 마우스는 기대보다 좋네요. ,1626,2,0,0
2019-01-25 02:59:01.692137,13087805,9,0,2019-01-24 05:59:01, 서피스 아크 마우스는 기대보다 좋네요. ,1629,3,0,0
2019-01-25 03:59:06.966246,13087805,9,0,2019-01-24 05:59:01, 서피스 아크 마우스는 기대보다 좋네요. ,1632,3,0,0
2019-01-25 04:59:12.144522,13087805,9,0,2019-01-24 05:59:01, 서피스 아크 마우스는 기대보다 좋네요. ,1635,3,0,0
2019-01-25 05:59:04.419449,13087805,9,0,2019-01-24 05:59:01, 서피스 아크 마우스는 기대보다 좋네요. ,1635,0,0,0
