check_time,id,post_reply,post_symph,post_time,post_title,post_view,post_view_diff,post_reply_diff,post_symph_diff
2019-01-31 06:42:53.795828,13114999,14,0,2019-01-31 05:42:52, 현직 미국 위스콘신입니다 ,1772,1772,14,0
2019-01-31 07:42:58.949480,13114999,17,0,2019-01-31 05:42:52, 현직 미국 위스콘신입니다 ,3212,1440,3,0
2019-01-31 08:43:04.074479,13114999,18,0,2019-01-31 05:42:52, 현직 미국 위스콘신입니다 ,4096,884,1,0
2019-01-31 09:42:56.193824,13114999,24,0,2019-01-31 05:42:52, 현직 미국 위스콘신입니다 ,4514,418,6,0
2019-01-31 10:43:01.370358,13114999,24,0,2019-01-31 05:42:52, 현직 미국 위스콘신입니다 ,4678,164,0,0
2019-01-31 11:42:53.519495,13114999,28,0,2019-01-31 05:42:52, 현직 미국 위스콘신입니다 ,4778,100,4,0
2019-01-31 12:42:58.663155,13114999,29,0,2019-01-31 05:42:52, 현직 미국 위스콘신입니다 ,4849,71,1,0
2019-01-31 13:43:03.821383,13114999,29,0,2019-01-31 05:42:52, 현직 미국 위스콘신입니다 ,4878,29,0,0
2019-01-31 14:42:55.900707,13114999,29,0,2019-01-31 05:42:52, 현직 미국 위스콘신입니다 ,4903,25,0,0
2019-01-31 15:43:00.910799,13114999,29,0,2019-01-31 05:42:52, 현직 미국 위스콘신입니다 ,4917,14,0,0
2019-01-31 16:42:52.967505,13114999,29,0,2019-01-31 05:42:52, 현직 미국 위스콘신입니다 ,4930,13,0,0
2019-01-31 17:42:58.729567,13114999,29,0,2019-01-31 05:42:52, 현직 미국 위스콘신입니다 ,4937,7,0,0
2019-01-31 18:43:03.791344,13114999,29,0,2019-01-31 05:42:52, 현직 미국 위스콘신입니다 ,4948,11,0,0
2019-01-31 19:42:55.751965,13114999,29,0,2019-01-31 05:42:52, 현직 미국 위스콘신입니다 ,4950,2,0,0
2019-01-31 20:43:00.788183,13114999,29,0,2019-01-31 05:42:52, 현직 미국 위스콘신입니다 ,4954,4,0,0
2019-01-31 21:42:52.865604,13114999,29,0,2019-01-31 05:42:52, 현직 미국 위스콘신입니다 ,4957,3,0,0
2019-01-31 22:42:57.951779,13114999,29,0,2019-01-31 05:42:52, 현직 미국 위스콘신입니다 ,4963,6,0,0
2019-01-31 23:43:03.015467,13114999,29,0,2019-01-31 05:42:52, 현직 미국 위스콘신입니다 ,4967,4,0,0
2019-02-01 00:42:55.071721,13114999,29,0,2019-01-31 05:42:52, 현직 미국 위스콘신입니다 ,4968,1,0,0
2019-02-01 01:43:00.120644,13114999,29,0,2019-01-31 05:42:52, 현직 미국 위스콘신입니다 ,4974,6,0,0
2019-02-01 02:42:52.269059,13114999,29,0,2019-01-31 05:42:52, 현직 미국 위스콘신입니다 ,4975,1,0,0
2019-02-01 03:42:57.371145,13114999,29,0,2019-01-31 05:42:52, 현직 미국 위스콘신입니다 ,4978,3,0,0
2019-02-01 04:43:02.485606,13114999,29,0,2019-01-31 05:42:52, 현직 미국 위스콘신입니다 ,4984,6,0,0
2019-02-01 05:42:54.596891,13114999,29,0,2019-01-31 05:42:52, 현직 미국 위스콘신입니다 ,4985,1,0,0
