check_time,id,post_reply,post_symph,post_time,post_title,post_view,post_view_diff,post_reply_diff,post_symph_diff
2019-01-25 06:07:40.058963,13092283,3,4,2019-01-25 05:07:28, 딱 한명씩 작업하는 거 같네요 ,953,953,3,4
2019-01-25 07:07:32.034302,13092283,4,7,2019-01-25 05:07:28, 딱 한명씩 작업하는 거 같네요 ,2198,1245,1,3
2019-01-25 08:07:37.481637,13092283,4,10,2019-01-25 05:07:28, 딱 한명씩 작업하는 거 같네요 ,3394,1196,0,3
2019-01-25 09:07:29.534314,13092283,4,14,2019-01-25 05:07:28, 딱 한명씩 작업하는 거 같네요 ,4081,687,0,4
2019-01-25 10:07:34.678199,13092283,4,16,2019-01-25 05:07:28, 딱 한명씩 작업하는 거 같네요 ,4329,248,0,2
2019-01-25 11:07:40.537548,13092283,4,16,2019-01-25 05:07:28, 딱 한명씩 작업하는 거 같네요 ,4414,85,0,0
2019-01-25 12:07:32.506952,13092283,4,16,2019-01-25 05:07:28, 딱 한명씩 작업하는 거 같네요 ,4457,43,0,0
2019-01-25 13:07:37.797420,13092283,4,16,2019-01-25 05:07:28, 딱 한명씩 작업하는 거 같네요 ,4495,38,0,0
2019-01-25 14:07:29.820593,13092283,4,16,2019-01-25 05:07:28, 딱 한명씩 작업하는 거 같네요 ,4511,16,0,0
2019-01-25 15:07:34.834956,13092283,4,16,2019-01-25 05:07:28, 딱 한명씩 작업하는 거 같네요 ,4533,22,0,0
2019-01-25 16:07:39.873997,13092283,4,16,2019-01-25 05:07:28, 딱 한명씩 작업하는 거 같네요 ,4549,16,0,0
2019-01-25 17:07:31.881690,13092283,4,16,2019-01-25 05:07:28, 딱 한명씩 작업하는 거 같네요 ,4561,12,0,0
2019-01-25 18:07:36.957870,13092283,4,16,2019-01-25 05:07:28, 딱 한명씩 작업하는 거 같네요 ,4570,9,0,0
2019-01-25 19:07:29.080533,13092283,4,16,2019-01-25 05:07:28, 딱 한명씩 작업하는 거 같네요 ,4582,12,0,0
2019-01-25 20:07:34.141353,13092283,4,16,2019-01-25 05:07:28, 딱 한명씩 작업하는 거 같네요 ,4588,6,0,0
2019-01-25 21:07:39.325533,13092283,4,16,2019-01-25 05:07:28, 딱 한명씩 작업하는 거 같네요 ,4592,4,0,0
2019-01-25 22:07:31.394868,13092283,4,16,2019-01-25 05:07:28, 딱 한명씩 작업하는 거 같네요 ,4600,8,0,0
2019-01-25 23:07:36.627413,13092283,4,16,2019-01-25 05:07:28, 딱 한명씩 작업하는 거 같네요 ,4604,4,0,0
2019-01-26 00:07:28.767607,13092283,4,16,2019-01-25 05:07:28, 딱 한명씩 작업하는 거 같네요 ,4613,9,0,0
2019-01-26 01:07:33.911084,13092283,4,16,2019-01-25 05:07:28, 딱 한명씩 작업하는 거 같네요 ,4622,9,0,0
2019-01-26 02:07:38.967768,13092283,4,16,2019-01-25 05:07:28, 딱 한명씩 작업하는 거 같네요 ,4631,9,0,0
2019-01-26 03:07:30.967283,13092283,4,16,2019-01-25 05:07:28, 딱 한명씩 작업하는 거 같네요 ,4633,2,0,0
2019-01-26 04:07:36.085404,13092283,4,16,2019-01-25 05:07:28, 딱 한명씩 작업하는 거 같네요 ,4636,3,0,0
2019-01-26 05:07:28.171099,13092283,4,16,2019-01-25 05:07:28, 딱 한명씩 작업하는 거 같네요 ,4638,2,0,0
