check_time,id,post_reply,post_symph,post_time,post_title,post_view,post_view_diff,post_reply_diff,post_symph_diff
2019-01-24 06:19:17.842811,13087794,8,0,2019-01-24 05:19:13, 현금호송 3일차 나갑니다. ,973,973,8,0
2019-01-24 07:19:22.913348,13087794,9,0,2019-01-24 05:19:13, 현금호송 3일차 나갑니다. ,1821,848,1,0
2019-01-24 08:19:14.966436,13087794,10,0,2019-01-24 05:19:13, 현금호송 3일차 나갑니다. ,2371,550,1,0
2019-01-24 09:19:19.997280,13087794,10,0,2019-01-24 05:19:13, 현금호송 3일차 나갑니다. ,2626,255,0,0
2019-01-24 10:19:25.070528,13087794,10,0,2019-01-24 05:19:13, 현금호송 3일차 나갑니다. ,2688,62,0,0
2019-01-24 11:19:17.125370,13087794,10,0,2019-01-24 05:19:13, 현금호송 3일차 나갑니다. ,2710,22,0,0
2019-01-24 12:19:22.421347,13087794,10,0,2019-01-24 05:19:13, 현금호송 3일차 나갑니다. ,2722,12,0,0
2019-01-24 13:19:14.557545,13087794,10,0,2019-01-24 05:19:13, 현금호송 3일차 나갑니다. ,2737,15,0,0
2019-01-24 14:19:19.710379,13087794,10,0,2019-01-24 05:19:13, 현금호송 3일차 나갑니다. ,2742,5,0,0
2019-01-24 15:19:24.813833,13087794,10,0,2019-01-24 05:19:13, 현금호송 3일차 나갑니다. ,2745,3,0,0
2019-01-24 16:19:16.959964,13087794,10,0,2019-01-24 05:19:13, 현금호송 3일차 나갑니다. ,2751,6,0,0
2019-01-24 17:19:22.094115,13087794,10,0,2019-01-24 05:19:13, 현금호송 3일차 나갑니다. ,2753,2,0,0
2019-01-24 18:19:14.248747,13087794,10,0,2019-01-24 05:19:13, 현금호송 3일차 나갑니다. ,2757,4,0,0
2019-01-24 19:19:19.356618,13087794,10,0,2019-01-24 05:19:13, 현금호송 3일차 나갑니다. ,2759,2,0,0
2019-01-24 20:19:13.904115,13087794,10,0,2019-01-24 05:19:13, 현금호송 3일차 나갑니다. ,2784,25,0,0
2019-01-24 21:19:19.064581,13087794,10,0,2019-01-24 05:19:13, 현금호송 3일차 나갑니다. ,2790,6,0,0
2019-01-24 22:19:24.184451,13087794,10,0,2019-01-24 05:19:13, 현금호송 3일차 나갑니다. ,2792,2,0,0
2019-01-24 23:19:16.324557,13087794,10,0,2019-01-24 05:19:13, 현금호송 3일차 나갑니다. ,2800,8,0,0
2019-01-25 00:19:21.443724,13087794,10,0,2019-01-24 05:19:13, 현금호송 3일차 나갑니다. ,2801,1,0,0
2019-01-25 01:19:13.560102,13087794,10,0,2019-01-24 05:19:13, 현금호송 3일차 나갑니다. ,2804,3,0,0
2019-01-25 02:19:18.708195,13087794,10,0,2019-01-24 05:19:13, 현금호송 3일차 나갑니다. ,2806,2,0,0
2019-01-25 03:19:23.879058,13087794,10,0,2019-01-24 05:19:13, 현금호송 3일차 나갑니다. ,2807,1,0,0
2019-01-25 04:19:16.281489,13087794,10,0,2019-01-24 05:19:13, 현금호송 3일차 나갑니다. ,2808,1,0,0
2019-01-25 05:19:21.362598,13087794,10,0,2019-01-24 05:19:13, 현금호송 3일차 나갑니다. ,2809,1,0,0
