check_time,id,post_reply,post_symph,post_time,post_title,post_view,post_view_diff,post_reply_diff,post_symph_diff
2019-01-31 06:10:51.761131,13114992,3,0,2019-01-31 05:10:43, 와... 이번 도쿄 일정은 정말 죽을 맛이네요. ,806,806,3,0
2019-01-31 07:10:43.773689,13114992,3,0,2019-01-31 05:10:43, 와... 이번 도쿄 일정은 정말 죽을 맛이네요. ,1444,638,0,0
2019-01-31 08:10:52.425763,13114992,3,0,2019-01-31 05:10:43, 와... 이번 도쿄 일정은 정말 죽을 맛이네요. ,1902,458,0,0
2019-01-31 09:10:44.468429,13114992,4,0,2019-01-31 05:10:43, 와... 이번 도쿄 일정은 정말 죽을 맛이네요. ,2090,188,1,0
2019-01-31 10:10:49.466189,13114992,4,0,2019-01-31 05:10:43, 와... 이번 도쿄 일정은 정말 죽을 맛이네요. ,2156,66,0,0
2019-01-31 11:10:54.494090,13114992,4,0,2019-01-31 05:10:43, 와... 이번 도쿄 일정은 정말 죽을 맛이네요. ,2179,23,0,0
2019-01-31 12:10:46.520433,13114992,4,0,2019-01-31 05:10:43, 와... 이번 도쿄 일정은 정말 죽을 맛이네요. ,2187,8,0,0
2019-01-31 13:10:51.641576,13114992,4,0,2019-01-31 05:10:43, 와... 이번 도쿄 일정은 정말 죽을 맛이네요. ,2196,9,0,0
2019-01-31 14:10:43.851218,13114992,4,0,2019-01-31 05:10:43, 와... 이번 도쿄 일정은 정말 죽을 맛이네요. ,2202,6,0,0
2019-01-31 15:10:49.019750,13114992,4,0,2019-01-31 05:10:43, 와... 이번 도쿄 일정은 정말 죽을 맛이네요. ,2206,4,0,0
2019-01-31 16:10:54.147620,13114992,4,0,2019-01-31 05:10:43, 와... 이번 도쿄 일정은 정말 죽을 맛이네요. ,2209,3,0,0
2019-01-31 17:10:46.279136,13114992,4,0,2019-01-31 05:10:43, 와... 이번 도쿄 일정은 정말 죽을 맛이네요. ,2211,2,0,0
2019-01-31 18:10:51.358057,13114992,4,0,2019-01-31 05:10:43, 와... 이번 도쿄 일정은 정말 죽을 맛이네요. ,2215,4,0,0
2019-01-31 19:10:43.710297,13114992,4,0,2019-01-31 05:10:43, 와... 이번 도쿄 일정은 정말 죽을 맛이네요. ,2218,3,0,0
2019-01-31 20:10:48.837085,13114992,4,0,2019-01-31 05:10:43, 와... 이번 도쿄 일정은 정말 죽을 맛이네요. ,2223,5,0,0
2019-01-31 21:10:54.020479,13114992,4,0,2019-01-31 05:10:43, 와... 이번 도쿄 일정은 정말 죽을 맛이네요. ,2225,2,0,0
2019-01-31 22:10:46.243729,13114992,4,0,2019-01-31 05:10:43, 와... 이번 도쿄 일정은 정말 죽을 맛이네요. ,2228,3,0,0
2019-01-31 23:10:51.278499,13114992,4,0,2019-01-31 05:10:43, 와... 이번 도쿄 일정은 정말 죽을 맛이네요. ,2231,3,0,0
2019-02-01 00:10:43.330529,13114992,4,0,2019-01-31 05:10:43, 와... 이번 도쿄 일정은 정말 죽을 맛이네요. ,2232,1,0,0
2019-02-01 01:10:48.599958,13114992,4,0,2019-01-31 05:10:43, 와... 이번 도쿄 일정은 정말 죽을 맛이네요. ,2235,3,0,0
2019-02-01 02:10:53.664417,13114992,4,0,2019-01-31 05:10:43, 와... 이번 도쿄 일정은 정말 죽을 맛이네요. ,2239,4,0,0
2019-02-01 03:10:45.673715,13114992,4,0,2019-01-31 05:10:43, 와... 이번 도쿄 일정은 정말 죽을 맛이네요. ,2241,2,0,0
2019-02-01 04:10:50.837008,13114992,4,0,2019-01-31 05:10:43, 와... 이번 도쿄 일정은 정말 죽을 맛이네요. ,2243,2,0,0
2019-02-01 05:10:43.046734,13114992,4,0,2019-01-31 05:10:43, 와... 이번 도쿄 일정은 정말 죽을 맛이네요. ,2245,2,0,0
