check_time,id,post_reply,post_symph,post_time,post_title,post_view,post_view_diff,post_reply_diff,post_symph_diff
2019-01-24 06:30:29.386074,13087798,5,0,2019-01-24 05:30:26, 애더럴은 복용하면 어떤 느낌인가 궁금하네요 ,567,567,5,0
2019-01-24 07:30:34.484371,13087798,8,0,2019-01-24 05:30:26, 애더럴은 복용하면 어떤 느낌인가 궁금하네요 ,1001,434,3,0
2019-01-24 08:30:26.613542,13087798,9,0,2019-01-24 05:30:26, 애더럴은 복용하면 어떤 느낌인가 궁금하네요 ,1243,242,1,0
2019-01-24 09:30:31.723225,13087798,9,0,2019-01-24 05:30:26, 애더럴은 복용하면 어떤 느낌인가 궁금하네요 ,1326,83,0,0
2019-01-24 10:30:36.783566,13087798,9,0,2019-01-24 05:30:26, 애더럴은 복용하면 어떤 느낌인가 궁금하네요 ,1348,22,0,0
2019-01-24 11:30:28.760580,13087798,9,0,2019-01-24 05:30:26, 애더럴은 복용하면 어떤 느낌인가 궁금하네요 ,1354,6,0,0
2019-01-24 12:30:33.796893,13087798,9,0,2019-01-24 05:30:26, 애더럴은 복용하면 어떤 느낌인가 궁금하네요 ,1364,10,0,0
2019-01-24 13:30:38.834272,13087798,9,0,2019-01-24 05:30:26, 애더럴은 복용하면 어떤 느낌인가 궁금하네요 ,1370,6,0,0
2019-01-24 14:30:31.283050,13087798,9,0,2019-01-24 05:30:26, 애더럴은 복용하면 어떤 느낌인가 궁금하네요 ,1371,1,0,0
2019-01-24 15:30:36.479886,13087798,9,0,2019-01-24 05:30:26, 애더럴은 복용하면 어떤 느낌인가 궁금하네요 ,1374,3,0,0
2019-01-24 16:30:28.486969,13087798,9,0,2019-01-24 05:30:26, 애더럴은 복용하면 어떤 느낌인가 궁금하네요 ,1375,1,0,0
2019-01-24 17:30:33.647745,13087798,9,0,2019-01-24 05:30:26, 애더럴은 복용하면 어떤 느낌인가 궁금하네요 ,1377,2,0,0
2019-01-24 18:30:38.846344,13087798,9,0,2019-01-24 05:30:26, 애더럴은 복용하면 어떤 느낌인가 궁금하네요 ,1380,3,0,0
2019-01-24 19:30:30.946980,13087798,9,0,2019-01-24 05:30:26, 애더럴은 복용하면 어떤 느낌인가 궁금하네요 ,1382,2,0,0
2019-01-24 20:30:36.054176,13087798,9,0,2019-01-24 05:30:26, 애더럴은 복용하면 어떤 느낌인가 궁금하네요 ,1386,4,0,0
2019-01-24 21:30:28.142500,13087798,9,0,2019-01-24 05:30:26, 애더럴은 복용하면 어떤 느낌인가 궁금하네요 ,1391,5,0,0
2019-01-24 22:30:33.292837,13087798,9,0,2019-01-24 05:30:26, 애더럴은 복용하면 어떤 느낌인가 궁금하네요 ,1392,1,0,0
2019-01-24 23:30:38.382769,13087798,9,0,2019-01-24 05:30:26, 애더럴은 복용하면 어떤 느낌인가 궁금하네요 ,1395,3,0,0
2019-01-25 00:30:30.548091,13087798,9,0,2019-01-24 05:30:26, 애더럴은 복용하면 어떤 느낌인가 궁금하네요 ,1398,3,0,0
2019-01-25 01:30:35.902351,13087798,9,0,2019-01-24 05:30:26, 애더럴은 복용하면 어떤 느낌인가 궁금하네요 ,1401,3,0,0
2019-01-25 02:30:28.144487,13087798,9,0,2019-01-24 05:30:26, 애더럴은 복용하면 어떤 느낌인가 궁금하네요 ,1402,1,0,0
2019-01-25 03:30:33.265090,13087798,9,0,2019-01-24 05:30:26, 애더럴은 복용하면 어떤 느낌인가 궁금하네요 ,1404,2,0,0
2019-01-25 04:30:38.357477,13087798,9,0,2019-01-24 05:30:26, 애더럴은 복용하면 어떤 느낌인가 궁금하네요 ,1405,1,0,0
2019-01-25 05:30:30.446175,13087798,9,0,2019-01-24 05:30:26, 애더럴은 복용하면 어떤 느낌인가 궁금하네요 ,1406,1,0,0
