check_time,id,post_reply,post_symph,post_time,post_title,post_view,post_view_diff,post_reply_diff,post_symph_diff
2019-01-28 06:05:39.664783,13103170,2,0,2019-01-28 05:05:30, 적폐청산이라는데 한가지 되새김질해볼 게 있습니다 ,335,335,2,0
2019-01-28 07:05:31.803069,13103170,2,0,2019-01-28 05:05:30, 적폐청산이라는데 한가지 되새김질해볼 게 있습니다 ,528,193,0,0
2019-01-28 08:05:36.953536,13103170,2,0,2019-01-28 05:05:30, 적폐청산이라는데 한가지 되새김질해볼 게 있습니다 ,672,144,0,0
2019-01-28 09:05:42.083060,13103170,2,0,2019-01-28 05:05:30, 적폐청산이라는데 한가지 되새김질해볼 게 있습니다 ,735,63,0,0
2019-01-28 10:05:34.171618,13103170,2,0,2019-01-28 05:05:30, 적폐청산이라는데 한가지 되새김질해볼 게 있습니다 ,756,21,0,0
2019-01-28 11:05:39.256910,13103170,2,0,2019-01-28 05:05:30, 적폐청산이라는데 한가지 되새김질해볼 게 있습니다 ,766,10,0,0
2019-01-28 12:05:31.390045,13103170,2,0,2019-01-28 05:05:30, 적폐청산이라는데 한가지 되새김질해볼 게 있습니다 ,767,1,0,0
2019-01-28 13:05:36.527219,13103170,2,0,2019-01-28 05:05:30, 적폐청산이라는데 한가지 되새김질해볼 게 있습니다 ,772,5,0,0
2019-01-28 14:05:41.652930,13103170,2,0,2019-01-28 05:05:30, 적폐청산이라는데 한가지 되새김질해볼 게 있습니다 ,777,5,0,0
2019-01-28 15:05:33.711456,13103170,2,0,2019-01-28 05:05:30, 적폐청산이라는데 한가지 되새김질해볼 게 있습니다 ,780,3,0,0
2019-01-28 16:05:39.068942,13103170,2,0,2019-01-28 05:05:30, 적폐청산이라는데 한가지 되새김질해볼 게 있습니다 ,784,4,0,0
2019-01-28 17:05:31.266776,13103170,2,0,2019-01-28 05:05:30, 적폐청산이라는데 한가지 되새김질해볼 게 있습니다 ,787,3,0,0
2019-01-28 18:05:36.367466,13103170,2,0,2019-01-28 05:05:30, 적폐청산이라는데 한가지 되새김질해볼 게 있습니다 ,790,3,0,0
2019-01-28 19:05:41.460415,13103170,2,0,2019-01-28 05:05:30, 적폐청산이라는데 한가지 되새김질해볼 게 있습니다 ,791,1,0,0
2019-01-28 20:05:33.737160,13103170,2,0,2019-01-28 05:05:30, 적폐청산이라는데 한가지 되새김질해볼 게 있습니다 ,792,1,0,0
2019-01-28 21:05:38.809124,13103170,2,0,2019-01-28 05:05:30, 적폐청산이라는데 한가지 되새김질해볼 게 있습니다 ,798,6,0,0
2019-01-28 22:05:30.856515,13103170,2,0,2019-01-28 05:05:30, 적폐청산이라는데 한가지 되새김질해볼 게 있습니다 ,799,1,0,0
2019-01-28 23:05:35.919639,13103170,2,0,2019-01-28 05:05:30, 적폐청산이라는데 한가지 되새김질해볼 게 있습니다 ,802,3,0,0
2019-01-29 00:05:41.045538,13103170,2,0,2019-01-28 05:05:30, 적폐청산이라는데 한가지 되새김질해볼 게 있습니다 ,804,2,0,0
2019-01-29 01:05:33.204025,13103170,2,0,2019-01-28 05:05:30, 적폐청산이라는데 한가지 되새김질해볼 게 있습니다 ,806,2,0,0
2019-01-29 02:05:38.285649,13103170,2,0,2019-01-28 05:05:30, 적폐청산이라는데 한가지 되새김질해볼 게 있습니다 ,810,4,0,0
2019-01-29 03:05:30.297844,13103170,2,0,2019-01-28 05:05:30, 적폐청산이라는데 한가지 되새김질해볼 게 있습니다 ,811,1,0,0
2019-01-29 04:05:35.333723,13103170,2,0,2019-01-28 05:05:30, 적폐청산이라는데 한가지 되새김질해볼 게 있습니다 ,814,3,0,0
2019-01-29 05:05:40.346125,13103170,2,0,2019-01-28 05:05:30, 적폐청산이라는데 한가지 되새김질해볼 게 있습니다 ,817,3,0,0
