check_time,id,post_reply,post_symph,post_time,post_title,post_view,post_view_diff,post_reply_diff,post_symph_diff
2019-01-30 06:24:32.706138,13110586,3,0,2019-01-30 05:24:23, 오늘은 뭐하지 ㅠㅠ ,332,332,3,0
2019-01-30 07:24:24.772297,13110586,3,1,2019-01-30 05:24:23, 오늘은 뭐하지 ㅠㅠ ,535,203,0,1
2019-01-30 08:24:30.057273,13110586,3,1,2019-01-30 05:24:23, 오늘은 뭐하지 ㅠㅠ ,670,135,0,0
2019-01-30 09:24:35.105695,13110586,3,1,2019-01-30 05:24:23, 오늘은 뭐하지 ㅠㅠ ,717,47,0,0
2019-01-30 10:24:27.204059,13110586,3,1,2019-01-30 05:24:23, 오늘은 뭐하지 ㅠㅠ ,734,17,0,0
2019-01-30 11:24:32.257937,13110586,3,1,2019-01-30 05:24:23, 오늘은 뭐하지 ㅠㅠ ,740,6,0,0
2019-01-30 12:24:24.349088,13110586,3,1,2019-01-30 05:24:23, 오늘은 뭐하지 ㅠㅠ ,742,2,0,0
2019-01-30 13:24:29.335091,13110586,3,1,2019-01-30 05:24:23, 오늘은 뭐하지 ㅠㅠ ,747,5,0,0
2019-01-30 14:24:34.401308,13110586,3,1,2019-01-30 05:24:23, 오늘은 뭐하지 ㅠㅠ ,748,1,0,0
2019-01-30 15:24:26.442498,13110586,3,1,2019-01-30 05:24:23, 오늘은 뭐하지 ㅠㅠ ,751,3,0,0
2019-01-30 16:24:31.494125,13110586,3,1,2019-01-30 05:24:23, 오늘은 뭐하지 ㅠㅠ ,761,10,0,0
2019-01-30 17:24:23.610305,13110586,3,1,2019-01-30 05:24:23, 오늘은 뭐하지 ㅠㅠ ,763,2,0,0
2019-01-30 18:24:28.723313,13110586,3,1,2019-01-30 05:24:23, 오늘은 뭐하지 ㅠㅠ ,766,3,0,0
2019-01-30 19:24:33.773150,13110586,3,1,2019-01-30 05:24:23, 오늘은 뭐하지 ㅠㅠ ,767,1,0,0
2019-01-30 20:24:25.849047,13110586,3,1,2019-01-30 05:24:23, 오늘은 뭐하지 ㅠㅠ ,769,2,0,0
2019-01-30 21:24:30.903145,13110586,3,1,2019-01-30 05:24:23, 오늘은 뭐하지 ㅠㅠ ,771,2,0,0
2019-01-30 22:24:35.980540,13110586,3,1,2019-01-30 05:24:23, 오늘은 뭐하지 ㅠㅠ ,774,3,0,0
2019-01-30 23:24:28.070733,13110586,3,1,2019-01-30 05:24:23, 오늘은 뭐하지 ㅠㅠ ,776,2,0,0
2019-01-31 00:24:33.111291,13110586,3,1,2019-01-30 05:24:23, 오늘은 뭐하지 ㅠㅠ ,778,2,0,0
2019-01-31 01:24:25.294154,13110586,3,1,2019-01-30 05:24:23, 오늘은 뭐하지 ㅠㅠ ,781,3,0,0
2019-01-31 02:24:30.350365,13110586,3,1,2019-01-30 05:24:23, 오늘은 뭐하지 ㅠㅠ ,782,1,0,0
2019-01-31 03:24:35.464938,13110586,3,1,2019-01-30 05:24:23, 오늘은 뭐하지 ㅠㅠ ,783,1,0,0
2019-01-31 04:24:27.770313,13110586,3,1,2019-01-30 05:24:23, 오늘은 뭐하지 ㅠㅠ ,785,2,0,0
2019-01-31 05:24:32.811790,13110586,3,1,2019-01-30 05:24:23, 오늘은 뭐하지 ㅠㅠ ,787,2,0,0
