check_time,id,post_reply,post_symph,post_time,post_title,post_view,post_view_diff,post_reply_diff,post_symph_diff
2019-01-29 06:56:40.778129,13107003,6,0,2019-01-29 05:56:35, 연말정산 크으... ,1305,1305,6,0
2019-01-29 07:56:45.873622,13107003,10,0,2019-01-29 05:56:35, 연말정산 크으... ,2664,1359,4,0
2019-01-29 08:56:37.927026,13107003,10,0,2019-01-29 05:56:35, 연말정산 크으... ,3497,833,0,0
2019-01-29 09:56:42.984194,13107003,10,0,2019-01-29 05:56:35, 연말정산 크으... ,3777,280,0,0
2019-01-29 10:56:35.020277,13107003,10,0,2019-01-29 05:56:35, 연말정산 크으... ,3856,79,0,0
2019-01-29 11:56:40.067274,13107003,10,0,2019-01-29 05:56:35, 연말정산 크으... ,3892,36,0,0
2019-01-29 12:56:45.506905,13107003,10,0,2019-01-29 05:56:35, 연말정산 크으... ,3932,40,0,0
2019-01-29 13:56:37.545901,13107003,10,0,2019-01-29 05:56:35, 연말정산 크으... ,3954,22,0,0
2019-01-29 14:56:42.584576,13107003,10,0,2019-01-29 05:56:35, 연말정산 크으... ,3977,23,0,0
2019-01-29 15:56:47.562558,13107003,10,0,2019-01-29 05:56:35, 연말정산 크으... ,3988,11,0,0
2019-01-29 16:56:39.593742,13107003,10,0,2019-01-29 05:56:35, 연말정산 크으... ,3997,9,0,0
2019-01-29 17:56:44.833851,13107003,10,0,2019-01-29 05:56:35, 연말정산 크으... ,4008,11,0,0
2019-01-29 18:56:36.886487,13107003,10,0,2019-01-29 05:56:35, 연말정산 크으... ,4015,7,0,0
2019-01-29 19:56:41.954191,13107003,12,0,2019-01-29 05:56:35, 연말정산 크으... ,4023,8,2,0
2019-01-29 20:56:46.992272,13107003,12,0,2019-01-29 05:56:35, 연말정산 크으... ,4026,3,0,0
2019-01-29 21:56:38.992274,13107003,12,0,2019-01-29 05:56:35, 연말정산 크으... ,4029,3,0,0
2019-01-29 22:56:44.084542,13107003,12,0,2019-01-29 05:56:35, 연말정산 크으... ,4036,7,0,0
2019-01-29 23:56:36.163117,13107003,12,0,2019-01-29 05:56:35, 연말정산 크으... ,4036,0,0,0
2019-01-30 00:56:41.176465,13107003,12,0,2019-01-29 05:56:35, 연말정산 크으... ,4040,4,0,0
2019-01-30 01:56:46.242584,13107003,12,0,2019-01-29 05:56:35, 연말정산 크으... ,4042,2,0,0
2019-01-30 02:56:38.276100,13107003,12,0,2019-01-29 05:56:35, 연말정산 크으... ,4043,1,0,0
2019-01-30 03:56:43.892346,13107003,12,0,2019-01-29 05:56:35, 연말정산 크으... ,4047,4,0,0
2019-01-30 04:56:36.067566,13107003,12,0,2019-01-29 05:56:35, 연말정산 크으... ,4050,3,0,0
2019-01-30 05:56:41.124606,13107003,12,0,2019-01-29 05:56:35, 연말정산 크으... ,4051,1,0,0
