check_time,id,post_reply,post_symph,post_time,post_title,post_view,post_view_diff,post_reply_diff,post_symph_diff
2019-01-29 06:05:30.338213,13106983,4,0,2019-01-29 05:05:26, 시계를 봤는데 다섯시 삼분이네요 재수없개 ,612,612,4,0
2019-01-29 07:05:35.556138,13106983,4,0,2019-01-29 05:05:26, 시계를 봤는데 다섯시 삼분이네요 재수없개 ,1170,558,0,0
2019-01-29 08:05:27.771782,13106983,4,0,2019-01-29 05:05:26, 시계를 봤는데 다섯시 삼분이네요 재수없개 ,1713,543,0,0
2019-01-29 09:05:32.826704,13106983,4,0,2019-01-29 05:05:26, 시계를 봤는데 다섯시 삼분이네요 재수없개 ,2024,311,0,0
2019-01-29 10:05:37.893290,13106983,4,0,2019-01-29 05:05:26, 시계를 봤는데 다섯시 삼분이네요 재수없개 ,2111,87,0,0
2019-01-29 11:05:30.040003,13106983,4,0,2019-01-29 05:05:26, 시계를 봤는데 다섯시 삼분이네요 재수없개 ,2142,31,0,0
2019-01-29 12:05:35.320790,13106983,4,0,2019-01-29 05:05:26, 시계를 봤는데 다섯시 삼분이네요 재수없개 ,2154,12,0,0
2019-01-29 13:05:27.367358,13106983,4,0,2019-01-29 05:05:26, 시계를 봤는데 다섯시 삼분이네요 재수없개 ,2166,12,0,0
2019-01-29 14:05:32.415875,13106983,4,0,2019-01-29 05:05:26, 시계를 봤는데 다섯시 삼분이네요 재수없개 ,2173,7,0,0
2019-01-29 15:05:37.686210,13106983,4,0,2019-01-29 05:05:26, 시계를 봤는데 다섯시 삼분이네요 재수없개 ,2180,7,0,0
2019-01-29 16:05:29.703233,13106983,4,0,2019-01-29 05:05:26, 시계를 봤는데 다섯시 삼분이네요 재수없개 ,2181,1,0,0
2019-01-29 17:05:34.781598,13106983,4,0,2019-01-29 05:05:26, 시계를 봤는데 다섯시 삼분이네요 재수없개 ,2183,2,0,0
2019-01-29 18:05:26.772917,13106983,4,0,2019-01-29 05:05:26, 시계를 봤는데 다섯시 삼분이네요 재수없개 ,2188,5,0,0
2019-01-29 19:05:31.807277,13106983,4,0,2019-01-29 05:05:26, 시계를 봤는데 다섯시 삼분이네요 재수없개 ,2190,2,0,0
2019-01-29 20:05:37.096414,13106983,4,0,2019-01-29 05:05:26, 시계를 봤는데 다섯시 삼분이네요 재수없개 ,2192,2,0,0
2019-01-29 21:05:29.162911,13106983,4,0,2019-01-29 05:05:26, 시계를 봤는데 다섯시 삼분이네요 재수없개 ,2196,4,0,0
2019-01-29 22:05:34.268045,13106983,4,0,2019-01-29 05:05:26, 시계를 봤는데 다섯시 삼분이네요 재수없개 ,2199,3,0,0
2019-01-29 23:05:26.538662,13106983,4,0,2019-01-29 05:05:26, 시계를 봤는데 다섯시 삼분이네요 재수없개 ,2199,0,0,0
2019-01-30 00:05:31.645260,13106983,4,0,2019-01-29 05:05:26, 시계를 봤는데 다섯시 삼분이네요 재수없개 ,2200,1,0,0
2019-01-30 01:05:36.776107,13106983,4,0,2019-01-29 05:05:26, 시계를 봤는데 다섯시 삼분이네요 재수없개 ,2202,2,0,0
2019-01-30 02:05:28.838931,13106983,4,0,2019-01-29 05:05:26, 시계를 봤는데 다섯시 삼분이네요 재수없개 ,2204,2,0,0
2019-01-30 03:05:34.085444,13106983,4,0,2019-01-29 05:05:26, 시계를 봤는데 다섯시 삼분이네요 재수없개 ,2205,1,0,0
2019-01-30 04:05:26.110535,13106983,4,0,2019-01-29 05:05:26, 시계를 봤는데 다섯시 삼분이네요 재수없개 ,2207,2,0,0
2019-01-30 05:05:31.177048,13106983,4,0,2019-01-29 05:05:26, 시계를 봤는데 다섯시 삼분이네요 재수없개 ,2209,2,0,0
