check_time,id,post_reply,post_symph,post_time,post_title,post_view,post_view_diff,post_reply_diff,post_symph_diff
2019-01-24 06:26:31.950301,13087795,13,2,2019-01-24 05:26:29, 금일 노가다 대마찌 취소+출근 ,1360,1360,13,2
2019-01-24 07:26:36.947888,13087795,24,4,2019-01-24 05:26:29, 금일 노가다 대마찌 취소+출근 ,2886,1526,11,2
2019-01-24 08:26:41.972928,13087795,26,7,2019-01-24 05:26:29, 금일 노가다 대마찌 취소+출근 ,4027,1141,2,3
2019-01-24 09:26:33.975480,13087795,26,7,2019-01-24 05:26:29, 금일 노가다 대마찌 취소+출근 ,4456,429,0,0
2019-01-24 10:26:38.984632,13087795,28,7,2019-01-24 05:26:29, 금일 노가다 대마찌 취소+출근 ,4638,182,2,0
2019-01-24 11:26:31.004046,13087795,28,7,2019-01-24 05:26:29, 금일 노가다 대마찌 취소+출근 ,4693,55,0,0
2019-01-24 12:26:36.496196,13087795,28,7,2019-01-24 05:26:29, 금일 노가다 대마찌 취소+출근 ,4745,52,0,0
2019-01-24 13:26:41.560200,13087795,28,7,2019-01-24 05:26:29, 금일 노가다 대마찌 취소+출근 ,4772,27,0,0
2019-01-24 14:26:33.977815,13087795,28,7,2019-01-24 05:26:29, 금일 노가다 대마찌 취소+출근 ,4791,19,0,0
2019-01-24 15:26:39.145762,13087795,28,7,2019-01-24 05:26:29, 금일 노가다 대마찌 취소+출근 ,4803,12,0,0
2019-01-24 16:26:31.207067,13087795,28,7,2019-01-24 05:26:29, 금일 노가다 대마찌 취소+출근 ,4820,17,0,0
2019-01-24 17:26:36.361095,13087795,28,7,2019-01-24 05:26:29, 금일 노가다 대마찌 취소+출근 ,4846,26,0,0
2019-01-24 18:26:41.452127,13087795,28,7,2019-01-24 05:26:29, 금일 노가다 대마찌 취소+출근 ,4861,15,0,0
2019-01-24 19:26:33.557772,13087795,28,7,2019-01-24 05:26:29, 금일 노가다 대마찌 취소+출근 ,4880,19,0,0
2019-01-24 20:26:38.663872,13087795,28,7,2019-01-24 05:26:29, 금일 노가다 대마찌 취소+출근 ,4893,13,0,0
2019-01-24 21:26:30.664406,13087795,28,7,2019-01-24 05:26:29, 금일 노가다 대마찌 취소+출근 ,4898,5,0,0
2019-01-24 22:26:35.906784,13087795,28,7,2019-01-24 05:26:29, 금일 노가다 대마찌 취소+출근 ,4906,8,0,0
2019-01-24 23:26:41.230483,13087795,28,7,2019-01-24 05:26:29, 금일 노가다 대마찌 취소+출근 ,4915,9,0,0
2019-01-25 00:26:33.387311,13087795,28,7,2019-01-24 05:26:29, 금일 노가다 대마찌 취소+출근 ,4920,5,0,0
2019-01-25 01:26:38.529497,13087795,28,7,2019-01-24 05:26:29, 금일 노가다 대마찌 취소+출근 ,4925,5,0,0
2019-01-25 02:26:30.567008,13087795,28,7,2019-01-24 05:26:29, 금일 노가다 대마찌 취소+출근 ,4931,6,0,0
2019-01-25 03:26:35.967133,13087795,28,7,2019-01-24 05:26:29, 금일 노가다 대마찌 취소+출근 ,4935,4,0,0
2019-01-25 04:26:41.010923,13087795,28,7,2019-01-24 05:26:29, 금일 노가다 대마찌 취소+출근 ,4936,1,0,0
2019-01-25 05:26:33.013456,13087795,28,7,2019-01-24 05:26:29, 금일 노가다 대마찌 취소+출근 ,4945,9,0,0
