check_time,id,post_reply,post_symph,post_time,post_title,post_view,post_view_diff,post_reply_diff,post_symph_diff
2019-01-30 06:04:44.190064,13110580,3,0,2019-01-30 05:04:35, fast측정 업로드속도가 비약적으로 높네요 ,344,344,3,0
2019-01-30 07:04:36.385020,13110580,3,0,2019-01-30 05:04:35, fast측정 업로드속도가 비약적으로 높네요 ,750,406,0,0
2019-01-30 08:04:41.410706,13110580,3,0,2019-01-30 05:04:35, fast측정 업로드속도가 비약적으로 높네요 ,1037,287,0,0
2019-01-30 09:04:46.497381,13110580,3,1,2019-01-30 05:04:35, fast측정 업로드속도가 비약적으로 높네요 ,1184,147,0,1
2019-01-30 10:04:38.548958,13110580,3,1,2019-01-30 05:04:35, fast측정 업로드속도가 비약적으로 높네요 ,1219,35,0,0
2019-01-30 11:04:43.527591,13110580,3,1,2019-01-30 05:04:35, fast측정 업로드속도가 비약적으로 높네요 ,1232,13,0,0
2019-01-30 12:04:35.660523,13110580,3,1,2019-01-30 05:04:35, fast측정 업로드속도가 비약적으로 높네요 ,1240,8,0,0
2019-01-30 13:04:40.770421,13110580,3,1,2019-01-30 05:04:35, fast측정 업로드속도가 비약적으로 높네요 ,1247,7,0,0
2019-01-30 14:04:45.898372,13110580,3,1,2019-01-30 05:04:35, fast측정 업로드속도가 비약적으로 높네요 ,1253,6,0,0
2019-01-30 15:04:38.036837,13110580,3,1,2019-01-30 05:04:35, fast측정 업로드속도가 비약적으로 높네요 ,1260,7,0,0
2019-01-30 16:04:43.162011,13110580,3,1,2019-01-30 05:04:35, fast측정 업로드속도가 비약적으로 높네요 ,1262,2,0,0
2019-01-30 17:04:35.307193,13110580,3,1,2019-01-30 05:04:35, fast측정 업로드속도가 비약적으로 높네요 ,1268,6,0,0
2019-01-30 18:04:40.364327,13110580,3,1,2019-01-30 05:04:35, fast측정 업로드속도가 비약적으로 높네요 ,1269,1,0,0
2019-01-30 19:04:45.411234,13110580,3,1,2019-01-30 05:04:35, fast측정 업로드속도가 비약적으로 높네요 ,1271,2,0,0
2019-01-30 20:04:37.465981,13110580,3,1,2019-01-30 05:04:35, fast측정 업로드속도가 비약적으로 높네요 ,1273,2,0,0
2019-01-30 21:04:42.566635,13110580,3,1,2019-01-30 05:04:35, fast측정 업로드속도가 비약적으로 높네요 ,1279,6,0,0
2019-01-30 22:04:47.640550,13110580,3,1,2019-01-30 05:04:35, fast측정 업로드속도가 비약적으로 높네요 ,1280,1,0,0
2019-01-30 23:04:40.279138,13110580,3,1,2019-01-30 05:04:35, fast측정 업로드속도가 비약적으로 높네요 ,1285,5,0,0
2019-01-31 00:04:45.397726,13110580,3,1,2019-01-30 05:04:35, fast측정 업로드속도가 비약적으로 높네요 ,1291,6,0,0
2019-01-31 01:04:37.489714,13110580,3,1,2019-01-30 05:04:35, fast측정 업로드속도가 비약적으로 높네요 ,1293,2,0,0
2019-01-31 02:04:42.547853,13110580,3,1,2019-01-30 05:04:35, fast측정 업로드속도가 비약적으로 높네요 ,1295,2,0,0
2019-01-31 03:04:47.574276,13110580,3,1,2019-01-30 05:04:35, fast측정 업로드속도가 비약적으로 높네요 ,1297,2,0,0
2019-01-31 04:04:39.523257,13110580,3,1,2019-01-30 05:04:35, fast측정 업로드속도가 비약적으로 높네요 ,1299,2,0,0
2019-01-31 05:04:44.550530,13110580,3,1,2019-01-30 05:04:35, fast측정 업로드속도가 비약적으로 높네요 ,1302,3,0,0
