check_time,id,post_reply,post_symph,post_time,post_title,post_view,post_view_diff,post_reply_diff,post_symph_diff
2019-01-28 06:58:02.432644,13103186,2,0,2019-01-28 05:57:59," '프란치스코 교황, 11월 일본 방문…히로시마 등 피폭지 찾을듯' ",722,722,2,0
2019-01-28 07:58:07.746373,13103186,4,0,2019-01-28 05:57:59," '프란치스코 교황, 11월 일본 방문…히로시마 등 피폭지 찾을듯' ",1448,726,2,0
2019-01-28 08:57:59.907234,13103186,4,0,2019-01-28 05:57:59," '프란치스코 교황, 11월 일본 방문…히로시마 등 피폭지 찾을듯' ",1801,353,0,0
2019-01-28 09:58:05.070587,13103186,4,0,2019-01-28 05:57:59," '프란치스코 교황, 11월 일본 방문…히로시마 등 피폭지 찾을듯' ",1890,89,0,0
2019-01-28 10:58:10.283858,13103186,4,0,2019-01-28 05:57:59," '프란치스코 교황, 11월 일본 방문…히로시마 등 피폭지 찾을듯' ",1924,34,0,0
2019-01-28 11:58:02.321024,13103186,4,0,2019-01-28 05:57:59," '프란치스코 교황, 11월 일본 방문…히로시마 등 피폭지 찾을듯' ",1942,18,0,0
2019-01-28 12:58:07.533908,13103186,4,0,2019-01-28 05:57:59," '프란치스코 교황, 11월 일본 방문…히로시마 등 피폭지 찾을듯' ",1953,11,0,0
2019-01-28 13:57:59.585333,13103186,4,0,2019-01-28 05:57:59," '프란치스코 교황, 11월 일본 방문…히로시마 등 피폭지 찾을듯' ",1960,7,0,0
2019-01-28 14:58:04.600758,13103186,4,0,2019-01-28 05:57:59," '프란치스코 교황, 11월 일본 방문…히로시마 등 피폭지 찾을듯' ",1966,6,0,0
2019-01-28 15:58:09.624058,13103186,4,0,2019-01-28 05:57:59," '프란치스코 교황, 11월 일본 방문…히로시마 등 피폭지 찾을듯' ",1968,2,0,0
2019-01-28 16:58:01.660585,13103186,4,0,2019-01-28 05:57:59," '프란치스코 교황, 11월 일본 방문…히로시마 등 피폭지 찾을듯' ",1974,6,0,0
2019-01-28 17:58:06.724673,13103186,4,0,2019-01-28 05:57:59," '프란치스코 교황, 11월 일본 방문…히로시마 등 피폭지 찾을듯' ",1983,9,0,0
2019-01-28 18:58:11.855410,13103186,4,0,2019-01-28 05:57:59," '프란치스코 교황, 11월 일본 방문…히로시마 등 피폭지 찾을듯' ",1987,4,0,0
2019-01-28 19:58:04.004451,13103186,4,0,2019-01-28 05:57:59," '프란치스코 교황, 11월 일본 방문…히로시마 등 피폭지 찾을듯' ",1988,1,0,0
2019-01-28 20:58:09.123473,13103186,4,0,2019-01-28 05:57:59," '프란치스코 교황, 11월 일본 방문…히로시마 등 피폭지 찾을듯' ",1991,3,0,0
2019-01-28 21:58:01.234080,13103186,4,0,2019-01-28 05:57:59," '프란치스코 교황, 11월 일본 방문…히로시마 등 피폭지 찾을듯' ",1993,2,0,0
2019-01-28 22:58:06.387889,13103186,4,0,2019-01-28 05:57:59," '프란치스코 교황, 11월 일본 방문…히로시마 등 피폭지 찾을듯' ",1993,0,0,0
2019-01-28 23:58:11.481995,13103186,4,0,2019-01-28 05:57:59," '프란치스코 교황, 11월 일본 방문…히로시마 등 피폭지 찾을듯' ",1995,2,0,0
2019-01-29 00:58:03.582145,13103186,4,0,2019-01-28 05:57:59," '프란치스코 교황, 11월 일본 방문…히로시마 등 피폭지 찾을듯' ",1998,3,0,0
2019-01-29 01:58:08.775963,13103186,4,0,2019-01-28 05:57:59," '프란치스코 교황, 11월 일본 방문…히로시마 등 피폭지 찾을듯' ",2000,2,0,0
2019-01-29 02:58:00.911049,13103186,4,0,2019-01-28 05:57:59," '프란치스코 교황, 11월 일본 방문…히로시마 등 피폭지 찾을듯' ",2001,1,0,0
2019-01-29 03:58:06.068264,13103186,4,0,2019-01-28 05:57:59," '프란치스코 교황, 11월 일본 방문…히로시마 등 피폭지 찾을듯' ",2002,1,0,0
2019-01-29 04:58:11.160083,13103186,4,0,2019-01-28 05:57:59," '프란치스코 교황, 11월 일본 방문…히로시마 등 피폭지 찾을듯' ",2006,4,0,0
2019-01-29 05:58:03.151477,13103186,4,0,2019-01-28 05:57:59," '프란치스코 교황, 11월 일본 방문…히로시마 등 피폭지 찾을듯' ",2008,2,0,0
