check_time,id,post_reply,post_symph,post_time,post_title,post_view,post_view_diff,post_reply_diff,post_symph_diff
2019-01-25 06:17:07.898807,13092291,3,2,2019-01-25 05:17:07, 플스4 게임들 너무 재미있네요 ( feat. 호라이즌 제로 던) ,835,835,3,2
2019-01-25 07:17:12.950387,13092291,7,3,2019-01-25 05:17:07, 플스4 게임들 너무 재미있네요 ( feat. 호라이즌 제로 던) ,1924,1089,4,1
2019-01-25 08:17:18.020639,13092291,14,3,2019-01-25 05:17:07, 플스4 게임들 너무 재미있네요 ( feat. 호라이즌 제로 던) ,3096,1172,7,0
2019-01-25 09:17:10.085180,13092291,15,3,2019-01-25 05:17:07, 플스4 게임들 너무 재미있네요 ( feat. 호라이즌 제로 던) ,3653,557,1,0
2019-01-25 10:17:15.151645,13092291,16,3,2019-01-25 05:17:07, 플스4 게임들 너무 재미있네요 ( feat. 호라이즌 제로 던) ,3850,197,1,0
2019-01-25 11:17:07.168101,13092291,18,3,2019-01-25 05:17:07, 플스4 게임들 너무 재미있네요 ( feat. 호라이즌 제로 던) ,3931,81,2,0
2019-01-25 12:17:12.454368,13092291,18,3,2019-01-25 05:17:07, 플스4 게임들 너무 재미있네요 ( feat. 호라이즌 제로 던) ,3975,44,0,0
2019-01-25 13:17:17.495924,13092291,18,3,2019-01-25 05:17:07, 플스4 게임들 너무 재미있네요 ( feat. 호라이즌 제로 던) ,4004,29,0,0
2019-01-25 14:17:09.548494,13092291,18,3,2019-01-25 05:17:07, 플스4 게임들 너무 재미있네요 ( feat. 호라이즌 제로 던) ,4016,12,0,0
2019-01-25 15:17:14.829393,13092291,18,3,2019-01-25 05:17:07, 플스4 게임들 너무 재미있네요 ( feat. 호라이즌 제로 던) ,4026,10,0,0
2019-01-25 16:17:19.900984,13092291,18,3,2019-01-25 05:17:07, 플스4 게임들 너무 재미있네요 ( feat. 호라이즌 제로 던) ,4035,9,0,0
2019-01-25 17:17:11.965213,13092291,18,3,2019-01-25 05:17:07, 플스4 게임들 너무 재미있네요 ( feat. 호라이즌 제로 던) ,4047,12,0,0
2019-01-25 18:17:17.212339,13092291,18,3,2019-01-25 05:17:07, 플스4 게임들 너무 재미있네요 ( feat. 호라이즌 제로 던) ,4050,3,0,0
2019-01-25 19:17:09.548382,13092291,18,3,2019-01-25 05:17:07, 플스4 게임들 너무 재미있네요 ( feat. 호라이즌 제로 던) ,4054,4,0,0
2019-01-25 20:17:14.591888,13092291,18,3,2019-01-25 05:17:07, 플스4 게임들 너무 재미있네요 ( feat. 호라이즌 제로 던) ,4061,7,0,0
2019-01-25 21:17:19.662453,13092291,18,3,2019-01-25 05:17:07, 플스4 게임들 너무 재미있네요 ( feat. 호라이즌 제로 던) ,4065,4,0,0
2019-01-25 22:17:11.710858,13092291,18,3,2019-01-25 05:17:07, 플스4 게임들 너무 재미있네요 ( feat. 호라이즌 제로 던) ,4071,6,0,0
2019-01-25 23:17:16.851134,13092291,18,3,2019-01-25 05:17:07, 플스4 게임들 너무 재미있네요 ( feat. 호라이즌 제로 던) ,4077,6,0,0
2019-01-26 00:17:09.050785,13092291,18,3,2019-01-25 05:17:07, 플스4 게임들 너무 재미있네요 ( feat. 호라이즌 제로 던) ,4080,3,0,0
2019-01-26 01:17:14.110515,13092291,18,3,2019-01-25 05:17:07, 플스4 게임들 너무 재미있네요 ( feat. 호라이즌 제로 던) ,4088,8,0,0
2019-01-26 02:17:19.150059,13092291,18,3,2019-01-25 05:17:07, 플스4 게임들 너무 재미있네요 ( feat. 호라이즌 제로 던) ,4091,3,0,0
2019-01-26 03:17:11.111692,13092291,18,3,2019-01-25 05:17:07, 플스4 게임들 너무 재미있네요 ( feat. 호라이즌 제로 던) ,4095,4,0,0
2019-01-26 04:17:16.123827,13092291,18,3,2019-01-25 05:17:07, 플스4 게임들 너무 재미있네요 ( feat. 호라이즌 제로 던) ,4097,2,0,0
2019-01-26 05:17:08.137463,13092291,18,3,2019-01-25 05:17:07, 플스4 게임들 너무 재미있네요 ( feat. 호라이즌 제로 던) ,4100,3,0,0
