check_time,id,post_reply,post_symph,post_time,post_title,post_view,post_view_diff,post_reply_diff,post_symph_diff
2019-01-29 06:16:54.937921,13106989,4,0,2019-01-29 05:16:47, 이번엔 시티팝 이다~ ^.^ ,699,699,4,0
2019-01-29 07:16:47.118727,13106989,5,0,2019-01-29 05:16:47, 이번엔 시티팝 이다~ ^.^ ,1420,721,1,0
2019-01-29 08:16:52.198527,13106989,8,0,2019-01-29 05:16:47, 이번엔 시티팝 이다~ ^.^ ,2123,703,3,0
2019-01-29 09:16:57.241324,13106989,8,0,2019-01-29 05:16:47, 이번엔 시티팝 이다~ ^.^ ,2494,371,0,0
2019-01-29 10:16:49.384626,13106989,16,0,2019-01-29 05:16:47, 이번엔 시티팝 이다~ ^.^ ,2642,148,8,0
2019-01-29 11:16:54.505711,13106989,17,0,2019-01-29 05:16:47, 이번엔 시티팝 이다~ ^.^ ,2698,56,1,0
2019-01-29 12:16:59.650451,13106989,17,0,2019-01-29 05:16:47, 이번엔 시티팝 이다~ ^.^ ,2719,21,0,0
2019-01-29 13:16:51.831630,13106989,17,1,2019-01-29 05:16:47, 이번엔 시티팝 이다~ ^.^ ,2741,22,0,1
2019-01-29 14:16:57.023831,13106989,17,1,2019-01-29 05:16:47, 이번엔 시티팝 이다~ ^.^ ,2755,14,0,0
2019-01-29 15:16:49.162022,13106989,17,1,2019-01-29 05:16:47, 이번엔 시티팝 이다~ ^.^ ,2765,10,0,0
2019-01-29 16:16:54.317145,13106989,17,1,2019-01-29 05:16:47, 이번엔 시티팝 이다~ ^.^ ,2766,1,0,0
2019-01-29 17:16:59.438831,13106989,17,1,2019-01-29 05:16:47, 이번엔 시티팝 이다~ ^.^ ,2772,6,0,0
2019-01-29 18:16:51.778854,13106989,17,1,2019-01-29 05:16:47, 이번엔 시티팝 이다~ ^.^ ,2776,4,0,0
2019-01-29 19:16:57.219041,13106989,17,1,2019-01-29 05:16:47, 이번엔 시티팝 이다~ ^.^ ,2780,4,0,0
2019-01-29 20:16:49.506635,13106989,17,1,2019-01-29 05:16:47, 이번엔 시티팝 이다~ ^.^ ,2782,2,0,0
2019-01-29 21:16:55.055129,13106989,17,1,2019-01-29 05:16:47, 이번엔 시티팝 이다~ ^.^ ,2785,3,0,0
2019-01-29 22:16:47.455243,13106989,17,1,2019-01-29 05:16:47, 이번엔 시티팝 이다~ ^.^ ,2789,4,0,0
2019-01-29 23:16:52.559317,13106989,17,1,2019-01-29 05:16:47, 이번엔 시티팝 이다~ ^.^ ,2790,1,0,0
2019-01-30 00:16:57.746746,13106989,17,1,2019-01-29 05:16:47, 이번엔 시티팝 이다~ ^.^ ,2794,4,0,0
2019-01-30 01:16:49.875235,13106989,17,1,2019-01-29 05:16:47, 이번엔 시티팝 이다~ ^.^ ,2798,4,0,0
2019-01-30 02:16:55.006675,13106989,17,1,2019-01-29 05:16:47, 이번엔 시티팝 이다~ ^.^ ,2799,1,0,0
2019-01-30 03:16:47.238887,13106989,17,1,2019-01-29 05:16:47, 이번엔 시티팝 이다~ ^.^ ,2800,1,0,0
2019-01-30 04:16:52.367930,13106989,17,1,2019-01-29 05:16:47, 이번엔 시티팝 이다~ ^.^ ,2804,4,0,0
2019-01-30 05:16:58.017190,13106989,17,1,2019-01-29 05:16:47, 이번엔 시티팝 이다~ ^.^ ,2806,2,0,0
