check_time,id,post_reply,post_symph,post_time,post_title,post_view,post_view_diff,post_reply_diff,post_symph_diff
2019-01-25 06:58:24.611004,13092305,0,0,2019-01-25 05:58:19, 이란 VS 중국 ,1256,1256,0,0
2019-01-25 07:58:29.847514,13092305,0,0,2019-01-25 05:58:19, 이란 VS 중국 ,2186,930,0,0
2019-01-25 08:58:21.901131,13092305,0,0,2019-01-25 05:58:19, 이란 VS 중국 ,2621,435,0,0
2019-01-25 09:58:27.124981,13092305,0,0,2019-01-25 05:58:19, 이란 VS 중국 ,2762,141,0,0
2019-01-25 10:58:19.177186,13092305,0,0,2019-01-25 05:58:19, 이란 VS 중국 ,2787,25,0,0
2019-01-25 11:58:24.217126,13092305,0,0,2019-01-25 05:58:19, 이란 VS 중국 ,2803,16,0,0
2019-01-25 12:58:29.284736,13092305,0,0,2019-01-25 05:58:19, 이란 VS 중국 ,2817,14,0,0
2019-01-25 13:58:21.306022,13092305,0,0,2019-01-25 05:58:19, 이란 VS 중국 ,2823,6,0,0
2019-01-25 14:58:26.374117,13092305,0,0,2019-01-25 05:58:19, 이란 VS 중국 ,2829,6,0,0
2019-01-25 15:58:31.482157,13092305,0,0,2019-01-25 05:58:19, 이란 VS 중국 ,2838,9,0,0
2019-01-25 16:58:23.561623,13092305,0,0,2019-01-25 05:58:19, 이란 VS 중국 ,2845,7,0,0
2019-01-25 17:58:28.601375,13092305,0,0,2019-01-25 05:58:19, 이란 VS 중국 ,2848,3,0,0
2019-01-25 18:58:20.788147,13092305,0,0,2019-01-25 05:58:19, 이란 VS 중국 ,2857,9,0,0
2019-01-25 19:58:25.848225,13092305,0,0,2019-01-25 05:58:19, 이란 VS 중국 ,2863,6,0,0
2019-01-25 20:58:30.847044,13092305,0,0,2019-01-25 05:58:19, 이란 VS 중국 ,2865,2,0,0
2019-01-25 21:58:22.927393,13092305,0,0,2019-01-25 05:58:19, 이란 VS 중국 ,2868,3,0,0
2019-01-25 22:58:28.072736,13092305,0,0,2019-01-25 05:58:19, 이란 VS 중국 ,2870,2,0,0
2019-01-25 23:58:20.224830,13092305,0,0,2019-01-25 05:58:19, 이란 VS 중국 ,2873,3,0,0
2019-01-26 00:58:25.321560,13092305,0,0,2019-01-25 05:58:19, 이란 VS 중국 ,2874,1,0,0
2019-01-26 01:58:30.400093,13092305,0,0,2019-01-25 05:58:19, 이란 VS 중국 ,2877,3,0,0
2019-01-26 02:58:22.453361,13092305,0,0,2019-01-25 05:58:19, 이란 VS 중국 ,2878,1,0,0
2019-01-26 03:58:27.493487,13092305,0,0,2019-01-25 05:58:19, 이란 VS 중국 ,2880,2,0,0
2019-01-26 04:58:19.774281,13092305,0,0,2019-01-25 05:58:19, 이란 VS 중국 ,2881,1,0,0
2019-01-26 05:58:25.004493,13092305,0,0,2019-01-25 05:58:19, 이란 VS 중국 ,2883,2,0,0
