check_time,id,post_reply,post_symph,post_time,post_title,post_view,post_view_diff,post_reply_diff,post_symph_diff
2019-01-27 23:31:57.823015,13102461,2,1,2019-01-27 22:31:50, 배그 3연속 치킨먹었네요 ,545,545,2,1
2019-01-28 00:32:02.943486,13102461,2,1,2019-01-27 22:31:50, 배그 3연속 치킨먹었네요 ,615,70,0,0
2019-01-28 01:31:54.953857,13102461,2,1,2019-01-27 22:31:50, 배그 3연속 치킨먹었네요 ,645,30,0,0
2019-01-28 02:32:00.028451,13102461,2,1,2019-01-27 22:31:50, 배그 3연속 치킨먹었네요 ,657,12,0,0
2019-01-28 03:31:52.417117,13102461,2,1,2019-01-27 22:31:50, 배그 3연속 치킨먹었네요 ,670,13,0,0
2019-01-28 04:31:57.523293,13102461,2,1,2019-01-27 22:31:50, 배그 3연속 치킨먹었네요 ,674,4,0,0
2019-01-28 05:32:02.649725,13102461,2,1,2019-01-27 22:31:50, 배그 3연속 치킨먹었네요 ,679,5,0,0
2019-01-28 06:31:54.730862,13102461,2,1,2019-01-27 22:31:50, 배그 3연속 치킨먹었네요 ,681,2,0,0
2019-01-28 07:31:59.822100,13102461,2,1,2019-01-27 22:31:50, 배그 3연속 치킨먹었네요 ,691,10,0,0
2019-01-28 08:31:51.874191,13102461,2,1,2019-01-27 22:31:50, 배그 3연속 치킨먹었네요 ,702,11,0,0
2019-01-28 09:31:56.914126,13102461,2,1,2019-01-27 22:31:50, 배그 3연속 치킨먹었네요 ,706,4,0,0
2019-01-28 10:32:02.057708,13102461,2,1,2019-01-27 22:31:50, 배그 3연속 치킨먹었네요 ,709,3,0,0
2019-01-28 11:31:54.084300,13102461,2,1,2019-01-27 22:31:50, 배그 3연속 치킨먹었네요 ,712,3,0,0
2019-01-28 12:31:59.156151,13102461,2,1,2019-01-27 22:31:50, 배그 3연속 치킨먹었네요 ,713,1,0,0
2019-01-28 13:31:51.191785,13102461,2,1,2019-01-27 22:31:50, 배그 3연속 치킨먹었네요 ,717,4,0,0
2019-01-28 14:31:56.191783,13102461,2,1,2019-01-27 22:31:50, 배그 3연속 치킨먹었네요 ,717,0,0,0
2019-01-28 15:32:01.236121,13102461,2,1,2019-01-27 22:31:50, 배그 3연속 치킨먹었네요 ,719,2,0,0
2019-01-28 16:31:53.310424,13102461,2,1,2019-01-27 22:31:50, 배그 3연속 치킨먹었네요 ,723,4,0,0
2019-01-28 17:31:58.346948,13102461,2,1,2019-01-27 22:31:50, 배그 3연속 치킨먹었네요 ,724,1,0,0
2019-01-28 18:31:50.570555,13102461,2,1,2019-01-27 22:31:50, 배그 3연속 치킨먹었네요 ,727,3,0,0
2019-01-28 19:31:55.655825,13102461,2,1,2019-01-27 22:31:50, 배그 3연속 치킨먹었네요 ,727,0,0,0
2019-01-28 20:32:00.733301,13102461,2,1,2019-01-27 22:31:50, 배그 3연속 치킨먹었네요 ,729,2,0,0
2019-01-28 21:31:52.784396,13102461,2,1,2019-01-27 22:31:50, 배그 3연속 치킨먹었네요 ,732,3,0,0
2019-01-28 22:31:57.871560,13102461,2,1,2019-01-27 22:31:50, 배그 3연속 치킨먹었네요 ,733,1,0,0
