check_time,id,post_reply,post_symph,post_time,post_title,post_view,post_view_diff,post_reply_diff,post_symph_diff
2019-01-27 23:42:28.230686,13102499,4,3,2019-01-27 22:42:25, (후방) 바바후미카.jpg ,5813,5813,4,3
2019-01-28 00:42:33.242525,13102499,5,3,2019-01-27 22:42:25, (후방) 바바후미카.jpg ,7370,1557,1,0
2019-01-28 01:42:25.420561,13102499,5,3,2019-01-27 22:42:25, (후방) 바바후미카.jpg ,8367,997,0,0
2019-01-28 02:42:30.508854,13102499,5,3,2019-01-27 22:42:25, (후방) 바바후미카.jpg ,8689,322,0,0
2019-01-28 03:42:35.555202,13102499,5,4,2019-01-27 22:42:25, (후방) 바바후미카.jpg ,8858,169,0,1
2019-01-28 04:42:27.577722,13102499,5,4,2019-01-27 22:42:25, (후방) 바바후미카.jpg ,8990,132,0,0
2019-01-28 05:42:32.592736,13102499,5,4,2019-01-27 22:42:25, (후방) 바바후미카.jpg ,9119,129,0,0
2019-01-28 06:42:37.645930,13102499,5,4,2019-01-27 22:42:25, (후방) 바바후미카.jpg ,9318,199,0,0
2019-01-28 07:42:29.892055,13102499,5,4,2019-01-27 22:42:25, (후방) 바바후미카.jpg ,9629,311,0,0
2019-01-28 08:42:35.279442,13102499,5,4,2019-01-27 22:42:25, (후방) 바바후미카.jpg ,9947,318,0,0
2019-01-28 09:42:27.312843,13102499,5,4,2019-01-27 22:42:25, (후방) 바바후미카.jpg ,10275,328,0,0
2019-01-28 10:42:32.478557,13102499,5,4,2019-01-27 22:42:25, (후방) 바바후미카.jpg ,10463,188,0,0
2019-01-28 11:42:37.552388,13102499,6,4,2019-01-27 22:42:25, (후방) 바바후미카.jpg ,10586,123,1,0
2019-01-28 12:42:29.666065,13102499,6,4,2019-01-27 22:42:25, (후방) 바바후미카.jpg ,10682,96,0,0
2019-01-28 13:42:34.758888,13102499,6,4,2019-01-27 22:42:25, (후방) 바바후미카.jpg ,10769,87,0,0
2019-01-28 14:42:26.886112,13102499,6,4,2019-01-27 22:42:25, (후방) 바바후미카.jpg ,10877,108,0,0
2019-01-28 15:42:31.984253,13102499,6,4,2019-01-27 22:42:25, (후방) 바바후미카.jpg ,10941,64,0,0
2019-01-28 16:42:37.282548,13102499,6,4,2019-01-27 22:42:25, (후방) 바바후미카.jpg ,11000,59,0,0
2019-01-28 17:42:29.270338,13102499,6,4,2019-01-27 22:42:25, (후방) 바바후미카.jpg ,11056,56,0,0
2019-01-28 18:42:34.332530,13102499,6,4,2019-01-27 22:42:25, (후방) 바바후미카.jpg ,11093,37,0,0
2019-01-28 19:42:26.320525,13102499,6,4,2019-01-27 22:42:25, (후방) 바바후미카.jpg ,11134,41,0,0
2019-01-28 20:42:31.346153,13102499,6,4,2019-01-27 22:42:25, (후방) 바바후미카.jpg ,11200,66,0,0
2019-01-28 21:42:36.573574,13102499,6,4,2019-01-27 22:42:25, (후방) 바바후미카.jpg ,11286,86,0,0
2019-01-28 22:42:28.693831,13102499,6,4,2019-01-27 22:42:25, (후방) 바바후미카.jpg ,11359,73,0,0
