check_time,id,post_reply,post_symph,post_time,post_title,post_view,post_view_diff,post_reply_diff,post_symph_diff
2019-01-24 23:37:23.498417,13091477,6,2,2019-01-24 22:37:13, 베트남 키퍼 ,2245,2245,6,2
2019-01-25 00:37:15.560068,13091477,6,2,2019-01-24 22:37:13, 베트남 키퍼 ,2336,91,0,0
2019-01-25 01:37:20.643433,13091477,6,2,2019-01-24 22:37:13, 베트남 키퍼 ,2362,26,0,0
2019-01-25 02:37:25.718724,13091477,6,2,2019-01-24 22:37:13, 베트남 키퍼 ,2371,9,0,0
2019-01-25 03:37:17.836302,13091477,6,2,2019-01-24 22:37:13, 베트남 키퍼 ,2377,6,0,0
2019-01-25 04:37:22.942152,13091477,6,2,2019-01-24 22:37:13, 베트남 키퍼 ,2386,9,0,0
2019-01-25 05:37:14.988912,13091477,6,2,2019-01-24 22:37:13, 베트남 키퍼 ,2392,6,0,0
2019-01-25 06:37:20.043142,13091477,6,2,2019-01-24 22:37:13, 베트남 키퍼 ,2402,10,0,0
2019-01-25 07:37:25.185878,13091477,6,2,2019-01-24 22:37:13, 베트남 키퍼 ,2410,8,0,0
2019-01-25 08:37:17.299320,13091477,6,2,2019-01-24 22:37:13, 베트남 키퍼 ,2420,10,0,0
2019-01-25 09:37:22.410544,13091477,6,2,2019-01-24 22:37:13, 베트남 키퍼 ,2428,8,0,0
2019-01-25 10:37:14.520541,13091477,6,2,2019-01-24 22:37:13, 베트남 키퍼 ,2443,15,0,0
2019-01-25 11:37:19.642103,13091477,6,2,2019-01-24 22:37:13, 베트남 키퍼 ,2449,6,0,0
2019-01-25 12:37:24.780947,13091477,6,2,2019-01-24 22:37:13, 베트남 키퍼 ,2451,2,0,0
2019-01-25 13:37:16.893406,13091477,6,2,2019-01-24 22:37:13, 베트남 키퍼 ,2453,2,0,0
2019-01-25 14:37:22.026025,13091477,6,2,2019-01-24 22:37:13, 베트남 키퍼 ,2457,4,0,0
2019-01-25 15:37:14.135912,13091477,6,2,2019-01-24 22:37:13, 베트남 키퍼 ,2460,3,0,0
2019-01-25 16:37:19.306911,13091477,6,2,2019-01-24 22:37:13, 베트남 키퍼 ,2462,2,0,0
2019-01-25 17:37:24.727896,13091477,6,2,2019-01-24 22:37:13, 베트남 키퍼 ,2464,2,0,0
2019-01-25 18:37:16.811441,13091477,6,2,2019-01-24 22:37:13, 베트남 키퍼 ,2466,2,0,0
2019-01-25 19:37:21.946474,13091477,6,2,2019-01-24 22:37:13, 베트남 키퍼 ,2468,2,0,0
2019-01-25 20:37:14.069046,13091477,6,2,2019-01-24 22:37:13, 베트남 키퍼 ,2469,1,0,0
2019-01-25 21:37:19.135724,13091477,6,2,2019-01-24 22:37:13, 베트남 키퍼 ,2472,3,0,0
2019-01-25 22:37:24.184767,13091477,6,2,2019-01-24 22:37:13, 베트남 키퍼 ,2474,2,0,0
