check_time,id,post_reply,post_symph,post_time,post_title,post_view,post_view_diff,post_reply_diff,post_symph_diff
2019-01-24 23:57:10.786815,13091583,10,10,2019-01-24 22:57:07, 항일전 잼나네요 ,2665,2665,10,10
2019-01-25 00:57:16.029265,13091583,10,10,2019-01-24 22:57:07, 항일전 잼나네요 ,2918,253,0,0
2019-01-25 01:57:08.130214,13091583,10,10,2019-01-24 22:57:07, 항일전 잼나네요 ,2994,76,0,0
2019-01-25 02:57:13.288406,13091583,10,10,2019-01-24 22:57:07, 항일전 잼나네요 ,3019,25,0,0
2019-01-25 03:57:18.438032,13091583,10,10,2019-01-24 22:57:07, 항일전 잼나네요 ,3042,23,0,0
2019-01-25 04:57:10.673851,13091583,10,11,2019-01-24 22:57:07, 항일전 잼나네요 ,3060,18,0,1
2019-01-25 05:57:15.732909,13091583,10,11,2019-01-24 22:57:07, 항일전 잼나네요 ,3077,17,0,0
2019-01-25 06:57:07.743130,13091583,10,11,2019-01-24 22:57:07, 항일전 잼나네요 ,3103,26,0,0
2019-01-25 07:57:12.681631,13091583,10,11,2019-01-24 22:57:07, 항일전 잼나네요 ,3156,53,0,0
2019-01-25 08:57:17.720664,13091583,10,11,2019-01-24 22:57:07, 항일전 잼나네요 ,3205,49,0,0
2019-01-25 09:57:09.730389,13091583,10,11,2019-01-24 22:57:07, 항일전 잼나네요 ,3236,31,0,0
2019-01-25 10:57:14.773665,13091583,10,11,2019-01-24 22:57:07, 항일전 잼나네요 ,3262,26,0,0
2019-01-25 11:57:19.797456,13091583,10,11,2019-01-24 22:57:07, 항일전 잼나네요 ,3277,15,0,0
2019-01-25 12:57:11.821289,13091583,10,11,2019-01-24 22:57:07, 항일전 잼나네요 ,3283,6,0,0
2019-01-25 13:57:16.943045,13091583,10,11,2019-01-24 22:57:07, 항일전 잼나네요 ,3290,7,0,0
2019-01-25 14:57:08.993305,13091583,10,11,2019-01-24 22:57:07, 항일전 잼나네요 ,3297,7,0,0
2019-01-25 15:57:14.111258,13091583,10,11,2019-01-24 22:57:07, 항일전 잼나네요 ,3301,4,0,0
2019-01-25 16:57:19.203903,13091583,10,11,2019-01-24 22:57:07, 항일전 잼나네요 ,3304,3,0,0
2019-01-25 17:57:12.321116,13091583,10,11,2019-01-24 22:57:07, 항일전 잼나네요 ,3307,3,0,0
2019-01-25 18:57:17.307774,13091583,10,11,2019-01-24 22:57:07, 항일전 잼나네요 ,3314,7,0,0
2019-01-25 19:57:09.909090,13091583,10,11,2019-01-24 22:57:07, 항일전 잼나네요 ,3317,3,0,0
2019-01-25 20:57:14.914640,13091583,10,11,2019-01-24 22:57:07, 항일전 잼나네요 ,3318,1,0,0
2019-01-25 21:57:19.981288,13091583,10,11,2019-01-24 22:57:07, 항일전 잼나네요 ,3320,2,0,0
2019-01-25 22:57:12.057814,13091583,10,11,2019-01-24 22:57:07, 항일전 잼나네요 ,3323,3,0,0
