check_time,id,post_reply,post_symph,post_time,post_title,post_view,post_view_diff,post_reply_diff,post_symph_diff
2019-01-24 23:51:47.763127,13091555,14,0,2019-01-24 22:51:36, 동네에 스벅R 이 생겼네요 ,2086,2086,14,0
2019-01-25 00:51:39.766687,13091555,14,0,2019-01-24 22:51:36, 동네에 스벅R 이 생겼네요 ,2300,214,0,0
2019-01-25 01:51:44.830057,13091555,14,0,2019-01-24 22:51:36, 동네에 스벅R 이 생겼네요 ,2353,53,0,0
2019-01-25 02:51:36.876892,13091555,14,0,2019-01-24 22:51:36, 동네에 스벅R 이 생겼네요 ,2374,21,0,0
2019-01-25 03:51:41.923777,13091555,14,0,2019-01-24 22:51:36, 동네에 스벅R 이 생겼네요 ,2385,11,0,0
2019-01-25 04:51:46.927898,13091555,14,0,2019-01-24 22:51:36, 동네에 스벅R 이 생겼네요 ,2395,10,0,0
2019-01-25 05:51:38.936065,13091555,14,0,2019-01-24 22:51:36, 동네에 스벅R 이 생겼네요 ,2409,14,0,0
2019-01-25 06:51:43.990605,13091555,15,0,2019-01-24 22:51:36, 동네에 스벅R 이 생겼네요 ,2420,11,1,0
2019-01-25 07:51:36.047163,13091555,15,0,2019-01-24 22:51:36, 동네에 스벅R 이 생겼네요 ,2440,20,0,0
2019-01-25 08:51:41.073402,13091555,15,0,2019-01-24 22:51:36, 동네에 스벅R 이 생겼네요 ,2456,16,0,0
2019-01-25 09:51:46.615728,13091555,15,0,2019-01-24 22:51:36, 동네에 스벅R 이 생겼네요 ,2472,16,0,0
2019-01-25 10:51:38.622592,13091555,15,0,2019-01-24 22:51:36, 동네에 스벅R 이 생겼네요 ,2480,8,0,0
2019-01-25 11:51:43.921619,13091555,15,0,2019-01-24 22:51:36, 동네에 스벅R 이 생겼네요 ,2491,11,0,0
2019-01-25 12:51:49.002151,13091555,15,0,2019-01-24 22:51:36, 동네에 스벅R 이 생겼네요 ,2496,5,0,0
2019-01-25 13:51:41.134461,13091555,15,0,2019-01-24 22:51:36, 동네에 스벅R 이 생겼네요 ,2500,4,0,0
2019-01-25 14:51:46.147298,13091555,15,0,2019-01-24 22:51:36, 동네에 스벅R 이 생겼네요 ,2512,12,0,0
2019-01-25 15:51:38.193166,13091555,15,0,2019-01-24 22:51:36, 동네에 스벅R 이 생겼네요 ,2518,6,0,0
2019-01-25 16:51:43.415178,13091555,15,0,2019-01-24 22:51:36, 동네에 스벅R 이 생겼네요 ,2520,2,0,0
2019-01-25 17:51:48.615769,13091555,15,0,2019-01-24 22:51:36, 동네에 스벅R 이 생겼네요 ,2521,1,0,0
2019-01-25 18:51:40.817149,13091555,15,0,2019-01-24 22:51:36, 동네에 스벅R 이 생겼네요 ,2525,4,0,0
2019-01-25 19:51:45.952316,13091555,15,0,2019-01-24 22:51:36, 동네에 스벅R 이 생겼네요 ,2527,2,0,0
2019-01-25 20:51:38.139626,13091555,15,0,2019-01-24 22:51:36, 동네에 스벅R 이 생겼네요 ,2531,4,0,0
2019-01-25 21:51:43.287202,13091555,15,0,2019-01-24 22:51:36, 동네에 스벅R 이 생겼네요 ,2534,3,0,0
2019-01-25 22:51:48.460125,13091555,15,0,2019-01-24 22:51:36, 동네에 스벅R 이 생겼네요 ,2536,2,0,0
