check_time,id,post_reply,post_symph,post_time,post_title,post_view,post_view_diff,post_reply_diff,post_symph_diff
2019-01-29 23:27:10.667419,13109968,4,0,2019-01-29 22:26:59, 복숭아밭 아가씨가 너무 관능적이네요. ,3162,3162,4,0
2019-01-30 00:27:03.000860,13109968,4,0,2019-01-29 22:26:59, 복숭아밭 아가씨가 너무 관능적이네요. ,3756,594,0,0
2019-01-30 01:27:08.320503,13109968,4,0,2019-01-29 22:26:59, 복숭아밭 아가씨가 너무 관능적이네요. ,4003,247,0,0
2019-01-30 02:27:00.321395,13109968,4,0,2019-01-29 22:26:59, 복숭아밭 아가씨가 너무 관능적이네요. ,4136,133,0,0
2019-01-30 03:27:05.386721,13109968,4,0,2019-01-29 22:26:59, 복숭아밭 아가씨가 너무 관능적이네요. ,4228,92,0,0
2019-01-30 04:27:10.400100,13109968,4,0,2019-01-29 22:26:59, 복숭아밭 아가씨가 너무 관능적이네요. ,4301,73,0,0
2019-01-30 05:27:02.399909,13109968,4,1,2019-01-29 22:26:59, 복숭아밭 아가씨가 너무 관능적이네요. ,4349,48,0,1
2019-01-30 06:27:07.386691,13109968,4,1,2019-01-29 22:26:59, 복숭아밭 아가씨가 너무 관능적이네요. ,4428,79,0,0
2019-01-30 07:26:59.387784,13109968,4,1,2019-01-29 22:26:59, 복숭아밭 아가씨가 너무 관능적이네요. ,4529,101,0,0
2019-01-30 08:27:04.397538,13109968,4,1,2019-01-29 22:26:59, 복숭아밭 아가씨가 너무 관능적이네요. ,4683,154,0,0
2019-01-30 09:27:09.400070,13109968,4,1,2019-01-29 22:26:59, 복숭아밭 아가씨가 너무 관능적이네요. ,4791,108,0,0
2019-01-30 10:27:01.482713,13109968,4,1,2019-01-29 22:26:59, 복숭아밭 아가씨가 너무 관능적이네요. ,4855,64,0,0
2019-01-30 11:27:06.586892,13109968,4,1,2019-01-29 22:26:59, 복숭아밭 아가씨가 너무 관능적이네요. ,4890,35,0,0
2019-01-30 12:27:11.580664,13109968,4,1,2019-01-29 22:26:59, 복숭아밭 아가씨가 너무 관능적이네요. ,4910,20,0,0
2019-01-30 13:27:03.717807,13109968,4,1,2019-01-29 22:26:59, 복숭아밭 아가씨가 너무 관능적이네요. ,4927,17,0,0
2019-01-30 14:27:08.999948,13109968,4,1,2019-01-29 22:26:59, 복숭아밭 아가씨가 너무 관능적이네요. ,4944,17,0,0
2019-01-30 15:27:01.244584,13109968,4,1,2019-01-29 22:26:59, 복숭아밭 아가씨가 너무 관능적이네요. ,4960,16,0,0
2019-01-30 16:27:06.231928,13109968,4,1,2019-01-29 22:26:59, 복숭아밭 아가씨가 너무 관능적이네요. ,4967,7,0,0
2019-01-30 17:27:11.311461,13109968,4,1,2019-01-29 22:26:59, 복숭아밭 아가씨가 너무 관능적이네요. ,4973,6,0,0
2019-01-30 18:27:03.288648,13109968,4,1,2019-01-29 22:26:59, 복숭아밭 아가씨가 너무 관능적이네요. ,4978,5,0,0
2019-01-30 19:27:08.521410,13109968,4,1,2019-01-29 22:26:59, 복숭아밭 아가씨가 너무 관능적이네요. ,4983,5,0,0
2019-01-30 20:27:00.500936,13109968,4,1,2019-01-29 22:26:59, 복숭아밭 아가씨가 너무 관능적이네요. ,4985,2,0,0
2019-01-30 21:27:06.369632,13109968,4,1,2019-01-29 22:26:59, 복숭아밭 아가씨가 너무 관능적이네요. ,4990,5,0,0
2019-01-30 22:27:11.540357,13109968,4,1,2019-01-29 22:26:59, 복숭아밭 아가씨가 너무 관능적이네요. ,5003,13,0,0
