check_time,id,post_reply,post_symph,post_time,post_title,post_view,post_view_diff,post_reply_diff,post_symph_diff
2019-01-29 23:06:56.760748,13109908,9,0,2019-01-29 22:06:50, 지금 타이밍이 폰 바꾸는게 참 애매하네요 ,630,630,9,0
2019-01-30 00:07:01.847010,13109908,9,0,2019-01-29 22:06:50, 지금 타이밍이 폰 바꾸는게 참 애매하네요 ,704,74,0,0
2019-01-30 01:06:53.882275,13109908,9,0,2019-01-29 22:06:50, 지금 타이밍이 폰 바꾸는게 참 애매하네요 ,731,27,0,0
2019-01-30 02:06:58.913277,13109908,9,0,2019-01-29 22:06:50, 지금 타이밍이 폰 바꾸는게 참 애매하네요 ,745,14,0,0
2019-01-30 03:06:50.965998,13109908,9,0,2019-01-29 22:06:50, 지금 타이밍이 폰 바꾸는게 참 애매하네요 ,754,9,0,0
2019-01-30 04:06:56.005649,13109908,9,0,2019-01-29 22:06:50, 지금 타이밍이 폰 바꾸는게 참 애매하네요 ,761,7,0,0
2019-01-30 05:07:01.019004,13109908,9,0,2019-01-29 22:06:50, 지금 타이밍이 폰 바꾸는게 참 애매하네요 ,768,7,0,0
2019-01-30 06:06:53.045634,13109908,9,0,2019-01-29 22:06:50, 지금 타이밍이 폰 바꾸는게 참 애매하네요 ,773,5,0,0
2019-01-30 07:06:58.320525,13109908,9,0,2019-01-29 22:06:50, 지금 타이밍이 폰 바꾸는게 참 애매하네요 ,781,8,0,0
2019-01-30 08:06:50.320489,13109908,9,0,2019-01-29 22:06:50, 지금 타이밍이 폰 바꾸는게 참 애매하네요 ,791,10,0,0
2019-01-30 09:06:55.527325,13109908,9,0,2019-01-29 22:06:50, 지금 타이밍이 폰 바꾸는게 참 애매하네요 ,801,10,0,0
2019-01-30 10:07:00.889202,13109908,9,0,2019-01-29 22:06:50, 지금 타이밍이 폰 바꾸는게 참 애매하네요 ,807,6,0,0
2019-01-30 11:06:52.960757,13109908,9,0,2019-01-29 22:06:50, 지금 타이밍이 폰 바꾸는게 참 애매하네요 ,814,7,0,0
2019-01-30 12:06:57.983538,13109908,9,0,2019-01-29 22:06:50, 지금 타이밍이 폰 바꾸는게 참 애매하네요 ,818,4,0,0
2019-01-30 13:07:03.013324,13109908,9,0,2019-01-29 22:06:50, 지금 타이밍이 폰 바꾸는게 참 애매하네요 ,825,7,0,0
2019-01-30 14:06:55.096306,13109908,9,0,2019-01-29 22:06:50, 지금 타이밍이 폰 바꾸는게 참 애매하네요 ,830,5,0,0
2019-01-30 15:07:00.046612,13109908,9,0,2019-01-29 22:06:50, 지금 타이밍이 폰 바꾸는게 참 애매하네요 ,835,5,0,0
2019-01-30 16:06:52.147000,13109908,9,0,2019-01-29 22:06:50, 지금 타이밍이 폰 바꾸는게 참 애매하네요 ,838,3,0,0
2019-01-30 17:06:57.217224,13109908,9,0,2019-01-29 22:06:50, 지금 타이밍이 폰 바꾸는게 참 애매하네요 ,851,13,0,0
2019-01-30 18:07:02.333307,13109908,9,0,2019-01-29 22:06:50, 지금 타이밍이 폰 바꾸는게 참 애매하네요 ,857,6,0,0
2019-01-30 19:06:54.436123,13109908,9,0,2019-01-29 22:06:50, 지금 타이밍이 폰 바꾸는게 참 애매하네요 ,862,5,0,0
2019-01-30 20:06:59.558577,13109908,9,0,2019-01-29 22:06:50, 지금 타이밍이 폰 바꾸는게 참 애매하네요 ,864,2,0,0
2019-01-30 21:06:51.901390,13109908,9,0,2019-01-29 22:06:50, 지금 타이밍이 폰 바꾸는게 참 애매하네요 ,868,4,0,0
2019-01-30 22:06:56.966087,13109908,9,0,2019-01-29 22:06:50, 지금 타이밍이 폰 바꾸는게 참 애매하네요 ,874,6,0,0
