check_time,id,post_reply,post_symph,post_time,post_title,post_view,post_view_diff,post_reply_diff,post_symph_diff
2019-01-26 23:56:49.795693,13099386,3,0,2019-01-26 22:56:49, 저의 최고의 애니메 OST는... ,335,335,3,0
2019-01-27 00:56:54.877268,13099386,3,0,2019-01-26 22:56:49, 저의 최고의 애니메 OST는... ,355,20,0,0
2019-01-27 01:56:59.900004,13099386,3,0,2019-01-26 22:56:49, 저의 최고의 애니메 OST는... ,372,17,0,0
2019-01-27 02:56:51.846962,13099386,3,0,2019-01-26 22:56:49, 저의 최고의 애니메 OST는... ,377,5,0,0
2019-01-27 03:56:56.860796,13099386,3,0,2019-01-26 22:56:49, 저의 최고의 애니메 OST는... ,382,5,0,0
2019-01-27 04:57:01.897016,13099386,3,0,2019-01-26 22:56:49, 저의 최고의 애니메 OST는... ,385,3,0,0
2019-01-27 05:56:53.960548,13099386,3,0,2019-01-26 22:56:49, 저의 최고의 애니메 OST는... ,390,5,0,0
2019-01-27 06:56:59.149957,13099386,3,0,2019-01-26 22:56:49, 저의 최고의 애니메 OST는... ,391,1,0,0
2019-01-27 07:56:51.234826,13099386,3,0,2019-01-26 22:56:49, 저의 최고의 애니메 OST는... ,393,2,0,0
2019-01-27 08:56:56.734878,13099386,3,0,2019-01-26 22:56:49, 저의 최고의 애니메 OST는... ,396,3,0,0
2019-01-27 09:57:01.774842,13099386,3,0,2019-01-26 22:56:49, 저의 최고의 애니메 OST는... ,399,3,0,0
2019-01-27 10:56:53.844774,13099386,3,0,2019-01-26 22:56:49, 저의 최고의 애니메 OST는... ,402,3,0,0
2019-01-27 11:56:58.945217,13099386,3,0,2019-01-26 22:56:49, 저의 최고의 애니메 OST는... ,406,4,0,0
2019-01-27 12:56:51.007803,13099386,3,0,2019-01-26 22:56:49, 저의 최고의 애니메 OST는... ,410,4,0,0
2019-01-27 13:56:56.098363,13099386,3,0,2019-01-26 22:56:49, 저의 최고의 애니메 OST는... ,412,2,0,0
2019-01-27 14:57:01.152108,13099386,3,0,2019-01-26 22:56:49, 저의 최고의 애니메 OST는... ,415,3,0,0
2019-01-27 15:56:53.212542,13099386,3,0,2019-01-26 22:56:49, 저의 최고의 애니메 OST는... ,419,4,0,0
2019-01-27 16:56:58.274480,13099386,3,0,2019-01-26 22:56:49, 저의 최고의 애니메 OST는... ,421,2,0,0
2019-01-27 17:56:50.352058,13099386,3,0,2019-01-26 22:56:49, 저의 최고의 애니메 OST는... ,425,4,0,0
2019-01-27 18:56:55.333000,13099386,3,0,2019-01-26 22:56:49, 저의 최고의 애니메 OST는... ,427,2,0,0
2019-01-27 19:57:00.403293,13099386,3,0,2019-01-26 22:56:49, 저의 최고의 애니메 OST는... ,428,1,0,0
2019-01-27 20:56:52.479546,13099386,3,0,2019-01-26 22:56:49, 저의 최고의 애니메 OST는... ,431,3,0,0
2019-01-27 21:56:57.557830,13099386,3,0,2019-01-26 22:56:49, 저의 최고의 애니메 OST는... ,435,4,0,0
2019-01-27 22:56:49.732711,13099386,3,0,2019-01-26 22:56:49, 저의 최고의 애니메 OST는... ,438,3,0,0
