check_time,id,post_reply,post_symph,post_time,post_title,post_view,post_view_diff,post_reply_diff,post_symph_diff
2019-01-25 23:52:08.660568,13095659,36,1,2019-01-25 22:52:03, 아파트 쓰레기장에 버려진 결혼액자.jpg ,3896,3896,36,1
2019-01-26 00:52:13.729542,13095659,37,1,2019-01-25 22:52:03, 아파트 쓰레기장에 버려진 결혼액자.jpg ,4881,985,1,0
2019-01-26 01:52:05.760203,13095659,37,1,2019-01-25 22:52:03, 아파트 쓰레기장에 버려진 결혼액자.jpg ,5484,603,0,0
2019-01-26 02:52:10.839015,13095659,37,1,2019-01-25 22:52:03, 아파트 쓰레기장에 버려진 결혼액자.jpg ,5637,153,0,0
2019-01-26 03:52:15.852865,13095659,37,1,2019-01-25 22:52:03, 아파트 쓰레기장에 버려진 결혼액자.jpg ,5717,80,0,0
2019-01-26 04:52:07.831632,13095659,37,1,2019-01-25 22:52:03, 아파트 쓰레기장에 버려진 결혼액자.jpg ,5764,47,0,0
2019-01-26 05:52:12.877485,13095659,37,1,2019-01-25 22:52:03, 아파트 쓰레기장에 버려진 결혼액자.jpg ,5821,57,0,0
2019-01-26 06:52:04.870965,13095659,37,1,2019-01-25 22:52:03, 아파트 쓰레기장에 버려진 결혼액자.jpg ,5869,48,0,0
2019-01-26 07:52:09.953965,13095659,37,1,2019-01-25 22:52:03, 아파트 쓰레기장에 버려진 결혼액자.jpg ,5937,68,0,0
2019-01-26 08:52:15.044201,13095659,37,1,2019-01-25 22:52:03, 아파트 쓰레기장에 버려진 결혼액자.jpg ,6101,164,0,0
2019-01-26 09:52:07.159774,13095659,37,1,2019-01-25 22:52:03, 아파트 쓰레기장에 버려진 결혼액자.jpg ,6191,90,0,0
2019-01-26 10:52:12.215870,13095659,37,1,2019-01-25 22:52:03, 아파트 쓰레기장에 버려진 결혼액자.jpg ,6253,62,0,0
2019-01-26 11:52:04.292195,13095659,37,1,2019-01-25 22:52:03, 아파트 쓰레기장에 버려진 결혼액자.jpg ,6270,17,0,0
2019-01-26 12:52:09.382850,13095659,37,1,2019-01-25 22:52:03, 아파트 쓰레기장에 버려진 결혼액자.jpg ,6288,18,0,0
2019-01-26 13:52:14.487370,13095659,37,1,2019-01-25 22:52:03, 아파트 쓰레기장에 버려진 결혼액자.jpg ,6300,12,0,0
2019-01-26 14:52:06.589269,13095659,37,1,2019-01-25 22:52:03, 아파트 쓰레기장에 버려진 결혼액자.jpg ,6312,12,0,0
2019-01-26 15:52:11.886171,13095659,37,1,2019-01-25 22:52:03, 아파트 쓰레기장에 버려진 결혼액자.jpg ,6322,10,0,0
2019-01-26 16:52:03.958581,13095659,37,1,2019-01-25 22:52:03, 아파트 쓰레기장에 버려진 결혼액자.jpg ,6332,10,0,0
2019-01-26 17:52:09.078075,13095659,37,1,2019-01-25 22:52:03, 아파트 쓰레기장에 버려진 결혼액자.jpg ,6335,3,0,0
2019-01-26 18:52:14.197665,13095659,37,1,2019-01-25 22:52:03, 아파트 쓰레기장에 버려진 결혼액자.jpg ,6342,7,0,0
2019-01-26 19:52:06.288179,13095659,37,1,2019-01-25 22:52:03, 아파트 쓰레기장에 버려진 결혼액자.jpg ,6352,10,0,0
2019-01-26 20:52:11.903233,13095659,37,1,2019-01-25 22:52:03, 아파트 쓰레기장에 버려진 결혼액자.jpg ,6361,9,0,0
2019-01-26 21:52:04.012050,13095659,37,1,2019-01-25 22:52:03, 아파트 쓰레기장에 버려진 결혼액자.jpg ,6368,7,0,0
2019-01-26 22:52:09.162092,13095659,37,1,2019-01-25 22:52:03, 아파트 쓰레기장에 버려진 결혼액자.jpg ,6373,5,0,0
