check_time,id,post_reply,post_symph,post_time,post_title,post_view,post_view_diff,post_reply_diff,post_symph_diff
2019-01-27 23:22:17.177267,13102424,16,1,2019-01-27 22:22:08, 샤잠 한글 로고 실화입니까... ,2240,2240,16,1
2019-01-28 00:22:09.240786,13102424,16,1,2019-01-27 22:22:08, 샤잠 한글 로고 실화입니까... ,2585,345,0,0
2019-01-28 01:22:14.280104,13102424,17,1,2019-01-27 22:22:08, 샤잠 한글 로고 실화입니까... ,2691,106,1,0
2019-01-28 02:22:19.485606,13102424,17,1,2019-01-27 22:22:08, 샤잠 한글 로고 실화입니까... ,2743,52,0,0
2019-01-28 03:22:11.520094,13102424,17,1,2019-01-27 22:22:08, 샤잠 한글 로고 실화입니까... ,2771,28,0,0
2019-01-28 04:22:16.570996,13102424,17,1,2019-01-27 22:22:08, 샤잠 한글 로고 실화입니까... ,2793,22,0,0
2019-01-28 05:22:08.597145,13102424,17,1,2019-01-27 22:22:08, 샤잠 한글 로고 실화입니까... ,2810,17,0,0
2019-01-28 06:22:13.636643,13102424,17,1,2019-01-27 22:22:08, 샤잠 한글 로고 실화입니까... ,2826,16,0,0
2019-01-28 07:22:18.552194,13102424,17,1,2019-01-27 22:22:08, 샤잠 한글 로고 실화입니까... ,2846,20,0,0
2019-01-28 08:22:10.695362,13102424,17,1,2019-01-27 22:22:08, 샤잠 한글 로고 실화입니까... ,2875,29,0,0
2019-01-28 09:22:15.800481,13102424,17,1,2019-01-27 22:22:08, 샤잠 한글 로고 실화입니까... ,2901,26,0,0
2019-01-28 10:22:20.910276,13102424,17,1,2019-01-27 22:22:08, 샤잠 한글 로고 실화입니까... ,2917,16,0,0
2019-01-28 11:22:12.913120,13102424,17,1,2019-01-27 22:22:08, 샤잠 한글 로고 실화입니까... ,2926,9,0,0
2019-01-28 12:22:17.992866,13102424,17,1,2019-01-27 22:22:08, 샤잠 한글 로고 실화입니까... ,2930,4,0,0
2019-01-28 13:22:10.019847,13102424,17,1,2019-01-27 22:22:08, 샤잠 한글 로고 실화입니까... ,2940,10,0,0
2019-01-28 14:22:15.092340,13102424,17,1,2019-01-27 22:22:08, 샤잠 한글 로고 실화입니까... ,2948,8,0,0
2019-01-28 15:22:20.143498,13102424,17,1,2019-01-27 22:22:08, 샤잠 한글 로고 실화입니까... ,2954,6,0,0
2019-01-28 16:22:12.232991,13102424,17,1,2019-01-27 22:22:08, 샤잠 한글 로고 실화입니까... ,2958,4,0,0
2019-01-28 17:22:17.335152,13102424,17,1,2019-01-27 22:22:08, 샤잠 한글 로고 실화입니까... ,2959,1,0,0
2019-01-28 18:22:09.378946,13102424,17,1,2019-01-27 22:22:08, 샤잠 한글 로고 실화입니까... ,2962,3,0,0
2019-01-28 19:22:14.438189,13102424,17,1,2019-01-27 22:22:08, 샤잠 한글 로고 실화입니까... ,2963,1,0,0
2019-01-28 20:22:19.478465,13102424,17,1,2019-01-27 22:22:08, 샤잠 한글 로고 실화입니까... ,2966,3,0,0
2019-01-28 21:22:11.589946,13102424,17,1,2019-01-27 22:22:08, 샤잠 한글 로고 실화입니까... ,2967,1,0,0
2019-01-28 22:22:16.853606,13102424,17,1,2019-01-27 22:22:08, 샤잠 한글 로고 실화입니까... ,2968,1,0,0
