check_time,id,post_reply,post_symph,post_time,post_title,post_view,post_view_diff,post_reply_diff,post_symph_diff
2019-01-26 23:27:34.939674,13099310,3,0,2019-01-26 22:27:25, 제가 생각하는 최고의 애니 ost ,834,834,3,0
2019-01-27 00:27:26.992767,13099310,3,0,2019-01-26 22:27:25, 제가 생각하는 최고의 애니 ost ,904,70,0,0
2019-01-27 01:27:32.057644,13099310,3,0,2019-01-26 22:27:25, 제가 생각하는 최고의 애니 ost ,926,22,0,0
2019-01-27 02:27:37.071522,13099310,3,0,2019-01-26 22:27:25, 제가 생각하는 최고의 애니 ost ,936,10,0,0
2019-01-27 03:27:29.124037,13099310,3,0,2019-01-26 22:27:25, 제가 생각하는 최고의 애니 ost ,941,5,0,0
2019-01-27 04:27:34.138539,13099310,3,0,2019-01-26 22:27:25, 제가 생각하는 최고의 애니 ost ,942,1,0,0
2019-01-27 05:27:26.190093,13099310,3,0,2019-01-26 22:27:25, 제가 생각하는 최고의 애니 ost ,946,4,0,0
2019-01-27 06:27:31.386826,13099310,3,0,2019-01-26 22:27:25, 제가 생각하는 최고의 애니 ost ,948,2,0,0
2019-01-27 07:27:36.454572,13099310,3,0,2019-01-26 22:27:25, 제가 생각하는 최고의 애니 ost ,950,2,0,0
2019-01-27 08:27:28.506216,13099310,3,0,2019-01-26 22:27:25, 제가 생각하는 최고의 애니 ost ,952,2,0,0
2019-01-27 09:27:33.538589,13099310,3,0,2019-01-26 22:27:25, 제가 생각하는 최고의 애니 ost ,957,5,0,0
2019-01-27 10:27:25.587772,13099310,3,0,2019-01-26 22:27:25, 제가 생각하는 최고의 애니 ost ,958,1,0,0
2019-01-27 11:27:30.689744,13099310,3,0,2019-01-26 22:27:25, 제가 생각하는 최고의 애니 ost ,966,8,0,0
2019-01-27 12:27:35.770316,13099310,3,0,2019-01-26 22:27:25, 제가 생각하는 최고의 애니 ost ,967,1,0,0
2019-01-27 13:27:27.799394,13099310,3,0,2019-01-26 22:27:25, 제가 생각하는 최고의 애니 ost ,969,2,0,0
2019-01-27 14:27:32.860103,13099310,3,0,2019-01-26 22:27:25, 제가 생각하는 최고의 애니 ost ,971,2,0,0
2019-01-27 15:27:37.875164,13099310,3,0,2019-01-26 22:27:25, 제가 생각하는 최고의 애니 ost ,973,2,0,0
2019-01-27 16:27:29.929955,13099310,3,0,2019-01-26 22:27:25, 제가 생각하는 최고의 애니 ost ,976,3,0,0
2019-01-27 17:27:34.997942,13099310,3,0,2019-01-26 22:27:25, 제가 생각하는 최고의 애니 ost ,977,1,0,0
2019-01-27 18:27:27.268250,13099310,3,0,2019-01-26 22:27:25, 제가 생각하는 최고의 애니 ost ,979,2,0,0
2019-01-27 19:27:32.757393,13099310,3,0,2019-01-26 22:27:25, 제가 생각하는 최고의 애니 ost ,980,1,0,0
2019-01-27 20:27:37.842819,13099310,3,0,2019-01-26 22:27:25, 제가 생각하는 최고의 애니 ost ,981,1,0,0
2019-01-27 21:27:29.950335,13099310,3,0,2019-01-26 22:27:25, 제가 생각하는 최고의 애니 ost ,984,3,0,0
2019-01-27 22:27:34.972484,13099310,3,0,2019-01-26 22:27:25, 제가 생각하는 최고의 애니 ost ,987,3,0,0
