check_time,id,post_reply,post_symph,post_time,post_title,post_view,post_view_diff,post_reply_diff,post_symph_diff
2019-01-29 23:31:46.405689,13109986,2,0,2019-01-29 22:31:45, 파x다학원은 명절때마다 꾸준히 이벤트하네요 ,903,903,2,0
2019-01-30 00:31:51.533492,13109986,2,0,2019-01-29 22:31:45, 파x다학원은 명절때마다 꾸준히 이벤트하네요 ,1015,112,0,0
2019-01-30 01:31:56.612639,13109986,2,0,2019-01-29 22:31:45, 파x다학원은 명절때마다 꾸준히 이벤트하네요 ,1055,40,0,0
2019-01-30 02:31:48.708387,13109986,2,0,2019-01-29 22:31:45, 파x다학원은 명절때마다 꾸준히 이벤트하네요 ,1080,25,0,0
2019-01-30 03:31:54.055084,13109986,2,0,2019-01-29 22:31:45, 파x다학원은 명절때마다 꾸준히 이벤트하네요 ,1091,11,0,0
2019-01-30 04:31:46.339254,13109986,2,0,2019-01-29 22:31:45, 파x다학원은 명절때마다 꾸준히 이벤트하네요 ,1101,10,0,0
2019-01-30 05:31:51.422869,13109986,2,0,2019-01-29 22:31:45, 파x다학원은 명절때마다 꾸준히 이벤트하네요 ,1106,5,0,0
2019-01-30 06:31:56.789926,13109986,2,0,2019-01-29 22:31:45, 파x다학원은 명절때마다 꾸준히 이벤트하네요 ,1112,6,0,0
2019-01-30 07:31:49.027815,13109986,2,0,2019-01-29 22:31:45, 파x다학원은 명절때마다 꾸준히 이벤트하네요 ,1121,9,0,0
2019-01-30 08:31:54.090597,13109986,2,0,2019-01-29 22:31:45, 파x다학원은 명절때마다 꾸준히 이벤트하네요 ,1138,17,0,0
2019-01-30 09:31:46.260993,13109986,2,0,2019-01-29 22:31:45, 파x다학원은 명절때마다 꾸준히 이벤트하네요 ,1146,8,0,0
2019-01-30 10:31:51.335222,13109986,2,0,2019-01-29 22:31:45, 파x다학원은 명절때마다 꾸준히 이벤트하네요 ,1153,7,0,0
2019-01-30 11:31:56.531385,13109986,2,0,2019-01-29 22:31:45, 파x다학원은 명절때마다 꾸준히 이벤트하네요 ,1154,1,0,0
2019-01-30 12:31:48.656315,13109986,2,0,2019-01-29 22:31:45, 파x다학원은 명절때마다 꾸준히 이벤트하네요 ,1156,2,0,0
2019-01-30 13:31:53.792145,13109986,2,0,2019-01-29 22:31:45, 파x다학원은 명절때마다 꾸준히 이벤트하네요 ,1163,7,0,0
2019-01-30 14:31:45.941056,13109986,2,0,2019-01-29 22:31:45, 파x다학원은 명절때마다 꾸준히 이벤트하네요 ,1164,1,0,0
2019-01-30 15:31:51.026825,13109986,2,0,2019-01-29 22:31:45, 파x다학원은 명절때마다 꾸준히 이벤트하네요 ,1167,3,0,0
2019-01-30 16:31:56.124387,13109986,2,0,2019-01-29 22:31:45, 파x다학원은 명절때마다 꾸준히 이벤트하네요 ,1168,1,0,0
2019-01-30 17:31:48.218902,13109986,2,0,2019-01-29 22:31:45, 파x다학원은 명절때마다 꾸준히 이벤트하네요 ,1171,3,0,0
2019-01-30 18:31:53.277490,13109986,2,0,2019-01-29 22:31:45, 파x다학원은 명절때마다 꾸준히 이벤트하네요 ,1171,0,0,0
2019-01-30 19:31:45.289268,13109986,2,0,2019-01-29 22:31:45, 파x다학원은 명절때마다 꾸준히 이벤트하네요 ,1173,2,0,0
2019-01-30 20:31:50.349747,13109986,2,0,2019-01-29 22:31:45, 파x다학원은 명절때마다 꾸준히 이벤트하네요 ,1174,1,0,0
2019-01-30 21:31:55.452528,13109986,2,0,2019-01-29 22:31:45, 파x다학원은 명절때마다 꾸준히 이벤트하네요 ,1176,2,0,0
2019-01-30 22:31:47.412479,13109986,2,0,2019-01-29 22:31:45, 파x다학원은 명절때마다 꾸준히 이벤트하네요 ,1176,0,0,0
