check_time,id,post_reply,post_symph,post_time,post_title,post_view,post_view_diff,post_reply_diff,post_symph_diff
2019-01-26 23:07:10.585217,13099259,0,0,2019-01-26 22:06:58, 내일 마트 쉬는날이라 늦게 다녀왔네요 ,555,555,0,0
2019-01-27 00:07:02.707398,13099259,0,0,2019-01-26 22:06:58, 내일 마트 쉬는날이라 늦게 다녀왔네요 ,637,82,0,0
2019-01-27 01:07:07.840491,13099259,0,0,2019-01-26 22:06:58, 내일 마트 쉬는날이라 늦게 다녀왔네요 ,649,12,0,0
2019-01-27 02:06:59.956647,13099259,0,0,2019-01-26 22:06:58, 내일 마트 쉬는날이라 늦게 다녀왔네요 ,655,6,0,0
2019-01-27 03:07:05.160650,13099259,0,0,2019-01-26 22:06:58, 내일 마트 쉬는날이라 늦게 다녀왔네요 ,663,8,0,0
2019-01-27 04:07:10.238012,13099259,0,0,2019-01-26 22:06:58, 내일 마트 쉬는날이라 늦게 다녀왔네요 ,667,4,0,0
2019-01-27 05:07:02.337819,13099259,0,0,2019-01-26 22:06:58, 내일 마트 쉬는날이라 늦게 다녀왔네요 ,669,2,0,0
2019-01-27 06:07:07.425298,13099259,0,0,2019-01-26 22:06:58, 내일 마트 쉬는날이라 늦게 다녀왔네요 ,670,1,0,0
2019-01-27 07:06:59.684491,13099259,0,0,2019-01-26 22:06:58, 내일 마트 쉬는날이라 늦게 다녀왔네요 ,672,2,0,0
2019-01-27 08:07:04.884460,13099259,0,0,2019-01-26 22:06:58, 내일 마트 쉬는날이라 늦게 다녀왔네요 ,675,3,0,0
2019-01-27 09:07:10.055380,13099259,0,0,2019-01-26 22:06:58, 내일 마트 쉬는날이라 늦게 다녀왔네요 ,679,4,0,0
2019-01-27 10:07:02.200393,13099259,0,0,2019-01-26 22:06:58, 내일 마트 쉬는날이라 늦게 다녀왔네요 ,682,3,0,0
2019-01-27 11:07:07.343147,13099259,0,0,2019-01-26 22:06:58, 내일 마트 쉬는날이라 늦게 다녀왔네요 ,684,2,0,0
2019-01-27 12:06:59.425590,13099259,0,0,2019-01-26 22:06:58, 내일 마트 쉬는날이라 늦게 다녀왔네요 ,686,2,0,0
2019-01-27 13:07:04.574302,13099259,0,0,2019-01-26 22:06:58, 내일 마트 쉬는날이라 늦게 다녀왔네요 ,689,3,0,0
2019-01-27 14:07:09.745319,13099259,0,0,2019-01-26 22:06:58, 내일 마트 쉬는날이라 늦게 다녀왔네요 ,690,1,0,0
2019-01-27 15:07:01.872368,13099259,0,0,2019-01-26 22:06:58, 내일 마트 쉬는날이라 늦게 다녀왔네요 ,691,1,0,0
2019-01-27 16:07:07.004554,13099259,0,0,2019-01-26 22:06:58, 내일 마트 쉬는날이라 늦게 다녀왔네요 ,692,1,0,0
2019-01-27 17:06:59.147443,13099259,0,0,2019-01-26 22:06:58, 내일 마트 쉬는날이라 늦게 다녀왔네요 ,694,2,0,0
2019-01-27 18:07:04.217288,13099259,0,0,2019-01-26 22:06:58, 내일 마트 쉬는날이라 늦게 다녀왔네요 ,695,1,0,0
2019-01-27 19:07:09.307856,13099259,0,0,2019-01-26 22:06:58, 내일 마트 쉬는날이라 늦게 다녀왔네요 ,698,3,0,0
2019-01-27 20:07:01.344103,13099259,0,0,2019-01-26 22:06:58, 내일 마트 쉬는날이라 늦게 다녀왔네요 ,699,1,0,0
2019-01-27 21:07:06.727370,13099259,0,0,2019-01-26 22:06:58, 내일 마트 쉬는날이라 늦게 다녀왔네요 ,701,2,0,0
2019-01-27 22:06:59.024745,13099259,0,0,2019-01-26 22:06:58, 내일 마트 쉬는날이라 늦게 다녀왔네요 ,702,1,0,0
