check_time,id,post_reply,post_symph,post_time,post_title,post_view,post_view_diff,post_reply_diff,post_symph_diff
2019-01-27 23:47:09.039448,13102515,2,2,2019-01-27 22:47:06, 워셔액남 ,2634,2634,2,2
2019-01-28 00:47:14.097281,13102515,2,2,2019-01-27 22:47:06, 워셔액남 ,2984,350,0,0
2019-01-28 01:47:06.182161,13102515,2,2,2019-01-27 22:47:06, 워셔액남 ,3113,129,0,0
2019-01-28 02:47:11.300642,13102515,2,2,2019-01-27 22:47:06, 워셔액남 ,3194,81,0,0
2019-01-28 03:47:16.318391,13102515,2,2,2019-01-27 22:47:06, 워셔액남 ,3242,48,0,0
2019-01-28 04:47:08.341896,13102515,2,2,2019-01-27 22:47:06, 워셔액남 ,3272,30,0,0
2019-01-28 05:47:13.404641,13102515,2,2,2019-01-27 22:47:06, 워셔액남 ,3298,26,0,0
2019-01-28 06:47:18.693448,13102515,2,2,2019-01-27 22:47:06, 워셔액남 ,3350,52,0,0
2019-01-28 07:47:11.080996,13102515,2,2,2019-01-27 22:47:06, 워셔액남 ,3440,90,0,0
2019-01-28 08:47:16.571870,13102515,2,2,2019-01-27 22:47:06, 워셔액남 ,3515,75,0,0
2019-01-28 09:47:08.583176,13102515,2,2,2019-01-27 22:47:06, 워셔액남 ,3580,65,0,0
2019-01-28 10:47:13.578738,13102515,2,2,2019-01-27 22:47:06, 워셔액남 ,3629,49,0,0
2019-01-28 11:47:18.672964,13102515,2,2,2019-01-27 22:47:06, 워셔액남 ,3661,32,0,0
2019-01-28 12:47:10.677292,13102515,2,2,2019-01-27 22:47:06, 워셔액남 ,3680,19,0,0
2019-01-28 13:47:15.902306,13102515,2,2,2019-01-27 22:47:06, 워셔액남 ,3694,14,0,0
2019-01-28 14:47:08.174053,13102515,2,2,2019-01-27 22:47:06, 워셔액남 ,3705,11,0,0
2019-01-28 15:47:13.223833,13102515,2,2,2019-01-27 22:47:06, 워셔액남 ,3712,7,0,0
2019-01-28 16:47:18.322212,13102515,2,2,2019-01-27 22:47:06, 워셔액남 ,3721,9,0,0
2019-01-28 17:47:14.217695,13102515,2,2,2019-01-27 22:47:06, 워셔액남 ,3724,3,0,0
2019-01-28 18:47:06.758519,13102515,2,2,2019-01-27 22:47:06, 워셔액남 ,3731,7,0,0
2019-01-28 19:47:11.925511,13102515,2,2,2019-01-27 22:47:06, 워셔액남 ,3733,2,0,0
2019-01-28 20:47:17.107072,13102515,2,2,2019-01-27 22:47:06, 워셔액남 ,3736,3,0,0
2019-01-28 21:47:09.125350,13102515,2,2,2019-01-27 22:47:06, 워셔액남 ,3742,6,0,0
2019-01-28 22:47:14.269617,13102515,2,2,2019-01-27 22:47:06, 워셔액남 ,3743,1,0,0
