check_time,id,post_reply,post_symph,post_time,post_title,post_view,post_view_diff,post_reply_diff,post_symph_diff
2019-01-26 23:16:36.095368,13099285,6,0,2019-01-26 22:16:31, 참이슬 한방울잔 아이린 rev ,2718,2718,6,0
2019-01-27 00:16:41.247076,13099285,6,0,2019-01-26 22:16:31, 참이슬 한방울잔 아이린 rev ,3030,312,0,0
2019-01-27 01:16:33.348102,13099285,6,0,2019-01-26 22:16:31, 참이슬 한방울잔 아이린 rev ,3116,86,0,0
2019-01-27 02:16:38.413248,13099285,6,0,2019-01-26 22:16:31, 참이슬 한방울잔 아이린 rev ,3230,114,0,0
2019-01-27 03:16:43.418227,13099285,6,0,2019-01-26 22:16:31, 참이슬 한방울잔 아이린 rev ,3284,54,0,0
2019-01-27 04:16:35.462659,13099285,6,0,2019-01-26 22:16:31, 참이슬 한방울잔 아이린 rev ,3323,39,0,0
2019-01-27 05:16:40.547424,13099285,6,0,2019-01-26 22:16:31, 참이슬 한방울잔 아이린 rev ,3351,28,0,0
2019-01-27 06:16:32.548176,13099285,6,0,2019-01-26 22:16:31, 참이슬 한방울잔 아이린 rev ,3377,26,0,0
2019-01-27 07:16:38.001297,13099285,6,0,2019-01-26 22:16:31, 참이슬 한방울잔 아이린 rev ,3404,27,0,0
2019-01-27 08:16:42.987172,13099285,6,0,2019-01-26 22:16:31, 참이슬 한방울잔 아이린 rev ,3449,45,0,0
2019-01-27 09:16:35.053971,13099285,6,0,2019-01-26 22:16:31, 참이슬 한방울잔 아이린 rev ,3500,51,0,0
2019-01-27 10:16:40.067825,13099285,6,0,2019-01-26 22:16:31, 참이슬 한방울잔 아이린 rev ,3559,59,0,0
2019-01-27 11:16:32.504994,13099285,6,0,2019-01-26 22:16:31, 참이슬 한방울잔 아이린 rev ,3608,49,0,0
2019-01-27 12:16:37.575264,13099285,6,0,2019-01-26 22:16:31, 참이슬 한방울잔 아이린 rev ,3647,39,0,0
2019-01-27 13:16:42.655217,13099285,6,0,2019-01-26 22:16:31, 참이슬 한방울잔 아이린 rev ,3663,16,0,0
2019-01-27 14:16:34.775132,13099285,6,0,2019-01-26 22:16:31, 참이슬 한방울잔 아이린 rev ,3670,7,0,0
2019-01-27 15:16:39.804210,13099285,6,0,2019-01-26 22:16:31, 참이슬 한방울잔 아이린 rev ,3674,4,0,0
2019-01-27 16:16:31.871159,13099285,6,0,2019-01-26 22:16:31, 참이슬 한방울잔 아이린 rev ,3684,10,0,0
2019-01-27 17:16:37.503505,13099285,6,0,2019-01-26 22:16:31, 참이슬 한방울잔 아이린 rev ,3692,8,0,0
2019-01-27 18:16:42.687658,13099285,6,0,2019-01-26 22:16:31, 참이슬 한방울잔 아이린 rev ,3693,1,0,0
2019-01-27 19:16:34.812232,13099285,6,0,2019-01-26 22:16:31, 참이슬 한방울잔 아이린 rev ,3700,7,0,0
2019-01-27 20:16:39.933812,13099285,6,0,2019-01-26 22:16:31, 참이슬 한방울잔 아이린 rev ,3703,3,0,0
2019-01-27 21:16:32.245210,13099285,6,0,2019-01-26 22:16:31, 참이슬 한방울잔 아이린 rev ,3705,2,0,0
2019-01-27 22:16:37.304609,13099285,6,0,2019-01-26 22:16:31, 참이슬 한방울잔 아이린 rev ,3709,4,0,0
