check_time,id,post_reply,post_symph,post_time,post_title,post_view,post_view_diff,post_reply_diff,post_symph_diff
2019-01-26 23:37:15.696775,13099340,9,0,2019-01-26 22:37:15, 여자친구 마지노선 이요? ,1633,1633,9,0
2019-01-27 00:37:20.800732,13099340,9,0,2019-01-26 22:37:15, 여자친구 마지노선 이요? ,1763,130,0,0
2019-01-27 01:37:25.874155,13099340,9,0,2019-01-26 22:37:15, 여자친구 마지노선 이요? ,1802,39,0,0
2019-01-27 02:37:17.899985,13099340,9,0,2019-01-26 22:37:15, 여자친구 마지노선 이요? ,1825,23,0,0
2019-01-27 03:37:22.902687,13099340,9,0,2019-01-26 22:37:15, 여자친구 마지노선 이요? ,1838,13,0,0
2019-01-27 04:37:28.000367,13099340,9,0,2019-01-26 22:37:15, 여자친구 마지노선 이요? ,1850,12,0,0
2019-01-27 05:37:20.085409,13099340,9,0,2019-01-26 22:37:15, 여자친구 마지노선 이요? ,1857,7,0,0
2019-01-27 06:37:25.142544,13099340,9,0,2019-01-26 22:37:15, 여자친구 마지노선 이요? ,1864,7,0,0
2019-01-27 07:37:17.182811,13099340,9,0,2019-01-26 22:37:15, 여자친구 마지노선 이요? ,1868,4,0,0
2019-01-27 08:37:22.257019,13099340,9,0,2019-01-26 22:37:15, 여자친구 마지노선 이요? ,1882,14,0,0
2019-01-27 09:37:27.326921,13099340,9,0,2019-01-26 22:37:15, 여자친구 마지노선 이요? ,1893,11,0,0
2019-01-27 10:37:19.397932,13099340,9,0,2019-01-26 22:37:15, 여자친구 마지노선 이요? ,1904,11,0,0
2019-01-27 11:37:25.176498,13099340,9,0,2019-01-26 22:37:15, 여자친구 마지노선 이요? ,1915,11,0,0
2019-01-27 12:37:17.229241,13099340,9,0,2019-01-26 22:37:15, 여자친구 마지노선 이요? ,1920,5,0,0
2019-01-27 13:37:22.275611,13099340,9,0,2019-01-26 22:37:15, 여자친구 마지노선 이요? ,1927,7,0,0
2019-01-27 14:37:27.421970,13099340,9,0,2019-01-26 22:37:15, 여자친구 마지노선 이요? ,1929,2,0,0
2019-01-27 15:37:19.511353,13099340,9,0,2019-01-26 22:37:15, 여자친구 마지노선 이요? ,1935,6,0,0
2019-01-27 16:37:24.624119,13099340,9,0,2019-01-26 22:37:15, 여자친구 마지노선 이요? ,1936,1,0,0
2019-01-27 17:37:16.679189,13099340,9,0,2019-01-26 22:37:15, 여자친구 마지노선 이요? ,1941,5,0,0
2019-01-27 18:37:21.629254,13099340,9,0,2019-01-26 22:37:15, 여자친구 마지노선 이요? ,1946,5,0,0
2019-01-27 19:37:26.786695,13099340,9,0,2019-01-26 22:37:15, 여자친구 마지노선 이요? ,1950,4,0,0
2019-01-27 20:37:18.833621,13099340,9,0,2019-01-26 22:37:15, 여자친구 마지노선 이요? ,1954,4,0,0
2019-01-27 21:37:23.929282,13099340,9,0,2019-01-26 22:37:15, 여자친구 마지노선 이요? ,1958,4,0,0
2019-01-27 22:37:15.902107,13099340,9,0,2019-01-26 22:37:15, 여자친구 마지노선 이요? ,1962,4,0,0
