check_time,id,post_reply,post_symph,post_time,post_title,post_view,post_view_diff,post_reply_diff,post_symph_diff
2019-01-26 23:46:04.176266,13099361,18,0,2019-01-26 22:46:01, 우리나라 코메디 영화 레전설은 ,1961,1961,18,0
2019-01-27 00:46:09.244333,13099361,18,0,2019-01-26 22:46:01, 우리나라 코메디 영화 레전설은 ,2116,155,0,0
2019-01-27 01:46:01.345027,13099361,18,0,2019-01-26 22:46:01, 우리나라 코메디 영화 레전설은 ,2160,44,0,0
2019-01-27 02:46:06.437950,13099361,18,0,2019-01-26 22:46:01, 우리나라 코메디 영화 레전설은 ,2187,27,0,0
2019-01-27 03:46:11.586463,13099361,18,0,2019-01-26 22:46:01, 우리나라 코메디 영화 레전설은 ,2202,15,0,0
2019-01-27 04:46:03.698964,13099361,18,0,2019-01-26 22:46:01, 우리나라 코메디 영화 레전설은 ,2211,9,0,0
2019-01-27 05:46:08.828994,13099361,18,0,2019-01-26 22:46:01, 우리나라 코메디 영화 레전설은 ,2219,8,0,0
2019-01-27 06:46:13.942069,13099361,18,0,2019-01-26 22:46:01, 우리나라 코메디 영화 레전설은 ,2231,12,0,0
2019-01-27 07:46:06.544148,13099361,18,0,2019-01-26 22:46:01, 우리나라 코메디 영화 레전설은 ,2239,8,0,0
2019-01-27 08:46:11.690281,13099361,18,0,2019-01-26 22:46:01, 우리나라 코메디 영화 레전설은 ,2258,19,0,0
2019-01-27 09:46:03.746407,13099361,18,0,2019-01-26 22:46:01, 우리나라 코메디 영화 레전설은 ,2276,18,0,0
2019-01-27 10:46:08.887735,13099361,18,0,2019-01-26 22:46:01, 우리나라 코메디 영화 레전설은 ,2283,7,0,0
2019-01-27 11:46:13.927705,13099361,18,0,2019-01-26 22:46:01, 우리나라 코메디 영화 레전설은 ,2291,8,0,0
2019-01-27 12:46:05.980104,13099361,18,0,2019-01-26 22:46:01, 우리나라 코메디 영화 레전설은 ,2297,6,0,0
2019-01-27 13:46:11.072015,13099361,18,0,2019-01-26 22:46:01, 우리나라 코메디 영화 레전설은 ,2300,3,0,0
2019-01-27 14:46:03.098098,13099361,18,0,2019-01-26 22:46:01, 우리나라 코메디 영화 레전설은 ,2304,4,0,0
2019-01-27 15:46:08.163688,13099361,18,0,2019-01-26 22:46:01, 우리나라 코메디 영화 레전설은 ,2309,5,0,0
2019-01-27 16:46:13.231039,13099361,18,0,2019-01-26 22:46:01, 우리나라 코메디 영화 레전설은 ,2311,2,0,0
2019-01-27 17:46:05.308333,13099361,18,0,2019-01-26 22:46:01, 우리나라 코메디 영화 레전설은 ,2313,2,0,0
2019-01-27 18:46:10.374550,13099361,18,0,2019-01-26 22:46:01, 우리나라 코메디 영화 레전설은 ,2318,5,0,0
2019-01-27 19:46:02.374133,13099361,18,0,2019-01-26 22:46:01, 우리나라 코메디 영화 레전설은 ,2321,3,0,0
2019-01-27 20:46:07.413180,13099361,18,0,2019-01-26 22:46:01, 우리나라 코메디 영화 레전설은 ,2327,6,0,0
2019-01-27 21:46:12.708492,13099361,18,0,2019-01-26 22:46:01, 우리나라 코메디 영화 레전설은 ,2329,2,0,0
2019-01-27 22:46:04.663229,13099361,18,0,2019-01-26 22:46:01, 우리나라 코메디 영화 레전설은 ,2331,2,0,0
