check_time,id,post_reply,post_symph,post_time,post_title,post_view,post_view_diff,post_reply_diff,post_symph_diff
2019-01-24 23:31:59.584217,13091460,0,0,2019-01-24 22:31:56, 바레인전보다 베일전 경기가 더 재밌는 느낌 ㅋㅋ ,404,404,0,0
2019-01-25 00:32:04.740299,13091460,0,0,2019-01-24 22:31:56, 바레인전보다 베일전 경기가 더 재밌는 느낌 ㅋㅋ ,410,6,0,0
2019-01-25 01:31:56.783763,13091460,0,0,2019-01-24 22:31:56, 바레인전보다 베일전 경기가 더 재밌는 느낌 ㅋㅋ ,415,5,0,0
2019-01-25 02:32:01.820696,13091460,0,0,2019-01-24 22:31:56, 바레인전보다 베일전 경기가 더 재밌는 느낌 ㅋㅋ ,416,1,0,0
2019-01-25 03:32:06.821056,13091460,0,0,2019-01-24 22:31:56, 바레인전보다 베일전 경기가 더 재밌는 느낌 ㅋㅋ ,421,5,0,0
2019-01-25 04:31:58.913973,13091460,0,0,2019-01-24 22:31:56, 바레인전보다 베일전 경기가 더 재밌는 느낌 ㅋㅋ ,422,1,0,0
2019-01-25 05:32:04.098441,13091460,0,0,2019-01-24 22:31:56, 바레인전보다 베일전 경기가 더 재밌는 느낌 ㅋㅋ ,422,0,0,0
2019-01-25 06:31:56.307986,13091460,0,0,2019-01-24 22:31:56, 바레인전보다 베일전 경기가 더 재밌는 느낌 ㅋㅋ ,423,1,0,0
2019-01-25 07:32:01.365780,13091460,0,0,2019-01-24 22:31:56, 바레인전보다 베일전 경기가 더 재밌는 느낌 ㅋㅋ ,425,2,0,0
2019-01-25 08:32:06.505625,13091460,0,0,2019-01-24 22:31:56, 바레인전보다 베일전 경기가 더 재밌는 느낌 ㅋㅋ ,426,1,0,0
2019-01-25 09:31:58.612369,13091460,0,0,2019-01-24 22:31:56, 바레인전보다 베일전 경기가 더 재밌는 느낌 ㅋㅋ ,428,2,0,0
2019-01-25 10:32:03.720873,13091460,0,0,2019-01-24 22:31:56, 바레인전보다 베일전 경기가 더 재밌는 느낌 ㅋㅋ ,429,1,0,0
2019-01-25 11:31:56.202736,13091460,0,0,2019-01-24 22:31:56, 바레인전보다 베일전 경기가 더 재밌는 느낌 ㅋㅋ ,431,2,0,0
2019-01-25 12:32:01.372263,13091460,0,0,2019-01-24 22:31:56, 바레인전보다 베일전 경기가 더 재밌는 느낌 ㅋㅋ ,432,1,0,0
2019-01-25 13:32:06.693715,13091460,0,0,2019-01-24 22:31:56, 바레인전보다 베일전 경기가 더 재밌는 느낌 ㅋㅋ ,433,1,0,0
2019-01-25 14:31:58.627345,13091460,0,0,2019-01-24 22:31:56, 바레인전보다 베일전 경기가 더 재밌는 느낌 ㅋㅋ ,437,4,0,0
2019-01-25 15:32:03.663205,13091460,0,0,2019-01-24 22:31:56, 바레인전보다 베일전 경기가 더 재밌는 느낌 ㅋㅋ ,439,2,0,0
2019-01-25 16:32:08.703908,13091460,0,0,2019-01-24 22:31:56, 바레인전보다 베일전 경기가 더 재밌는 느낌 ㅋㅋ ,440,1,0,0
2019-01-25 17:32:00.886793,13091460,0,0,2019-01-24 22:31:56, 바레인전보다 베일전 경기가 더 재밌는 느낌 ㅋㅋ ,441,1,0,0
2019-01-25 18:32:05.953142,13091460,0,0,2019-01-24 22:31:56, 바레인전보다 베일전 경기가 더 재밌는 느낌 ㅋㅋ ,442,1,0,0
2019-01-25 19:31:59.000947,13091460,0,0,2019-01-24 22:31:56, 바레인전보다 베일전 경기가 더 재밌는 느낌 ㅋㅋ ,444,2,0,0
2019-01-25 20:32:04.170858,13091460,0,0,2019-01-24 22:31:56, 바레인전보다 베일전 경기가 더 재밌는 느낌 ㅋㅋ ,445,1,0,0
2019-01-25 21:31:56.230973,13091460,0,0,2019-01-24 22:31:56, 바레인전보다 베일전 경기가 더 재밌는 느낌 ㅋㅋ ,447,2,0,0
2019-01-25 22:32:01.307247,13091460,0,0,2019-01-24 22:31:56, 바레인전보다 베일전 경기가 더 재밌는 느낌 ㅋㅋ ,448,1,0,0
