check_time,id,post_reply,post_symph,post_time,post_title,post_view,post_view_diff,post_reply_diff,post_symph_diff
2019-01-28 23:27:03.338631,13106304,5,0,2019-01-28 22:27:01, 한류 붐으로 흑자전환 “세계 제일의 점포”를 목표로 타워레코드의 도전 (일어주의) ,1809,1809,5,0
2019-01-29 00:27:08.647511,13106304,5,0,2019-01-28 22:27:01, 한류 붐으로 흑자전환 “세계 제일의 점포”를 목표로 타워레코드의 도전 (일어주의) ,2082,273,0,0
2019-01-29 01:27:13.712174,13106304,5,0,2019-01-28 22:27:01, 한류 붐으로 흑자전환 “세계 제일의 점포”를 목표로 타워레코드의 도전 (일어주의) ,2158,76,0,0
2019-01-29 02:27:05.743244,13106304,5,0,2019-01-28 22:27:01, 한류 붐으로 흑자전환 “세계 제일의 점포”를 목표로 타워레코드의 도전 (일어주의) ,2193,35,0,0
2019-01-29 03:27:10.782285,13106304,5,0,2019-01-28 22:27:01, 한류 붐으로 흑자전환 “세계 제일의 점포”를 목표로 타워레코드의 도전 (일어주의) ,2222,29,0,0
2019-01-29 04:27:02.833876,13106304,5,0,2019-01-28 22:27:01, 한류 붐으로 흑자전환 “세계 제일의 점포”를 목표로 타워레코드의 도전 (일어주의) ,2232,10,0,0
2019-01-29 05:27:07.873951,13106304,5,0,2019-01-28 22:27:01, 한류 붐으로 흑자전환 “세계 제일의 점포”를 목표로 타워레코드의 도전 (일어주의) ,2246,14,0,0
2019-01-29 06:27:12.988063,13106304,5,0,2019-01-28 22:27:01, 한류 붐으로 흑자전환 “세계 제일의 점포”를 목표로 타워레코드의 도전 (일어주의) ,2258,12,0,0
2019-01-29 07:27:05.096762,13106304,5,0,2019-01-28 22:27:01, 한류 붐으로 흑자전환 “세계 제일의 점포”를 목표로 타워레코드의 도전 (일어주의) ,2285,27,0,0
2019-01-29 08:27:10.218965,13106304,5,0,2019-01-28 22:27:01, 한류 붐으로 흑자전환 “세계 제일의 점포”를 목표로 타워레코드의 도전 (일어주의) ,2319,34,0,0
2019-01-29 09:27:02.297331,13106304,5,0,2019-01-28 22:27:01, 한류 붐으로 흑자전환 “세계 제일의 점포”를 목표로 타워레코드의 도전 (일어주의) ,2339,20,0,0
2019-01-29 10:27:07.390264,13106304,5,0,2019-01-28 22:27:01, 한류 붐으로 흑자전환 “세계 제일의 점포”를 목표로 타워레코드의 도전 (일어주의) ,2358,19,0,0
2019-01-29 11:27:12.691205,13106304,5,0,2019-01-28 22:27:01, 한류 붐으로 흑자전환 “세계 제일의 점포”를 목표로 타워레코드의 도전 (일어주의) ,2374,16,0,0
2019-01-29 12:27:04.790133,13106304,5,0,2019-01-28 22:27:01, 한류 붐으로 흑자전환 “세계 제일의 점포”를 목표로 타워레코드의 도전 (일어주의) ,2382,8,0,0
2019-01-29 13:27:10.034279,13106304,5,0,2019-01-28 22:27:01, 한류 붐으로 흑자전환 “세계 제일의 점포”를 목표로 타워레코드의 도전 (일어주의) ,2394,12,0,0
2019-01-29 14:27:02.108276,13106304,5,0,2019-01-28 22:27:01, 한류 붐으로 흑자전환 “세계 제일의 점포”를 목표로 타워레코드의 도전 (일어주의) ,2396,2,0,0
2019-01-29 15:27:07.251722,13106304,5,0,2019-01-28 22:27:01, 한류 붐으로 흑자전환 “세계 제일의 점포”를 목표로 타워레코드의 도전 (일어주의) ,2401,5,0,0
2019-01-29 16:27:12.626475,13106304,5,0,2019-01-28 22:27:01, 한류 붐으로 흑자전환 “세계 제일의 점포”를 목표로 타워레코드의 도전 (일어주의) ,2405,4,0,0
2019-01-29 17:27:04.831411,13106304,5,0,2019-01-28 22:27:01, 한류 붐으로 흑자전환 “세계 제일의 점포”를 목표로 타워레코드의 도전 (일어주의) ,2409,4,0,0
2019-01-29 18:27:09.915815,13106304,5,0,2019-01-28 22:27:01, 한류 붐으로 흑자전환 “세계 제일의 점포”를 목표로 타워레코드의 도전 (일어주의) ,2414,5,0,0
2019-01-29 19:27:02.083743,13106304,5,0,2019-01-28 22:27:01, 한류 붐으로 흑자전환 “세계 제일의 점포”를 목표로 타워레코드의 도전 (일어주의) ,2418,4,0,0
2019-01-29 20:27:07.179591,13106304,5,0,2019-01-28 22:27:01, 한류 붐으로 흑자전환 “세계 제일의 점포”를 목표로 타워레코드의 도전 (일어주의) ,2420,2,0,0
2019-01-29 21:27:12.610727,13106304,5,0,2019-01-28 22:27:01, 한류 붐으로 흑자전환 “세계 제일의 점포”를 목표로 타워레코드의 도전 (일어주의) ,2422,2,0,0
2019-01-29 22:27:04.766001,13106304,5,0,2019-01-28 22:27:01, 한류 붐으로 흑자전환 “세계 제일의 점포”를 목표로 타워레코드의 도전 (일어주의) ,2425,3,0,0
