check_time,id,post_reply,post_symph,post_time,post_title,post_view,post_view_diff,post_reply_diff,post_symph_diff
2019-01-27 23:11:18.413859,13102396,7,3,2019-01-27 22:11:16, [덕 주의] 여친이 커피는 주는데... ,2713,2713,7,3
2019-01-28 00:11:23.467132,13102396,7,4,2019-01-27 22:11:16, [덕 주의] 여친이 커피는 주는데... ,3157,444,0,1
2019-01-28 01:11:28.453163,13102396,7,4,2019-01-27 22:11:16, [덕 주의] 여친이 커피는 주는데... ,3384,227,0,0
2019-01-28 02:11:20.460519,13102396,7,4,2019-01-27 22:11:16, [덕 주의] 여친이 커피는 주는데... ,3495,111,0,0
2019-01-28 03:11:25.597298,13102396,7,4,2019-01-27 22:11:16, [덕 주의] 여친이 커피는 주는데... ,3545,50,0,0
2019-01-28 04:11:17.584293,13102396,7,4,2019-01-27 22:11:16, [덕 주의] 여친이 커피는 주는데... ,3584,39,0,0
2019-01-28 05:11:22.636881,13102396,7,4,2019-01-27 22:11:16, [덕 주의] 여친이 커피는 주는데... ,3612,28,0,0
2019-01-28 06:11:27.637280,13102396,7,4,2019-01-27 22:11:16, [덕 주의] 여친이 커피는 주는데... ,3649,37,0,0
2019-01-28 07:11:19.597712,13102396,7,4,2019-01-27 22:11:16, [덕 주의] 여친이 커피는 주는데... ,3706,57,0,0
2019-01-28 08:11:24.679871,13102396,7,4,2019-01-27 22:11:16, [덕 주의] 여친이 커피는 주는데... ,3758,52,0,0
2019-01-28 09:11:16.733880,13102396,7,4,2019-01-27 22:11:16, [덕 주의] 여친이 커피는 주는데... ,3825,67,0,0
2019-01-28 10:11:21.797075,13102396,7,4,2019-01-27 22:11:16, [덕 주의] 여친이 커피는 주는데... ,3857,32,0,0
2019-01-28 11:11:27.033687,13102396,7,4,2019-01-27 22:11:16, [덕 주의] 여친이 커피는 주는데... ,3890,33,0,0
2019-01-28 12:11:19.033969,13102396,7,4,2019-01-27 22:11:16, [덕 주의] 여친이 커피는 주는데... ,3909,19,0,0
2019-01-28 13:11:24.080506,13102396,7,4,2019-01-27 22:11:16, [덕 주의] 여친이 커피는 주는데... ,3927,18,0,0
2019-01-28 14:11:16.190246,13102396,7,4,2019-01-27 22:11:16, [덕 주의] 여친이 커피는 주는데... ,3946,19,0,0
2019-01-28 15:11:21.217116,13102396,7,4,2019-01-27 22:11:16, [덕 주의] 여친이 커피는 주는데... ,3961,15,0,0
2019-01-28 16:11:26.221559,13102396,7,4,2019-01-27 22:11:16, [덕 주의] 여친이 커피는 주는데... ,3973,12,0,0
2019-01-28 17:11:18.213916,13102396,7,4,2019-01-27 22:11:16, [덕 주의] 여친이 커피는 주는데... ,3983,10,0,0
2019-01-28 18:11:23.356302,13102396,7,4,2019-01-27 22:11:16, [덕 주의] 여친이 커피는 주는데... ,3992,9,0,0
2019-01-28 19:11:28.426317,13102396,7,4,2019-01-27 22:11:16, [덕 주의] 여친이 커피는 주는데... ,3999,7,0,0
2019-01-28 20:11:20.547050,13102396,7,4,2019-01-27 22:11:16, [덕 주의] 여친이 커피는 주는데... ,4001,2,0,0
2019-01-28 21:11:25.692624,13102396,7,4,2019-01-27 22:11:16, [덕 주의] 여친이 커피는 주는데... ,4006,5,0,0
2019-01-28 22:11:17.762947,13102396,7,4,2019-01-27 22:11:16, [덕 주의] 여친이 커피는 주는데... ,4012,6,0,0
