check_time,id,post_reply,post_symph,post_time,post_title,post_view,post_view_diff,post_reply_diff,post_symph_diff
2019-01-25 23:11:55.772261,13095475,0,5,2019-01-25 22:11:49, 손석희 보도한 뉴스데스크.jpg ,3021,3021,0,5
2019-01-26 00:12:00.993038,13095475,0,5,2019-01-25 22:11:49, 손석희 보도한 뉴스데스크.jpg ,3212,191,0,0
2019-01-26 01:11:53.039587,13095475,0,5,2019-01-25 22:11:49, 손석희 보도한 뉴스데스크.jpg ,3504,292,0,0
2019-01-26 02:11:58.363496,13095475,0,5,2019-01-25 22:11:49, 손석희 보도한 뉴스데스크.jpg ,3657,153,0,0
2019-01-26 03:11:50.386341,13095475,0,5,2019-01-25 22:11:49, 손석희 보도한 뉴스데스크.jpg ,3734,77,0,0
2019-01-26 04:11:55.447353,13095475,0,5,2019-01-25 22:11:49, 손석희 보도한 뉴스데스크.jpg ,3782,48,0,0
2019-01-26 05:12:00.509244,13095475,0,5,2019-01-25 22:11:49, 손석희 보도한 뉴스데스크.jpg ,3809,27,0,0
2019-01-26 06:11:52.697543,13095475,0,5,2019-01-25 22:11:49, 손석희 보도한 뉴스데스크.jpg ,3840,31,0,0
2019-01-26 07:11:57.736204,13095475,0,5,2019-01-25 22:11:49, 손석희 보도한 뉴스데스크.jpg ,3881,41,0,0
2019-01-26 08:11:49.789660,13095475,0,5,2019-01-25 22:11:49, 손석희 보도한 뉴스데스크.jpg ,3966,85,0,0
2019-01-26 09:11:54.970366,13095475,0,5,2019-01-25 22:11:49, 손석희 보도한 뉴스데스크.jpg ,4075,109,0,0
2019-01-26 10:12:00.107718,13095475,0,5,2019-01-25 22:11:49, 손석희 보도한 뉴스데스크.jpg ,4143,68,0,0
2019-01-26 11:11:52.274408,13095475,0,5,2019-01-25 22:11:49, 손석희 보도한 뉴스데스크.jpg ,4183,40,0,0
2019-01-26 12:11:57.345931,13095475,0,5,2019-01-25 22:11:49, 손석희 보도한 뉴스데스크.jpg ,4220,37,0,0
2019-01-26 13:11:49.436797,13095475,0,5,2019-01-25 22:11:49, 손석희 보도한 뉴스데스크.jpg ,4252,32,0,0
2019-01-26 14:11:54.606925,13095475,0,5,2019-01-25 22:11:49, 손석희 보도한 뉴스데스크.jpg ,4282,30,0,0
2019-01-26 15:11:59.704740,13095475,0,5,2019-01-25 22:11:49, 손석희 보도한 뉴스데스크.jpg ,4309,27,0,0
2019-01-26 16:11:51.783879,13095475,0,5,2019-01-25 22:11:49, 손석희 보도한 뉴스데스크.jpg ,4341,32,0,0
2019-01-26 17:11:58.862235,13095475,0,5,2019-01-25 22:11:49, 손석희 보도한 뉴스데스크.jpg ,4359,18,0,0
2019-01-26 18:11:50.920232,13095475,0,5,2019-01-25 22:11:49, 손석희 보도한 뉴스데스크.jpg ,4380,21,0,0
2019-01-26 19:11:56.010695,13095475,0,5,2019-01-25 22:11:49, 손석희 보도한 뉴스데스크.jpg ,4400,20,0,0
2019-01-26 20:12:01.128072,13095475,0,5,2019-01-25 22:11:49, 손석희 보도한 뉴스데스크.jpg ,4424,24,0,0
2019-01-26 21:11:53.207633,13095475,0,5,2019-01-25 22:11:49, 손석희 보도한 뉴스데스크.jpg ,4449,25,0,0
2019-01-26 22:11:58.308264,13095475,0,5,2019-01-25 22:11:49, 손석희 보도한 뉴스데스크.jpg ,4473,24,0,0
