check_time,id,post_reply,post_symph,post_time,post_title,post_view,post_view_diff,post_reply_diff,post_symph_diff
2019-01-24 23:16:46.347414,13091334,11,0,2019-01-24 22:16:45, 우리 헬스클럽에 미인이 많은 걸 몰랐네요 ,2474,2474,11,0
2019-01-25 00:16:51.347727,13091334,11,0,2019-01-24 22:16:45, 우리 헬스클럽에 미인이 많은 걸 몰랐네요 ,2636,162,0,0
2019-01-25 01:16:56.466871,13091334,11,0,2019-01-24 22:16:45, 우리 헬스클럽에 미인이 많은 걸 몰랐네요 ,2731,95,0,0
2019-01-25 02:16:48.469226,13091334,11,0,2019-01-24 22:16:45, 우리 헬스클럽에 미인이 많은 걸 몰랐네요 ,2758,27,0,0
2019-01-25 03:16:53.492770,13091334,11,0,2019-01-24 22:16:45, 우리 헬스클럽에 미인이 많은 걸 몰랐네요 ,2774,16,0,0
2019-01-25 04:16:45.495086,13091334,11,0,2019-01-24 22:16:45, 우리 헬스클럽에 미인이 많은 걸 몰랐네요 ,2791,17,0,0
2019-01-25 05:16:50.501588,13091334,11,0,2019-01-24 22:16:45, 우리 헬스클럽에 미인이 많은 걸 몰랐네요 ,2801,10,0,0
2019-01-25 06:16:55.772090,13091334,11,0,2019-01-24 22:16:45, 우리 헬스클럽에 미인이 많은 걸 몰랐네요 ,2816,15,0,0
2019-01-25 07:16:47.800716,13091334,11,0,2019-01-24 22:16:45, 우리 헬스클럽에 미인이 많은 걸 몰랐네요 ,2843,27,0,0
2019-01-25 08:16:52.887289,13091334,11,0,2019-01-24 22:16:45, 우리 헬스클럽에 미인이 많은 걸 몰랐네요 ,2864,21,0,0
2019-01-25 09:16:57.926718,13091334,11,0,2019-01-24 22:16:45, 우리 헬스클럽에 미인이 많은 걸 몰랐네요 ,2887,23,0,0
2019-01-25 10:16:49.980150,13091334,11,0,2019-01-24 22:16:45, 우리 헬스클럽에 미인이 많은 걸 몰랐네요 ,2905,18,0,0
2019-01-25 11:16:55.046443,13091334,11,0,2019-01-24 22:16:45, 우리 헬스클럽에 미인이 많은 걸 몰랐네요 ,2918,13,0,0
2019-01-25 12:16:47.071013,13091334,11,0,2019-01-24 22:16:45, 우리 헬스클럽에 미인이 많은 걸 몰랐네요 ,2922,4,0,0
2019-01-25 13:16:52.136945,13091334,11,0,2019-01-24 22:16:45, 우리 헬스클럽에 미인이 많은 걸 몰랐네요 ,2925,3,0,0
2019-01-25 14:16:57.209926,13091334,11,0,2019-01-24 22:16:45, 우리 헬스클럽에 미인이 많은 걸 몰랐네요 ,2927,2,0,0
2019-01-25 15:16:49.317471,13091334,11,0,2019-01-24 22:16:45, 우리 헬스클럽에 미인이 많은 걸 몰랐네요 ,2940,13,0,0
2019-01-25 16:16:54.367874,13091334,11,0,2019-01-24 22:16:45, 우리 헬스클럽에 미인이 많은 걸 몰랐네요 ,2943,3,0,0
2019-01-25 17:16:46.454690,13091334,11,0,2019-01-24 22:16:45, 우리 헬스클럽에 미인이 많은 걸 몰랐네요 ,2952,9,0,0
2019-01-25 18:16:51.544759,13091334,11,0,2019-01-24 22:16:45, 우리 헬스클럽에 미인이 많은 걸 몰랐네요 ,2962,10,0,0
2019-01-25 19:16:56.798457,13091334,11,0,2019-01-24 22:16:45, 우리 헬스클럽에 미인이 많은 걸 몰랐네요 ,2963,1,0,0
2019-01-25 20:16:48.848125,13091334,11,0,2019-01-24 22:16:45, 우리 헬스클럽에 미인이 많은 걸 몰랐네요 ,2965,2,0,0
2019-01-25 21:16:53.934295,13091334,11,0,2019-01-24 22:16:45, 우리 헬스클럽에 미인이 많은 걸 몰랐네요 ,2968,3,0,0
2019-01-25 22:16:46.210726,13091334,11,0,2019-01-24 22:16:45, 우리 헬스클럽에 미인이 많은 걸 몰랐네요 ,2976,8,0,0
