check_time,id,post_reply,post_symph,post_time,post_title,post_view,post_view_diff,post_reply_diff,post_symph_diff
2019-01-27 23:56:36.995892,13102539,3,0,2019-01-27 22:56:34, 골목식당 보면 회사사람들이랑 결국 비슷한것 같아요. ,1199,1199,3,0
2019-01-28 00:56:42.192893,13102539,3,0,2019-01-27 22:56:34, 골목식당 보면 회사사람들이랑 결국 비슷한것 같아요. ,1338,139,0,0
2019-01-28 01:56:34.630203,13102539,3,0,2019-01-27 22:56:34, 골목식당 보면 회사사람들이랑 결국 비슷한것 같아요. ,1394,56,0,0
2019-01-28 02:56:39.670572,13102539,3,0,2019-01-27 22:56:34, 골목식당 보면 회사사람들이랑 결국 비슷한것 같아요. ,1418,24,0,0
2019-01-28 03:56:44.734898,13102539,3,0,2019-01-27 22:56:34, 골목식당 보면 회사사람들이랑 결국 비슷한것 같아요. ,1430,12,0,0
2019-01-28 04:56:36.816656,13102539,3,0,2019-01-27 22:56:34, 골목식당 보면 회사사람들이랑 결국 비슷한것 같아요. ,1438,8,0,0
2019-01-28 05:56:41.881821,13102539,3,0,2019-01-27 22:56:34, 골목식당 보면 회사사람들이랑 결국 비슷한것 같아요. ,1451,13,0,0
2019-01-28 06:56:46.998332,13102539,3,0,2019-01-27 22:56:34, 골목식당 보면 회사사람들이랑 결국 비슷한것 같아요. ,1467,16,0,0
2019-01-28 07:56:39.715407,13102539,3,0,2019-01-27 22:56:34, 골목식당 보면 회사사람들이랑 결국 비슷한것 같아요. ,1488,21,0,0
2019-01-28 08:56:44.811680,13102539,3,0,2019-01-27 22:56:34, 골목식당 보면 회사사람들이랑 결국 비슷한것 같아요. ,1509,21,0,0
2019-01-28 09:56:37.125803,13102539,3,0,2019-01-27 22:56:34, 골목식당 보면 회사사람들이랑 결국 비슷한것 같아요. ,1526,17,0,0
2019-01-28 10:56:42.272482,13102539,3,0,2019-01-27 22:56:34, 골목식당 보면 회사사람들이랑 결국 비슷한것 같아요. ,1537,11,0,0
2019-01-28 11:56:34.307540,13102539,3,0,2019-01-27 22:56:34, 골목식당 보면 회사사람들이랑 결국 비슷한것 같아요. ,1540,3,0,0
2019-01-28 12:56:39.293334,13102539,3,0,2019-01-27 22:56:34, 골목식당 보면 회사사람들이랑 결국 비슷한것 같아요. ,1545,5,0,0
2019-01-28 13:56:44.373625,13102539,3,0,2019-01-27 22:56:34, 골목식당 보면 회사사람들이랑 결국 비슷한것 같아요. ,1553,8,0,0
2019-01-28 14:56:36.374339,13102539,3,0,2019-01-27 22:56:34, 골목식당 보면 회사사람들이랑 결국 비슷한것 같아요. ,1556,3,0,0
2019-01-28 15:56:41.777536,13102539,3,0,2019-01-27 22:56:34, 골목식당 보면 회사사람들이랑 결국 비슷한것 같아요. ,1560,4,0,0
2019-01-28 16:56:34.083753,13102539,3,0,2019-01-27 22:56:34, 골목식당 보면 회사사람들이랑 결국 비슷한것 같아요. ,1564,4,0,0
2019-01-28 17:56:39.150577,13102539,3,0,2019-01-27 22:56:34, 골목식당 보면 회사사람들이랑 결국 비슷한것 같아요. ,1570,6,0,0
2019-01-28 18:56:44.307646,13102539,3,0,2019-01-27 22:56:34, 골목식당 보면 회사사람들이랑 결국 비슷한것 같아요. ,1575,5,0,0
2019-01-28 19:56:36.397749,13102539,3,0,2019-01-27 22:56:34, 골목식당 보면 회사사람들이랑 결국 비슷한것 같아요. ,1580,5,0,0
2019-01-28 20:56:41.501378,13102539,3,0,2019-01-27 22:56:34, 골목식당 보면 회사사람들이랑 결국 비슷한것 같아요. ,1587,7,0,0
2019-01-28 21:56:46.673536,13102539,3,0,2019-01-27 22:56:34, 골목식당 보면 회사사람들이랑 결국 비슷한것 같아요. ,1591,4,0,0
2019-01-28 22:56:38.792050,13102539,3,0,2019-01-27 22:56:34, 골목식당 보면 회사사람들이랑 결국 비슷한것 같아요. ,1596,5,0,0
