check_time,id,post_reply,post_symph,post_time,post_title,post_view,post_view_diff,post_reply_diff,post_symph_diff
2019-01-26 08:46:46.303557,13096985,7,0,2019-01-26 07:46:40, 하아... 새벽에 게임 카톡.. ,1201,1201,7,0
2019-01-26 09:46:51.336375,13096985,7,0,2019-01-26 07:46:40, 하아... 새벽에 게임 카톡.. ,1563,362,0,0
2019-01-26 10:46:43.379339,13096985,7,0,2019-01-26 07:46:40, 하아... 새벽에 게임 카톡.. ,1691,128,0,0
2019-01-26 11:46:48.973778,13096985,7,0,2019-01-26 07:46:40, 하아... 새벽에 게임 카톡.. ,1760,69,0,0
2019-01-26 12:46:41.016910,13096985,7,0,2019-01-26 07:46:40, 하아... 새벽에 게임 카톡.. ,1793,33,0,0
2019-01-26 13:46:46.069769,13096985,7,0,2019-01-26 07:46:40, 하아... 새벽에 게임 카톡.. ,1811,18,0,0
2019-01-26 14:46:51.146582,13096985,7,0,2019-01-26 07:46:40, 하아... 새벽에 게임 카톡.. ,1822,11,0,0
2019-01-26 15:46:43.693789,13096985,7,0,2019-01-26 07:46:40, 하아... 새벽에 게임 카톡.. ,1830,8,0,0
2019-01-26 16:46:48.790509,13096985,7,0,2019-01-26 07:46:40, 하아... 새벽에 게임 카톡.. ,1835,5,0,0
2019-01-26 17:46:41.046939,13096985,7,0,2019-01-26 07:46:40, 하아... 새벽에 게임 카톡.. ,1841,6,0,0
2019-01-26 18:46:46.111361,13096985,7,0,2019-01-26 07:46:40, 하아... 새벽에 게임 카톡.. ,1844,3,0,0
2019-01-26 19:46:51.136099,13096985,7,0,2019-01-26 07:46:40, 하아... 새벽에 게임 카톡.. ,1846,2,0,0
2019-01-26 20:46:43.356443,13096985,7,0,2019-01-26 07:46:40, 하아... 새벽에 게임 카톡.. ,1847,1,0,0
2019-01-26 21:46:48.491436,13096985,7,0,2019-01-26 07:46:40, 하아... 새벽에 게임 카톡.. ,1849,2,0,0
2019-01-26 22:46:40.517705,13096985,7,0,2019-01-26 07:46:40, 하아... 새벽에 게임 카톡.. ,1850,1,0,0
2019-01-26 23:46:45.579016,13096985,7,0,2019-01-26 07:46:40, 하아... 새벽에 게임 카톡.. ,1852,2,0,0
2019-01-27 00:46:50.753015,13096985,7,0,2019-01-26 07:46:40, 하아... 새벽에 게임 카톡.. ,1854,2,0,0
2019-01-27 01:46:42.835320,13096985,7,0,2019-01-26 07:46:40, 하아... 새벽에 게임 카톡.. ,1857,3,0,0
2019-01-27 02:46:47.939549,13096985,7,0,2019-01-26 07:46:40, 하아... 새벽에 게임 카톡.. ,1860,3,0,0
2019-01-27 03:46:40.096362,13096985,7,0,2019-01-26 07:46:40, 하아... 새벽에 게임 카톡.. ,1861,1,0,0
2019-01-27 04:46:45.190221,13096985,7,0,2019-01-26 07:46:40, 하아... 새벽에 게임 카톡.. ,1862,1,0,0
2019-01-27 05:46:50.558852,13096985,7,0,2019-01-26 07:46:40, 하아... 새벽에 게임 카톡.. ,1863,1,0,0
2019-01-27 06:46:42.778567,13096985,7,0,2019-01-26 07:46:40, 하아... 새벽에 게임 카톡.. ,1865,2,0,0
2019-01-27 07:46:47.861554,13096985,7,0,2019-01-26 07:46:40, 하아... 새벽에 게임 카톡.. ,1866,1,0,0
