check_time,id,post_reply,post_symph,post_time,post_title,post_view,post_view_diff,post_reply_diff,post_symph_diff
2019-01-25 08:10:40.540675,13092333,2,0,2019-01-25 07:10:36, 인터파크에서 플스 샀는데 ,3035,3035,2,0
2019-01-25 09:10:45.571631,13092333,2,0,2019-01-25 07:10:36, 인터파크에서 플스 샀는데 ,3977,942,0,0
2019-01-25 10:10:37.624249,13092333,2,0,2019-01-25 07:10:36, 인터파크에서 플스 샀는데 ,4286,309,0,0
2019-01-25 11:10:42.623382,13092333,2,0,2019-01-25 07:10:36, 인터파크에서 플스 샀는데 ,4423,137,0,0
2019-01-25 12:10:47.638341,13092333,2,0,2019-01-25 07:10:36, 인터파크에서 플스 샀는데 ,4465,42,0,0
2019-01-25 13:10:39.666807,13092333,2,0,2019-01-25 07:10:36, 인터파크에서 플스 샀는데 ,4503,38,0,0
2019-01-25 14:10:44.757154,13092333,2,0,2019-01-25 07:10:36, 인터파크에서 플스 샀는데 ,4523,20,0,0
2019-01-25 15:10:36.808377,13092333,2,0,2019-01-25 07:10:36, 인터파크에서 플스 샀는데 ,4545,22,0,0
2019-01-25 16:10:41.847634,13092333,2,0,2019-01-25 07:10:36, 인터파크에서 플스 샀는데 ,4554,9,0,0
2019-01-25 17:10:47.020189,13092333,2,0,2019-01-25 07:10:36, 인터파크에서 플스 샀는데 ,4561,7,0,0
2019-01-25 18:10:39.109445,13092333,2,0,2019-01-25 07:10:36, 인터파크에서 플스 샀는데 ,4573,12,0,0
2019-01-25 19:10:44.286028,13092333,2,0,2019-01-25 07:10:36, 인터파크에서 플스 샀는데 ,4576,3,0,0
2019-01-25 20:10:36.315427,13092333,2,0,2019-01-25 07:10:36, 인터파크에서 플스 샀는데 ,4581,5,0,0
2019-01-25 21:10:41.514532,13092333,2,0,2019-01-25 07:10:36, 인터파크에서 플스 샀는데 ,4585,4,0,0
2019-01-25 22:10:46.851628,13092333,2,0,2019-01-25 07:10:36, 인터파크에서 플스 샀는데 ,4588,3,0,0
2019-01-25 23:10:38.966293,13092333,2,0,2019-01-25 07:10:36, 인터파크에서 플스 샀는데 ,4593,5,0,0
2019-01-26 00:10:44.183168,13092333,2,0,2019-01-25 07:10:36, 인터파크에서 플스 샀는데 ,4596,3,0,0
2019-01-26 01:10:36.358557,13092333,2,0,2019-01-25 07:10:36, 인터파크에서 플스 샀는데 ,4598,2,0,0
2019-01-26 02:10:41.590755,13092333,2,0,2019-01-25 07:10:36, 인터파크에서 플스 샀는데 ,4599,1,0,0
2019-01-26 03:10:46.705862,13092333,2,0,2019-01-25 07:10:36, 인터파크에서 플스 샀는데 ,4602,3,0,0
2019-01-26 04:10:38.810945,13092333,2,0,2019-01-25 07:10:36, 인터파크에서 플스 샀는데 ,4605,3,0,0
2019-01-26 05:10:43.940823,13092333,2,0,2019-01-25 07:10:36, 인터파크에서 플스 샀는데 ,4606,1,0,0
2019-01-26 06:10:48.937671,13092333,2,0,2019-01-25 07:10:36, 인터파크에서 플스 샀는데 ,4607,1,0,0
2019-01-26 07:10:41.133950,13092333,2,0,2019-01-25 07:10:36, 인터파크에서 플스 샀는데 ,4609,2,0,0
