check_time,id,post_reply,post_symph,post_time,post_title,post_view,post_view_diff,post_reply_diff,post_symph_diff
2019-01-29 08:14:56.507547,13107025,2,1,2019-01-29 07:14:50, 하던일이 안풀릴땐 몸이 많이 아프더니 잘풀리니 몸상태가 좋아지네요 ,772,772,2,1
2019-01-29 09:15:01.577195,13107025,2,1,2019-01-29 07:14:50, 하던일이 안풀릴땐 몸이 많이 아프더니 잘풀리니 몸상태가 좋아지네요 ,992,220,0,0
2019-01-29 10:14:53.715922,13107025,2,1,2019-01-29 07:14:50, 하던일이 안풀릴땐 몸이 많이 아프더니 잘풀리니 몸상태가 좋아지네요 ,1036,44,0,0
2019-01-29 11:14:58.953734,13107025,2,1,2019-01-29 07:14:50, 하던일이 안풀릴땐 몸이 많이 아프더니 잘풀리니 몸상태가 좋아지네요 ,1059,23,0,0
2019-01-29 12:14:51.036870,13107025,2,1,2019-01-29 07:14:50, 하던일이 안풀릴땐 몸이 많이 아프더니 잘풀리니 몸상태가 좋아지네요 ,1066,7,0,0
2019-01-29 13:14:56.399751,13107025,2,1,2019-01-29 07:14:50, 하던일이 안풀릴땐 몸이 많이 아프더니 잘풀리니 몸상태가 좋아지네요 ,1075,9,0,0
2019-01-29 14:15:01.503871,13107025,2,1,2019-01-29 07:14:50, 하던일이 안풀릴땐 몸이 많이 아프더니 잘풀리니 몸상태가 좋아지네요 ,1083,8,0,0
2019-01-29 15:14:53.590415,13107025,2,1,2019-01-29 07:14:50, 하던일이 안풀릴땐 몸이 많이 아프더니 잘풀리니 몸상태가 좋아지네요 ,1087,4,0,0
2019-01-29 16:14:58.666183,13107025,2,1,2019-01-29 07:14:50, 하던일이 안풀릴땐 몸이 많이 아프더니 잘풀리니 몸상태가 좋아지네요 ,1089,2,0,0
2019-01-29 17:14:50.729266,13107025,2,1,2019-01-29 07:14:50, 하던일이 안풀릴땐 몸이 많이 아프더니 잘풀리니 몸상태가 좋아지네요 ,1091,2,0,0
2019-01-29 18:14:55.773181,13107025,2,1,2019-01-29 07:14:50, 하던일이 안풀릴땐 몸이 많이 아프더니 잘풀리니 몸상태가 좋아지네요 ,1093,2,0,0
2019-01-29 19:15:00.891873,13107025,2,1,2019-01-29 07:14:50, 하던일이 안풀릴땐 몸이 많이 아프더니 잘풀리니 몸상태가 좋아지네요 ,1096,3,0,0
2019-01-29 20:14:53.065234,13107025,2,1,2019-01-29 07:14:50, 하던일이 안풀릴땐 몸이 많이 아프더니 잘풀리니 몸상태가 좋아지네요 ,1105,9,0,0
2019-01-29 21:14:58.226082,13107025,2,1,2019-01-29 07:14:50, 하던일이 안풀릴땐 몸이 많이 아프더니 잘풀리니 몸상태가 좋아지네요 ,1118,13,0,0
2019-01-29 22:14:50.229943,13107025,2,1,2019-01-29 07:14:50, 하던일이 안풀릴땐 몸이 많이 아프더니 잘풀리니 몸상태가 좋아지네요 ,1120,2,0,0
2019-01-29 23:14:55.322845,13107025,2,1,2019-01-29 07:14:50, 하던일이 안풀릴땐 몸이 많이 아프더니 잘풀리니 몸상태가 좋아지네요 ,1122,2,0,0
2019-01-30 00:15:00.419429,13107025,2,1,2019-01-29 07:14:50, 하던일이 안풀릴땐 몸이 많이 아프더니 잘풀리니 몸상태가 좋아지네요 ,1126,4,0,0
2019-01-30 01:14:52.520607,13107025,2,1,2019-01-29 07:14:50, 하던일이 안풀릴땐 몸이 많이 아프더니 잘풀리니 몸상태가 좋아지네요 ,1129,3,0,0
2019-01-30 02:14:57.583718,13107025,2,1,2019-01-29 07:14:50, 하던일이 안풀릴땐 몸이 많이 아프더니 잘풀리니 몸상태가 좋아지네요 ,1129,0,0,0
2019-01-30 03:15:02.676375,13107025,2,1,2019-01-29 07:14:50, 하던일이 안풀릴땐 몸이 많이 아프더니 잘풀리니 몸상태가 좋아지네요 ,1130,1,0,0
2019-01-30 04:14:54.743055,13107025,2,1,2019-01-29 07:14:50, 하던일이 안풀릴땐 몸이 많이 아프더니 잘풀리니 몸상태가 좋아지네요 ,1132,2,0,0
2019-01-30 05:14:59.769392,13107025,2,1,2019-01-29 07:14:50, 하던일이 안풀릴땐 몸이 많이 아프더니 잘풀리니 몸상태가 좋아지네요 ,1134,2,0,0
2019-01-30 06:14:51.820474,13107025,2,1,2019-01-29 07:14:50, 하던일이 안풀릴땐 몸이 많이 아프더니 잘풀리니 몸상태가 좋아지네요 ,1135,1,0,0
2019-01-30 07:14:56.867051,13107025,2,1,2019-01-29 07:14:50, 하던일이 안풀릴땐 몸이 많이 아프더니 잘풀리니 몸상태가 좋아지네요 ,1136,1,0,0
