check_time,id,post_reply,post_symph,post_time,post_title,post_view,post_view_diff,post_reply_diff,post_symph_diff
2019-01-26 08:34:18.776354,13096976,3,0,2019-01-26 07:34:11, 냥스러움.jpg ,1929,1929,3,0
2019-01-26 09:34:23.859268,13096976,3,0,2019-01-26 07:34:11, 냥스러움.jpg ,2857,928,0,0
2019-01-26 10:34:15.880563,13096976,3,0,2019-01-26 07:34:11, 냥스러움.jpg ,3264,407,0,0
2019-01-26 11:34:20.893797,13096976,3,0,2019-01-26 07:34:11, 냥스러움.jpg ,3496,232,0,0
2019-01-26 12:34:12.936209,13096976,3,0,2019-01-26 07:34:11, 냥스러움.jpg ,3647,151,0,0
2019-01-26 13:34:17.995480,13096976,3,0,2019-01-26 07:34:11, 냥스러움.jpg ,3734,87,0,0
2019-01-26 14:34:23.068707,13096976,3,0,2019-01-26 07:34:11, 냥스러움.jpg ,3779,45,0,0
2019-01-26 15:34:15.051000,13096976,3,0,2019-01-26 07:34:11, 냥스러움.jpg ,3805,26,0,0
2019-01-26 16:34:20.142049,13096976,3,0,2019-01-26 07:34:11, 냥스러움.jpg ,3826,21,0,0
2019-01-26 17:34:12.264020,13096976,3,0,2019-01-26 07:34:11, 냥스러움.jpg ,3841,15,0,0
2019-01-26 18:34:17.395141,13096976,3,0,2019-01-26 07:34:11, 냥스러움.jpg ,3853,12,0,0
2019-01-26 19:34:22.520311,13096976,3,0,2019-01-26 07:34:11, 냥스러움.jpg ,3872,19,0,0
2019-01-26 20:34:14.617405,13096976,3,0,2019-01-26 07:34:11, 냥스러움.jpg ,3877,5,0,0
2019-01-26 21:34:19.706481,13096976,3,0,2019-01-26 07:34:11, 냥스러움.jpg ,3884,7,0,0
2019-01-26 22:34:11.888484,13096976,3,0,2019-01-26 07:34:11, 냥스러움.jpg ,3890,6,0,0
2019-01-26 23:34:16.985664,13096976,3,0,2019-01-26 07:34:11, 냥스러움.jpg ,3893,3,0,0
2019-01-27 00:34:22.016687,13096976,3,0,2019-01-26 07:34:11, 냥스러움.jpg ,3895,2,0,0
2019-01-27 01:34:14.039321,13096976,3,0,2019-01-26 07:34:11, 냥스러움.jpg ,3897,2,0,0
2019-01-27 02:34:19.254036,13096976,3,0,2019-01-26 07:34:11, 냥스러움.jpg ,3900,3,0,0
2019-01-27 03:34:11.273724,13096976,3,0,2019-01-26 07:34:11, 냥스러움.jpg ,3904,4,0,0
2019-01-27 04:34:16.289796,13096976,3,0,2019-01-26 07:34:11, 냥스러움.jpg ,3905,1,0,0
2019-01-27 05:34:21.308206,13096976,3,0,2019-01-26 07:34:11, 냥스러움.jpg ,3906,1,0,0
2019-01-27 06:34:13.577244,13096976,3,0,2019-01-26 07:34:11, 냥스러움.jpg ,3909,3,0,0
2019-01-27 07:34:18.599619,13096976,3,0,2019-01-26 07:34:11, 냥스러움.jpg ,3910,1,0,0
