check_time,id,post_reply,post_symph,post_time,post_title,post_view,post_view_diff,post_reply_diff,post_symph_diff
2019-01-24 08:20:57.847132,13087855,0,0,2019-01-24 07:20:57, 국밥 성애자이지만..백반이 땡깁니다.. ,1020,1020,0,0
2019-01-24 09:21:02.980543,13087855,0,0,2019-01-24 07:20:57, 국밥 성애자이지만..백반이 땡깁니다.. ,1224,204,0,0
2019-01-24 10:21:08.141195,13087855,0,0,2019-01-24 07:20:57, 국밥 성애자이지만..백반이 땡깁니다.. ,1270,46,0,0
2019-01-24 11:21:00.253573,13087855,0,0,2019-01-24 07:20:57, 국밥 성애자이지만..백반이 땡깁니다.. ,1279,9,0,0
2019-01-24 12:21:05.388886,13087855,0,0,2019-01-24 07:20:57, 국밥 성애자이지만..백반이 땡깁니다.. ,1287,8,0,0
2019-01-24 13:20:57.403464,13087855,0,0,2019-01-24 07:20:57, 국밥 성애자이지만..백반이 땡깁니다.. ,1292,5,0,0
2019-01-24 14:21:02.476606,13087855,0,0,2019-01-24 07:20:57, 국밥 성애자이지만..백반이 땡깁니다.. ,1299,7,0,0
2019-01-24 15:21:07.529631,13087855,0,0,2019-01-24 07:20:57, 국밥 성애자이지만..백반이 땡깁니다.. ,1300,1,0,0
2019-01-24 16:20:59.570583,13087855,0,0,2019-01-24 07:20:57, 국밥 성애자이지만..백반이 땡깁니다.. ,1304,4,0,0
2019-01-24 17:21:04.733249,13087855,0,0,2019-01-24 07:20:57, 국밥 성애자이지만..백반이 땡깁니다.. ,1307,3,0,0
2019-01-24 18:21:09.769757,13087855,0,0,2019-01-24 07:20:57, 국밥 성애자이지만..백반이 땡깁니다.. ,1311,4,0,0
2019-01-24 19:21:01.770599,13087855,0,0,2019-01-24 07:20:57, 국밥 성애자이지만..백반이 땡깁니다.. ,1312,1,0,0
2019-01-24 20:21:06.966643,13087855,0,0,2019-01-24 07:20:57, 국밥 성애자이지만..백반이 땡깁니다.. ,1315,3,0,0
2019-01-24 21:20:59.044324,13087855,0,0,2019-01-24 07:20:57, 국밥 성애자이지만..백반이 땡깁니다.. ,1316,1,0,0
2019-01-24 22:21:04.156934,13087855,0,0,2019-01-24 07:20:57, 국밥 성애자이지만..백반이 땡깁니다.. ,1318,2,0,0
2019-01-24 23:21:09.222884,13087855,0,0,2019-01-24 07:20:57, 국밥 성애자이지만..백반이 땡깁니다.. ,1320,2,0,0
2019-01-25 00:21:01.255721,13087855,0,0,2019-01-24 07:20:57, 국밥 성애자이지만..백반이 땡깁니다.. ,1322,2,0,0
2019-01-25 01:21:06.227020,13087855,0,0,2019-01-24 07:20:57, 국밥 성애자이지만..백반이 땡깁니다.. ,1323,1,0,0
2019-01-25 02:20:58.256189,13087855,0,0,2019-01-24 07:20:57, 국밥 성애자이지만..백반이 땡깁니다.. ,1324,1,0,0
2019-01-25 03:21:03.261007,13087855,0,0,2019-01-24 07:20:57, 국밥 성애자이지만..백반이 땡깁니다.. ,1327,3,0,0
2019-01-25 04:21:08.310288,13087855,0,0,2019-01-24 07:20:57, 국밥 성애자이지만..백반이 땡깁니다.. ,1330,3,0,0
2019-01-25 05:21:00.428678,13087855,0,0,2019-01-24 07:20:57, 국밥 성애자이지만..백반이 땡깁니다.. ,1331,1,0,0
2019-01-25 06:21:05.661424,13087855,0,0,2019-01-24 07:20:57, 국밥 성애자이지만..백반이 땡깁니다.. ,1332,1,0,0
2019-01-25 07:20:57.690038,13087855,0,0,2019-01-24 07:20:57, 국밥 성애자이지만..백반이 땡깁니다.. ,1334,2,0,0
