check_time,id,post_reply,post_symph,post_time,post_title,post_view,post_view_diff,post_reply_diff,post_symph_diff
2019-01-25 08:52:10.965270,13092363,8,0,2019-01-25 07:52:05, 신임소대장과 분대장이 싸웠을때.jpg ,4701,4701,8,0
2019-01-25 09:52:15.972404,13092363,8,0,2019-01-25 07:52:05, 신임소대장과 분대장이 싸웠을때.jpg ,5863,1162,0,0
2019-01-25 10:52:08.056839,13092363,8,0,2019-01-25 07:52:05, 신임소대장과 분대장이 싸웠을때.jpg ,6422,559,0,0
2019-01-25 11:52:14.270193,13092363,8,0,2019-01-25 07:52:05, 신임소대장과 분대장이 싸웠을때.jpg ,6620,198,0,0
2019-01-25 12:52:06.493853,13092363,8,0,2019-01-25 07:52:05, 신임소대장과 분대장이 싸웠을때.jpg ,6727,107,0,0
2019-01-25 13:52:11.906878,13092363,8,0,2019-01-25 07:52:05, 신임소대장과 분대장이 싸웠을때.jpg ,6796,69,0,0
2019-01-25 14:52:16.940242,13092363,8,0,2019-01-25 07:52:05, 신임소대장과 분대장이 싸웠을때.jpg ,6827,31,0,0
2019-01-25 15:52:09.097059,13092363,8,0,2019-01-25 07:52:05, 신임소대장과 분대장이 싸웠을때.jpg ,6853,26,0,0
2019-01-25 16:52:14.110388,13092363,8,0,2019-01-25 07:52:05, 신임소대장과 분대장이 싸웠을때.jpg ,6871,18,0,0
2019-01-25 17:52:06.112226,13092363,8,0,2019-01-25 07:52:05, 신임소대장과 분대장이 싸웠을때.jpg ,6892,21,0,0
2019-01-25 18:52:11.206508,13092363,8,0,2019-01-25 07:52:05, 신임소대장과 분대장이 싸웠을때.jpg ,6898,6,0,0
2019-01-25 19:52:16.338786,13092363,8,0,2019-01-25 07:52:05, 신임소대장과 분대장이 싸웠을때.jpg ,6904,6,0,0
2019-01-25 20:52:08.801359,13092363,8,0,2019-01-25 07:52:05, 신임소대장과 분대장이 싸웠을때.jpg ,6909,5,0,0
2019-01-25 21:52:13.806471,13092363,8,0,2019-01-25 07:52:05, 신임소대장과 분대장이 싸웠을때.jpg ,6921,12,0,0
2019-01-25 22:52:06.155601,13092363,8,0,2019-01-25 07:52:05, 신임소대장과 분대장이 싸웠을때.jpg ,6925,4,0,0
2019-01-25 23:52:11.241038,13092363,8,0,2019-01-25 07:52:05, 신임소대장과 분대장이 싸웠을때.jpg ,6930,5,0,0
2019-01-26 00:52:16.434818,13092363,8,0,2019-01-25 07:52:05, 신임소대장과 분대장이 싸웠을때.jpg ,6934,4,0,0
2019-01-26 01:52:08.749832,13092363,8,0,2019-01-25 07:52:05, 신임소대장과 분대장이 싸웠을때.jpg ,6937,3,0,0
2019-01-26 02:52:13.933084,13092363,8,0,2019-01-25 07:52:05, 신임소대장과 분대장이 싸웠을때.jpg ,6944,7,0,0
2019-01-26 03:52:06.070695,13092363,8,0,2019-01-25 07:52:05, 신임소대장과 분대장이 싸웠을때.jpg ,6946,2,0,0
2019-01-26 04:52:11.189355,13092363,8,0,2019-01-25 07:52:05, 신임소대장과 분대장이 싸웠을때.jpg ,6947,1,0,0
2019-01-26 05:52:16.290125,13092363,8,0,2019-01-25 07:52:05, 신임소대장과 분대장이 싸웠을때.jpg ,6949,2,0,0
2019-01-26 06:52:08.407601,13092363,8,0,2019-01-25 07:52:05, 신임소대장과 분대장이 싸웠을때.jpg ,6952,3,0,0
2019-01-26 07:52:13.557119,13092363,8,0,2019-01-25 07:52:05, 신임소대장과 분대장이 싸웠을때.jpg ,6952,0,0,0
