check_time,id,post_reply,post_symph,post_time,post_title,post_view,post_view_diff,post_reply_diff,post_symph_diff
2019-01-26 08:55:47.796635,13096992,5,0,2019-01-26 07:55:37, [밀리] 밀덕 아재는 어쩔 수 없네요. ,1008,1008,5,0
2019-01-26 09:55:40.078864,13096992,5,0,2019-01-26 07:55:37, [밀리] 밀덕 아재는 어쩔 수 없네요. ,1271,263,0,0
2019-01-26 10:55:45.293205,13096992,5,0,2019-01-26 07:55:37, [밀리] 밀덕 아재는 어쩔 수 없네요. ,1381,110,0,0
2019-01-26 11:55:37.445894,13096992,5,0,2019-01-26 07:55:37, [밀리] 밀덕 아재는 어쩔 수 없네요. ,1433,52,0,0
2019-01-26 12:55:42.576519,13096992,5,0,2019-01-26 07:55:37, [밀리] 밀덕 아재는 어쩔 수 없네요. ,1446,13,0,0
2019-01-26 13:55:47.689922,13096992,5,0,2019-01-26 07:55:37, [밀리] 밀덕 아재는 어쩔 수 없네요. ,1454,8,0,0
2019-01-26 14:55:39.740571,13096992,5,0,2019-01-26 07:55:37, [밀리] 밀덕 아재는 어쩔 수 없네요. ,1461,7,0,0
2019-01-26 15:55:45.860063,13096992,5,0,2019-01-26 07:55:37, [밀리] 밀덕 아재는 어쩔 수 없네요. ,1466,5,0,0
2019-01-26 16:55:37.929649,13096992,5,0,2019-01-26 07:55:37, [밀리] 밀덕 아재는 어쩔 수 없네요. ,1471,5,0,0
2019-01-26 17:55:44.073091,13096992,5,0,2019-01-26 07:55:37, [밀리] 밀덕 아재는 어쩔 수 없네요. ,1473,2,0,0
2019-01-26 18:55:49.126631,13096992,5,0,2019-01-26 07:55:37, [밀리] 밀덕 아재는 어쩔 수 없네요. ,1477,4,0,0
2019-01-26 19:55:41.176419,13096992,5,0,2019-01-26 07:55:37, [밀리] 밀덕 아재는 어쩔 수 없네요. ,1484,7,0,0
2019-01-26 20:55:46.232743,13096992,5,0,2019-01-26 07:55:37, [밀리] 밀덕 아재는 어쩔 수 없네요. ,1487,3,0,0
2019-01-26 21:55:38.386111,13096992,5,0,2019-01-26 07:55:37, [밀리] 밀덕 아재는 어쩔 수 없네요. ,1487,0,0,0
2019-01-26 22:55:43.452411,13096992,5,0,2019-01-26 07:55:37, [밀리] 밀덕 아재는 어쩔 수 없네요. ,1490,3,0,0
2019-01-26 23:55:48.488411,13096992,5,0,2019-01-26 07:55:37, [밀리] 밀덕 아재는 어쩔 수 없네요. ,1494,4,0,0
2019-01-27 00:55:40.516990,13096992,5,0,2019-01-26 07:55:37, [밀리] 밀덕 아재는 어쩔 수 없네요. ,1500,6,0,0
2019-01-27 01:55:45.606678,13096992,5,0,2019-01-26 07:55:37, [밀리] 밀덕 아재는 어쩔 수 없네요. ,1501,1,0,0
2019-01-27 02:55:37.757430,13096992,5,0,2019-01-26 07:55:37, [밀리] 밀덕 아재는 어쩔 수 없네요. ,1504,3,0,0
2019-01-27 03:55:42.813978,13096992,5,0,2019-01-26 07:55:37, [밀리] 밀덕 아재는 어쩔 수 없네요. ,1505,1,0,0
2019-01-27 04:55:47.855916,13096992,5,0,2019-01-26 07:55:37, [밀리] 밀덕 아재는 어쩔 수 없네요. ,1507,2,0,0
2019-01-27 05:55:39.885633,13096992,5,0,2019-01-26 07:55:37, [밀리] 밀덕 아재는 어쩔 수 없네요. ,1508,1,0,0
2019-01-27 06:55:44.915647,13096992,5,0,2019-01-26 07:55:37, [밀리] 밀덕 아재는 어쩔 수 없네요. ,1511,3,0,0
2019-01-27 07:55:49.968817,13096992,5,0,2019-01-26 07:55:37, [밀리] 밀덕 아재는 어쩔 수 없네요. ,1511,0,0,0
