check_time,id,post_reply,post_symph,post_time,post_title,post_view,post_view_diff,post_reply_diff,post_symph_diff
2019-01-24 08:00:57.895218,13087833,5,1,2019-01-24 07:00:46, 역시나 되팔렘들은 등장하는군요;;; ,3238,3238,5,1
2019-01-24 09:00:49.989875,13087833,5,1,2019-01-24 07:00:46, 역시나 되팔렘들은 등장하는군요;;; ,4352,1114,0,0
2019-01-24 10:00:55.079853,13087833,5,1,2019-01-24 07:00:46, 역시나 되팔렘들은 등장하는군요;;; ,4756,404,0,0
2019-01-24 11:00:47.199883,13087833,5,1,2019-01-24 07:00:46, 역시나 되팔렘들은 등장하는군요;;; ,4864,108,0,0
2019-01-24 12:00:52.306338,13087833,5,1,2019-01-24 07:00:46, 역시나 되팔렘들은 등장하는군요;;; ,4909,45,0,0
2019-01-24 13:00:57.414120,13087833,5,1,2019-01-24 07:00:46, 역시나 되팔렘들은 등장하는군요;;; ,4943,34,0,0
2019-01-24 14:00:49.513124,13087833,5,1,2019-01-24 07:00:46, 역시나 되팔렘들은 등장하는군요;;; ,4973,30,0,0
2019-01-24 15:00:54.604140,13087833,5,1,2019-01-24 07:00:46, 역시나 되팔렘들은 등장하는군요;;; ,4982,9,0,0
2019-01-24 16:00:46.741503,13087833,5,1,2019-01-24 07:00:46, 역시나 되팔렘들은 등장하는군요;;; ,4989,7,0,0
2019-01-24 17:00:51.791625,13087833,5,1,2019-01-24 07:00:46, 역시나 되팔렘들은 등장하는군요;;; ,4998,9,0,0
2019-01-24 18:00:56.851271,13087833,5,1,2019-01-24 07:00:46, 역시나 되팔렘들은 등장하는군요;;; ,5004,6,0,0
2019-01-24 19:00:48.855482,13087833,5,1,2019-01-24 07:00:46, 역시나 되팔렘들은 등장하는군요;;; ,5008,4,0,0
2019-01-24 20:00:53.884593,13087833,5,1,2019-01-24 07:00:46, 역시나 되팔렘들은 등장하는군요;;; ,5015,7,0,0
2019-01-24 21:00:58.967220,13087833,5,1,2019-01-24 07:00:46, 역시나 되팔렘들은 등장하는군요;;; ,5019,4,0,0
2019-01-24 22:00:50.983842,13087833,5,1,2019-01-24 07:00:46, 역시나 되팔렘들은 등장하는군요;;; ,5020,1,0,0
2019-01-24 23:00:56.043972,13087833,5,1,2019-01-24 07:00:46, 역시나 되팔렘들은 등장하는군요;;; ,5023,3,0,0
2019-01-25 00:00:48.073750,13087833,5,1,2019-01-24 07:00:46, 역시나 되팔렘들은 등장하는군요;;; ,5024,1,0,0
2019-01-25 01:00:53.147663,13087833,5,1,2019-01-24 07:00:46, 역시나 되팔렘들은 등장하는군요;;; ,5026,2,0,0
2019-01-25 02:00:58.294476,13087833,5,1,2019-01-24 07:00:46, 역시나 되팔렘들은 등장하는군요;;; ,5029,3,0,0
2019-01-25 03:00:50.233691,13087833,5,1,2019-01-24 07:00:46, 역시나 되팔렘들은 등장하는군요;;; ,5032,3,0,0
2019-01-25 04:00:55.310786,13087833,5,1,2019-01-24 07:00:46, 역시나 되팔렘들은 등장하는군요;;; ,5033,1,0,0
2019-01-25 05:00:47.339186,13087833,5,1,2019-01-24 07:00:46, 역시나 되팔렘들은 등장하는군요;;; ,5034,1,0,0
2019-01-25 06:00:52.330278,13087833,5,1,2019-01-24 07:00:46, 역시나 되팔렘들은 등장하는군요;;; ,5036,2,0,0
2019-01-25 07:00:57.368496,13087833,5,1,2019-01-24 07:00:46, 역시나 되팔렘들은 등장하는군요;;; ,5038,2,0,0
