check_time,id,post_reply,post_symph,post_time,post_title,post_view,post_view_diff,post_reply_diff,post_symph_diff
2019-01-29 08:45:15.379288,13107049,8,0,2019-01-29 07:45:09, 소주한병에도 몸이 축 처지네요.. ,1608,1608,8,0
2019-01-29 09:45:20.453084,13107049,9,0,2019-01-29 07:45:09, 소주한병에도 몸이 축 처지네요.. ,1895,287,1,0
2019-01-29 10:45:12.522658,13107049,9,0,2019-01-29 07:45:09, 소주한병에도 몸이 축 처지네요.. ,1964,69,0,0
2019-01-29 11:45:17.585399,13107049,9,0,2019-01-29 07:45:09, 소주한병에도 몸이 축 처지네요.. ,1984,20,0,0
2019-01-29 12:45:09.598715,13107049,9,0,2019-01-29 07:45:09, 소주한병에도 몸이 축 처지네요.. ,2009,25,0,0
2019-01-29 13:45:14.624657,13107049,9,0,2019-01-29 07:45:09, 소주한병에도 몸이 축 처지네요.. ,2019,10,0,0
2019-01-29 14:45:19.718365,13107049,9,0,2019-01-29 07:45:09, 소주한병에도 몸이 축 처지네요.. ,2031,12,0,0
2019-01-29 15:45:11.773697,13107049,9,0,2019-01-29 07:45:09, 소주한병에도 몸이 축 처지네요.. ,2033,2,0,0
2019-01-29 16:45:16.856237,13107049,9,0,2019-01-29 07:45:09, 소주한병에도 몸이 축 처지네요.. ,2036,3,0,0
2019-01-29 17:45:21.927395,13107049,9,0,2019-01-29 07:45:09, 소주한병에도 몸이 축 처지네요.. ,2043,7,0,0
2019-01-29 18:45:14.216464,13107049,9,0,2019-01-29 07:45:09, 소주한병에도 몸이 축 처지네요.. ,2044,1,0,0
2019-01-29 19:45:19.357289,13107049,9,0,2019-01-29 07:45:09, 소주한병에도 몸이 축 처지네요.. ,2046,2,0,0
2019-01-29 20:45:11.496612,13107049,9,0,2019-01-29 07:45:09, 소주한병에도 몸이 축 처지네요.. ,2049,3,0,0
2019-01-29 21:45:16.584063,13107049,9,0,2019-01-29 07:45:09, 소주한병에도 몸이 축 처지네요.. ,2051,2,0,0
2019-01-29 22:45:21.696541,13107049,9,0,2019-01-29 07:45:09, 소주한병에도 몸이 축 처지네요.. ,2053,2,0,0
2019-01-29 23:45:13.834895,13107049,9,0,2019-01-29 07:45:09, 소주한병에도 몸이 축 처지네요.. ,2055,2,0,0
2019-01-30 00:45:18.954706,13107049,9,0,2019-01-29 07:45:09, 소주한병에도 몸이 축 처지네요.. ,2056,1,0,0
2019-01-30 01:45:11.090997,13107049,9,0,2019-01-29 07:45:09, 소주한병에도 몸이 축 처지네요.. ,2058,2,0,0
2019-01-30 02:45:16.373191,13107049,9,0,2019-01-29 07:45:09, 소주한병에도 몸이 축 처지네요.. ,2059,1,0,0
2019-01-30 03:45:21.470859,13107049,9,0,2019-01-29 07:45:09, 소주한병에도 몸이 축 처지네요.. ,2060,1,0,0
2019-01-30 04:45:13.539676,13107049,9,0,2019-01-29 07:45:09, 소주한병에도 몸이 축 처지네요.. ,2062,2,0,0
2019-01-30 05:45:18.631556,13107049,9,0,2019-01-29 07:45:09, 소주한병에도 몸이 축 처지네요.. ,2063,1,0,0
2019-01-30 06:45:10.928315,13107049,9,0,2019-01-29 07:45:09, 소주한병에도 몸이 축 처지네요.. ,2064,1,0,0
2019-01-30 07:45:15.953266,13107049,9,0,2019-01-29 07:45:09, 소주한병에도 몸이 축 처지네요.. ,2065,1,0,0
