check_time,id,post_reply,post_symph,post_time,post_title,post_view,post_view_diff,post_reply_diff,post_symph_diff
2019-01-25 08:38:22.886495,13092347,8,0,2019-01-25 07:38:21, 현금호송 4일차 ,2969,2969,8,0
2019-01-25 09:38:27.939639,13092347,8,0,2019-01-25 07:38:21, 현금호송 4일차 ,3596,627,0,0
2019-01-25 10:38:32.992804,13092347,8,0,2019-01-25 07:38:21, 현금호송 4일차 ,3853,257,0,0
2019-01-25 11:38:24.979616,13092347,8,0,2019-01-25 07:38:21, 현금호송 4일차 ,3951,98,0,0
2019-01-25 12:38:30.083790,13092347,8,0,2019-01-25 07:38:21, 현금호송 4일차 ,4005,54,0,0
2019-01-25 13:38:22.500802,13092347,8,0,2019-01-25 07:38:21, 현금호송 4일차 ,4037,32,0,0
2019-01-25 14:38:27.651457,13092347,8,0,2019-01-25 07:38:21, 현금호송 4일차 ,4072,35,0,0
2019-01-25 15:38:33.070252,13092347,8,0,2019-01-25 07:38:21, 현금호송 4일차 ,4088,16,0,0
2019-01-25 16:38:25.160285,13092347,8,0,2019-01-25 07:38:21, 현금호송 4일차 ,4099,11,0,0
2019-01-25 17:38:30.298823,13092347,8,0,2019-01-25 07:38:21, 현금호송 4일차 ,4113,14,0,0
2019-01-25 18:38:22.346890,13092347,8,0,2019-01-25 07:38:21, 현금호송 4일차 ,4118,5,0,0
2019-01-25 19:38:27.476523,13092347,8,0,2019-01-25 07:38:21, 현금호송 4일차 ,4120,2,0,0
2019-01-25 20:38:32.614322,13092347,8,0,2019-01-25 07:38:21, 현금호송 4일차 ,4124,4,0,0
2019-01-25 21:38:24.839194,13092347,8,0,2019-01-25 07:38:21, 현금호송 4일차 ,4128,4,0,0
2019-01-25 22:38:29.898940,13092347,8,0,2019-01-25 07:38:21, 현금호송 4일차 ,4130,2,0,0
2019-01-25 23:38:22.195933,13092347,8,0,2019-01-25 07:38:21, 현금호송 4일차 ,4131,1,0,0
2019-01-26 00:38:27.361106,13092347,8,0,2019-01-25 07:38:21, 현금호송 4일차 ,4136,5,0,0
2019-01-26 01:38:32.387184,13092347,8,0,2019-01-25 07:38:21, 현금호송 4일차 ,4141,5,0,0
2019-01-26 02:38:24.425157,13092347,8,0,2019-01-25 07:38:21, 현금호송 4일차 ,4145,4,0,0
2019-01-26 03:38:29.503797,13092347,8,0,2019-01-25 07:38:21, 현금호송 4일차 ,4146,1,0,0
2019-01-26 04:38:21.503600,13092347,8,0,2019-01-25 07:38:21, 현금호송 4일차 ,4147,1,0,0
2019-01-26 05:38:26.705611,13092347,8,0,2019-01-25 07:38:21, 현금호송 4일차 ,4151,4,0,0
2019-01-26 06:38:31.774634,13092347,8,0,2019-01-25 07:38:21, 현금호송 4일차 ,4153,2,0,0
2019-01-26 07:38:23.744764,13092347,8,0,2019-01-25 07:38:21, 현금호송 4일차 ,4154,1,0,0
