check_time,id,post_reply,post_symph,post_time,post_title,post_view,post_view_diff,post_reply_diff,post_symph_diff
2019-01-30 08:00:40.023246,13110620,2,0,2019-01-30 07:00:37, fast.com 맥시코에서 해봤습니다 ,1269,1269,2,0
2019-01-30 09:00:45.124644,13110620,2,0,2019-01-30 07:00:37, fast.com 맥시코에서 해봤습니다 ,1709,440,0,0
2019-01-30 10:00:37.142298,13110620,2,0,2019-01-30 07:00:37, fast.com 맥시코에서 해봤습니다 ,1821,112,0,0
2019-01-30 11:00:42.221294,13110620,2,0,2019-01-30 07:00:37, fast.com 맥시코에서 해봤습니다 ,1849,28,0,0
2019-01-30 12:00:47.466496,13110620,2,0,2019-01-30 07:00:37, fast.com 맥시코에서 해봤습니다 ,1869,20,0,0
2019-01-30 13:00:39.743224,13110620,2,0,2019-01-30 07:00:37, fast.com 맥시코에서 해봤습니다 ,1886,17,0,0
2019-01-30 14:00:44.973700,13110620,2,0,2019-01-30 07:00:37, fast.com 맥시코에서 해봤습니다 ,1891,5,0,0
2019-01-30 15:00:50.006181,13110620,2,0,2019-01-30 07:00:37, fast.com 맥시코에서 해봤습니다 ,1896,5,0,0
2019-01-30 16:00:42.076418,13110620,2,0,2019-01-30 07:00:37, fast.com 맥시코에서 해봤습니다 ,1898,2,0,0
2019-01-30 17:00:47.096903,13110620,2,0,2019-01-30 07:00:37, fast.com 맥시코에서 해봤습니다 ,1902,4,0,0
2019-01-30 18:00:39.124401,13110620,2,0,2019-01-30 07:00:37, fast.com 맥시코에서 해봤습니다 ,1903,1,0,0
2019-01-30 19:00:44.295410,13110620,2,0,2019-01-30 07:00:37, fast.com 맥시코에서 해봤습니다 ,1907,4,0,0
2019-01-30 20:00:49.351475,13110620,2,0,2019-01-30 07:00:37, fast.com 맥시코에서 해봤습니다 ,1909,2,0,0
2019-01-30 21:00:41.418697,13110620,2,0,2019-01-30 07:00:37, fast.com 맥시코에서 해봤습니다 ,1911,2,0,0
2019-01-30 22:00:46.490191,13110620,2,0,2019-01-30 07:00:37, fast.com 맥시코에서 해봤습니다 ,1912,1,0,0
2019-01-30 23:00:38.571425,13110620,2,0,2019-01-30 07:00:37, fast.com 맥시코에서 해봤습니다 ,1916,4,0,0
2019-01-31 00:00:43.665540,13110620,2,0,2019-01-30 07:00:37, fast.com 맥시코에서 해봤습니다 ,1918,2,0,0
2019-01-31 01:00:48.650151,13110620,2,0,2019-01-30 07:00:37, fast.com 맥시코에서 해봤습니다 ,1920,2,0,0
2019-01-31 02:00:40.680917,13110620,2,0,2019-01-30 07:00:37, fast.com 맥시코에서 해봤습니다 ,1920,0,0,0
2019-01-31 03:00:45.690882,13110620,2,0,2019-01-30 07:00:37, fast.com 맥시코에서 해봤습니다 ,1921,1,0,0
2019-01-31 04:00:37.760067,13110620,2,0,2019-01-30 07:00:37, fast.com 맥시코에서 해봤습니다 ,1922,1,0,0
2019-01-31 05:00:42.835816,13110620,2,0,2019-01-30 07:00:37, fast.com 맥시코에서 해봤습니다 ,1926,4,0,0
2019-01-31 06:00:47.939454,13110620,2,0,2019-01-30 07:00:37, fast.com 맥시코에서 해봤습니다 ,1927,1,0,0
2019-01-31 07:00:40.059364,13110620,2,0,2019-01-30 07:00:37, fast.com 맥시코에서 해봤습니다 ,1929,2,0,0
