check_time,id,post_reply,post_symph,post_time,post_title,post_view,post_view_diff,post_reply_diff,post_symph_diff
2019-01-28 08:10:33.517470,13103212,4,0,2019-01-28 07:10:27, 한달전의 저에게 싸다구를 날려주고 싶네요 ,2305,2305,4,0
2019-01-28 09:10:38.577092,13103212,4,0,2019-01-28 07:10:27, 한달전의 저에게 싸다구를 날려주고 싶네요 ,2846,541,0,0
2019-01-28 10:10:30.560888,13103212,4,0,2019-01-28 07:10:27, 한달전의 저에게 싸다구를 날려주고 싶네요 ,2984,138,0,0
2019-01-28 11:10:35.624969,13103212,4,0,2019-01-28 07:10:27, 한달전의 저에게 싸다구를 날려주고 싶네요 ,3036,52,0,0
2019-01-28 12:10:27.683216,13103212,4,0,2019-01-28 07:10:27, 한달전의 저에게 싸다구를 날려주고 싶네요 ,3063,27,0,0
2019-01-28 13:10:32.939549,13103212,4,0,2019-01-28 07:10:27, 한달전의 저에게 싸다구를 날려주고 싶네요 ,3090,27,0,0
2019-01-28 14:10:38.023692,13103212,4,0,2019-01-28 07:10:27, 한달전의 저에게 싸다구를 날려주고 싶네요 ,3098,8,0,0
2019-01-28 15:10:30.065197,13103212,4,0,2019-01-28 07:10:27, 한달전의 저에게 싸다구를 날려주고 싶네요 ,3104,6,0,0
2019-01-28 16:10:35.120816,13103212,4,0,2019-01-28 07:10:27, 한달전의 저에게 싸다구를 날려주고 싶네요 ,3110,6,0,0
2019-01-28 17:10:27.183727,13103212,4,0,2019-01-28 07:10:27, 한달전의 저에게 싸다구를 날려주고 싶네요 ,3115,5,0,0
2019-01-28 18:10:32.233521,13103212,4,0,2019-01-28 07:10:27, 한달전의 저에게 싸다구를 날려주고 싶네요 ,3123,8,0,0
2019-01-28 19:10:37.263837,13103212,4,0,2019-01-28 07:10:27, 한달전의 저에게 싸다구를 날려주고 싶네요 ,3124,1,0,0
2019-01-28 20:10:29.270607,13103212,4,0,2019-01-28 07:10:27, 한달전의 저에게 싸다구를 날려주고 싶네요 ,3125,1,0,0
2019-01-28 21:10:34.377350,13103212,4,0,2019-01-28 07:10:27, 한달전의 저에게 싸다구를 날려주고 싶네요 ,3130,5,0,0
2019-01-28 22:10:39.393831,13103212,4,0,2019-01-28 07:10:27, 한달전의 저에게 싸다구를 날려주고 싶네요 ,3134,4,0,0
2019-01-28 23:10:31.463889,13103212,4,0,2019-01-28 07:10:27, 한달전의 저에게 싸다구를 날려주고 싶네요 ,3137,3,0,0
2019-01-29 00:10:36.520439,13103212,4,0,2019-01-28 07:10:27, 한달전의 저에게 싸다구를 날려주고 싶네요 ,3140,3,0,0
2019-01-29 01:10:28.646077,13103212,4,0,2019-01-28 07:10:27, 한달전의 저에게 싸다구를 날려주고 싶네요 ,3146,6,0,0
2019-01-29 02:10:33.703229,13103212,4,0,2019-01-28 07:10:27, 한달전의 저에게 싸다구를 날려주고 싶네요 ,3148,2,0,0
2019-01-29 03:10:38.689901,13103212,4,0,2019-01-28 07:10:27, 한달전의 저에게 싸다구를 날려주고 싶네요 ,3149,1,0,0
2019-01-29 04:10:30.830580,13103212,4,0,2019-01-28 07:10:27, 한달전의 저에게 싸다구를 날려주고 싶네요 ,3150,1,0,0
2019-01-29 05:10:35.822896,13103212,4,0,2019-01-28 07:10:27, 한달전의 저에게 싸다구를 날려주고 싶네요 ,3153,3,0,0
2019-01-29 06:10:27.862920,13103212,4,0,2019-01-28 07:10:27, 한달전의 저에게 싸다구를 날려주고 싶네요 ,3156,3,0,0
2019-01-29 07:10:32.877298,13103212,4,0,2019-01-28 07:10:27, 한달전의 저에게 싸다구를 날려주고 싶네요 ,3159,3,0,0
