check_time,id,post_reply,post_symph,post_time,post_title,post_view,post_view_diff,post_reply_diff,post_symph_diff
2019-01-29 08:36:28.886790,13107043,10,0,2019-01-29 07:36:24, 현금호송 6일차 출근합니다. ,2035,2035,10,0
2019-01-29 09:36:33.979504,13107043,11,0,2019-01-29 07:36:24, 현금호송 6일차 출근합니다. ,2584,549,1,0
2019-01-29 10:36:26.082106,13107043,11,0,2019-01-29 07:36:24, 현금호송 6일차 출근합니다. ,2694,110,0,0
2019-01-29 11:36:31.183963,13107043,11,0,2019-01-29 07:36:24, 현금호송 6일차 출근합니다. ,2730,36,0,0
2019-01-29 12:36:36.593189,13107043,11,0,2019-01-29 07:36:24, 현금호송 6일차 출근합니다. ,2750,20,0,0
2019-01-29 13:36:28.723746,13107043,11,0,2019-01-29 07:36:24, 현금호송 6일차 출근합니다. ,2761,11,0,0
2019-01-29 14:36:34.024392,13107043,11,0,2019-01-29 07:36:24, 현금호송 6일차 출근합니다. ,2775,14,0,0
2019-01-29 15:36:26.273062,13107043,11,0,2019-01-29 07:36:24, 현금호송 6일차 출근합니다. ,2780,5,0,0
2019-01-29 16:36:31.602102,13107043,11,0,2019-01-29 07:36:24, 현금호송 6일차 출근합니다. ,2784,4,0,0
2019-01-29 17:36:36.998949,13107043,11,0,2019-01-29 07:36:24, 현금호송 6일차 출근합니다. ,2789,5,0,0
2019-01-29 18:36:29.282770,13107043,11,0,2019-01-29 07:36:24, 현금호송 6일차 출근합니다. ,2796,7,0,0
2019-01-29 19:36:34.468996,13107043,11,0,2019-01-29 07:36:24, 현금호송 6일차 출근합니다. ,2797,1,0,0
2019-01-29 20:36:26.604567,13107043,11,0,2019-01-29 07:36:24, 현금호송 6일차 출근합니다. ,2799,2,0,0
2019-01-29 21:36:31.652063,13107043,13,0,2019-01-29 07:36:24, 현금호송 6일차 출근합니다. ,2805,6,2,0
2019-01-29 22:36:36.755714,13107043,13,0,2019-01-29 07:36:24, 현금호송 6일차 출근합니다. ,2812,7,0,0
2019-01-29 23:36:28.804282,13107043,13,0,2019-01-29 07:36:24, 현금호송 6일차 출근합니다. ,2814,2,0,0
2019-01-30 00:36:34.140186,13107043,13,0,2019-01-29 07:36:24, 현금호송 6일차 출근합니다. ,2816,2,0,0
2019-01-30 01:36:26.181180,13107043,13,0,2019-01-29 07:36:24, 현금호송 6일차 출근합니다. ,2818,2,0,0
2019-01-30 02:36:31.186478,13107043,13,0,2019-01-29 07:36:24, 현금호송 6일차 출근합니다. ,2819,1,0,0
2019-01-30 03:36:36.229356,13107043,13,0,2019-01-29 07:36:24, 현금호송 6일차 출근합니다. ,2820,1,0,0
2019-01-30 04:36:28.379913,13107043,13,0,2019-01-29 07:36:24, 현금호송 6일차 출근합니다. ,2824,4,0,0
2019-01-30 05:36:33.498055,13107043,13,0,2019-01-29 07:36:24, 현금호송 6일차 출근합니다. ,2825,1,0,0
2019-01-30 06:36:25.605780,13107043,13,0,2019-01-29 07:36:24, 현금호송 6일차 출근합니다. ,2828,3,0,0
2019-01-30 07:36:30.828797,13107043,13,0,2019-01-29 07:36:24, 현금호송 6일차 출근합니다. ,2829,1,0,0
