check_time,id,post_reply,post_symph,post_time,post_title,post_view,post_view_diff,post_reply_diff,post_symph_diff
2019-01-27 08:36:12.420582,13100226,13,0,2019-01-27 07:36:03, 스스로에게 아이패드 가격이 용납이 안됨 ㅠㅠ ,1562,1562,13,0
2019-01-27 09:36:04.566465,13100226,14,0,2019-01-27 07:36:03, 스스로에게 아이패드 가격이 용납이 안됨 ㅠㅠ ,2309,747,1,0
2019-01-27 10:36:09.656681,13100226,15,0,2019-01-27 07:36:03, 스스로에게 아이패드 가격이 용납이 안됨 ㅠㅠ ,2641,332,1,0
2019-01-27 11:36:14.768100,13100226,15,0,2019-01-27 07:36:03, 스스로에게 아이패드 가격이 용납이 안됨 ㅠㅠ ,2803,162,0,0
2019-01-27 12:36:06.806911,13100226,15,0,2019-01-27 07:36:03, 스스로에게 아이패드 가격이 용납이 안됨 ㅠㅠ ,2864,61,0,0
2019-01-27 13:36:11.863716,13100226,15,0,2019-01-27 07:36:03, 스스로에게 아이패드 가격이 용납이 안됨 ㅠㅠ ,2910,46,0,0
2019-01-27 14:36:03.944480,13100226,15,0,2019-01-27 07:36:03, 스스로에게 아이패드 가격이 용납이 안됨 ㅠㅠ ,2929,19,0,0
2019-01-27 15:36:08.986596,13100226,15,0,2019-01-27 07:36:03, 스스로에게 아이패드 가격이 용납이 안됨 ㅠㅠ ,2944,15,0,0
2019-01-27 16:36:14.026073,13100226,15,0,2019-01-27 07:36:03, 스스로에게 아이패드 가격이 용납이 안됨 ㅠㅠ ,2953,9,0,0
2019-01-27 17:36:06.284550,13100226,15,0,2019-01-27 07:36:03, 스스로에게 아이패드 가격이 용납이 안됨 ㅠㅠ ,2960,7,0,0
2019-01-27 18:36:11.445358,13100226,15,0,2019-01-27 07:36:03, 스스로에게 아이패드 가격이 용납이 안됨 ㅠㅠ ,2965,5,0,0
2019-01-27 19:36:03.472452,13100226,15,0,2019-01-27 07:36:03, 스스로에게 아이패드 가격이 용납이 안됨 ㅠㅠ ,2975,10,0,0
2019-01-27 20:36:08.596294,13100226,15,0,2019-01-27 07:36:03, 스스로에게 아이패드 가격이 용납이 안됨 ㅠㅠ ,2979,4,0,0
2019-01-27 21:36:13.847070,13100226,15,0,2019-01-27 07:36:03, 스스로에게 아이패드 가격이 용납이 안됨 ㅠㅠ ,2990,11,0,0
2019-01-27 22:36:05.952955,13100226,15,0,2019-01-27 07:36:03, 스스로에게 아이패드 가격이 용납이 안됨 ㅠㅠ ,2996,6,0,0
2019-01-27 23:36:11.203179,13100226,15,0,2019-01-27 07:36:03, 스스로에게 아이패드 가격이 용납이 안됨 ㅠㅠ ,3004,8,0,0
2019-01-28 00:36:03.229605,13100226,15,0,2019-01-27 07:36:03, 스스로에게 아이패드 가격이 용납이 안됨 ㅠㅠ ,3010,6,0,0
2019-01-28 01:36:08.229389,13100226,15,0,2019-01-27 07:36:03, 스스로에게 아이패드 가격이 용납이 안됨 ㅠㅠ ,3016,6,0,0
2019-01-28 02:36:13.407078,13100226,15,0,2019-01-27 07:36:03, 스스로에게 아이패드 가격이 용납이 안됨 ㅠㅠ ,3020,4,0,0
2019-01-28 03:36:05.650397,13100226,15,0,2019-01-27 07:36:03, 스스로에게 아이패드 가격이 용납이 안됨 ㅠㅠ ,3022,2,0,0
2019-01-28 04:36:10.773502,13100226,15,0,2019-01-27 07:36:03, 스스로에게 아이패드 가격이 용납이 안됨 ㅠㅠ ,3024,2,0,0
2019-01-28 05:36:15.810789,13100226,15,0,2019-01-27 07:36:03, 스스로에게 아이패드 가격이 용납이 안됨 ㅠㅠ ,3025,1,0,0
2019-01-28 06:36:07.847047,13100226,15,0,2019-01-27 07:36:03, 스스로에게 아이패드 가격이 용납이 안됨 ㅠㅠ ,3027,2,0,0
2019-01-28 07:36:12.887637,13100226,15,0,2019-01-27 07:36:03, 스스로에게 아이패드 가격이 용납이 안됨 ㅠㅠ ,3030,3,0,0
