check_time,id,post_reply,post_symph,post_time,post_title,post_view,post_view_diff,post_reply_diff,post_symph_diff
2019-01-29 08:24:37.720008,13107031,16,0,2019-01-29 07:24:34, 한 시간만 더 일찍 잘 걸.. ,2120,2120,16,0
2019-01-29 09:24:42.825133,13107031,16,0,2019-01-29 07:24:34, 한 시간만 더 일찍 잘 걸.. ,2648,528,0,0
2019-01-29 10:24:34.942252,13107031,16,0,2019-01-29 07:24:34, 한 시간만 더 일찍 잘 걸.. ,2790,142,0,0
2019-01-29 11:24:40.040677,13107031,16,0,2019-01-29 07:24:34, 한 시간만 더 일찍 잘 걸.. ,2840,50,0,0
2019-01-29 12:24:45.191258,13107031,16,0,2019-01-29 07:24:34, 한 시간만 더 일찍 잘 걸.. ,2864,24,0,0
2019-01-29 13:24:37.321410,13107031,16,0,2019-01-29 07:24:34, 한 시간만 더 일찍 잘 걸.. ,2873,9,0,0
2019-01-29 14:24:42.458350,13107031,16,0,2019-01-29 07:24:34, 한 시간만 더 일찍 잘 걸.. ,2883,10,0,0
2019-01-29 15:24:34.714375,13107031,16,0,2019-01-29 07:24:34, 한 시간만 더 일찍 잘 걸.. ,2885,2,0,0
2019-01-29 16:24:40.104071,13107031,16,0,2019-01-29 07:24:34, 한 시간만 더 일찍 잘 걸.. ,2894,9,0,0
2019-01-29 17:24:45.262705,13107031,16,0,2019-01-29 07:24:34, 한 시간만 더 일찍 잘 걸.. ,2898,4,0,0
2019-01-29 18:24:37.326127,13107031,16,0,2019-01-29 07:24:34, 한 시간만 더 일찍 잘 걸.. ,2903,5,0,0
2019-01-29 19:24:42.437834,13107031,16,0,2019-01-29 07:24:34, 한 시간만 더 일찍 잘 걸.. ,2904,1,0,0
2019-01-29 20:24:34.548308,13107031,16,0,2019-01-29 07:24:34, 한 시간만 더 일찍 잘 걸.. ,2907,3,0,0
2019-01-29 21:24:39.688483,13107031,16,0,2019-01-29 07:24:34, 한 시간만 더 일찍 잘 걸.. ,2912,5,0,0
2019-01-29 22:24:44.728184,13107031,16,0,2019-01-29 07:24:34, 한 시간만 더 일찍 잘 걸.. ,2915,3,0,0
2019-01-29 23:24:36.859322,13107031,16,0,2019-01-29 07:24:34, 한 시간만 더 일찍 잘 걸.. ,2916,1,0,0
2019-01-30 00:24:41.956419,13107031,16,0,2019-01-29 07:24:34, 한 시간만 더 일찍 잘 걸.. ,2919,3,0,0
2019-01-30 01:24:34.065895,13107031,16,0,2019-01-29 07:24:34, 한 시간만 더 일찍 잘 걸.. ,2925,6,0,0
2019-01-30 02:24:39.163584,13107031,16,0,2019-01-29 07:24:34, 한 시간만 더 일찍 잘 걸.. ,2927,2,0,0
2019-01-30 03:24:44.237158,13107031,16,0,2019-01-29 07:24:34, 한 시간만 더 일찍 잘 걸.. ,2930,3,0,0
2019-01-30 04:24:36.313961,13107031,16,0,2019-01-29 07:24:34, 한 시간만 더 일찍 잘 걸.. ,2932,2,0,0
2019-01-30 05:24:41.444686,13107031,16,0,2019-01-29 07:24:34, 한 시간만 더 일찍 잘 걸.. ,2935,3,0,0
2019-01-30 06:24:46.565400,13107031,16,0,2019-01-29 07:24:34, 한 시간만 더 일찍 잘 걸.. ,2936,1,0,0
2019-01-30 07:24:38.676930,13107031,16,0,2019-01-29 07:24:34, 한 시간만 더 일찍 잘 걸.. ,2938,2,0,0
