check_time,id,post_reply,post_symph,post_time,post_title,post_view,post_view_diff,post_reply_diff,post_symph_diff
2019-01-30 08:17:01.978849,13110634,10,0,2019-01-30 07:16:53, 잦은 이직에 대한 인식이 국내/해외 다른가봐요 ,1696,1696,10,0
2019-01-30 09:16:54.294864,13110634,11,0,2019-01-30 07:16:53, 잦은 이직에 대한 인식이 국내/해외 다른가봐요 ,2475,779,1,0
2019-01-30 10:16:59.384637,13110634,16,0,2019-01-30 07:16:53, 잦은 이직에 대한 인식이 국내/해외 다른가봐요 ,2617,142,5,0
2019-01-30 11:17:04.517048,13110634,17,0,2019-01-30 07:16:53, 잦은 이직에 대한 인식이 국내/해외 다른가봐요 ,2673,56,1,0
2019-01-30 12:16:56.571515,13110634,17,0,2019-01-30 07:16:53, 잦은 이직에 대한 인식이 국내/해외 다른가봐요 ,2697,24,0,0
2019-01-30 13:17:01.602177,13110634,17,0,2019-01-30 07:16:53, 잦은 이직에 대한 인식이 국내/해외 다른가봐요 ,2714,17,0,0
2019-01-30 14:16:53.662085,13110634,17,0,2019-01-30 07:16:53, 잦은 이직에 대한 인식이 국내/해외 다른가봐요 ,2724,10,0,0
2019-01-30 15:16:58.724956,13110634,17,0,2019-01-30 07:16:53, 잦은 이직에 대한 인식이 국내/해외 다른가봐요 ,2734,10,0,0
2019-01-30 16:17:03.849166,13110634,17,0,2019-01-30 07:16:53, 잦은 이직에 대한 인식이 국내/해외 다른가봐요 ,2739,5,0,0
2019-01-30 17:16:55.985721,13110634,17,0,2019-01-30 07:16:53, 잦은 이직에 대한 인식이 국내/해외 다른가봐요 ,2742,3,0,0
2019-01-30 18:17:01.173188,13110634,17,0,2019-01-30 07:16:53, 잦은 이직에 대한 인식이 국내/해외 다른가봐요 ,2746,4,0,0
2019-01-30 19:16:53.275955,13110634,17,0,2019-01-30 07:16:53, 잦은 이직에 대한 인식이 국내/해외 다른가봐요 ,2748,2,0,0
2019-01-30 20:16:58.492164,13110634,17,0,2019-01-30 07:16:53, 잦은 이직에 대한 인식이 국내/해외 다른가봐요 ,2753,5,0,0
2019-01-30 21:17:03.511400,13110634,17,0,2019-01-30 07:16:53, 잦은 이직에 대한 인식이 국내/해외 다른가봐요 ,2757,4,0,0
2019-01-30 22:16:55.554601,13110634,17,0,2019-01-30 07:16:53, 잦은 이직에 대한 인식이 국내/해외 다른가봐요 ,2757,0,0,0
2019-01-30 23:17:00.624453,13110634,17,0,2019-01-30 07:16:53, 잦은 이직에 대한 인식이 국내/해외 다른가봐요 ,2759,2,0,0
2019-01-31 00:17:06.007364,13110634,17,0,2019-01-30 07:16:53, 잦은 이직에 대한 인식이 국내/해외 다른가봐요 ,2760,1,0,0
2019-01-31 01:16:58.361816,13110634,17,0,2019-01-30 07:16:53, 잦은 이직에 대한 인식이 국내/해외 다른가봐요 ,2763,3,0,0
2019-01-31 02:17:03.653797,13110634,17,0,2019-01-30 07:16:53, 잦은 이직에 대한 인식이 국내/해외 다른가봐요 ,2765,2,0,0
2019-01-31 03:16:55.774240,13110634,17,0,2019-01-30 07:16:53, 잦은 이직에 대한 인식이 국내/해외 다른가봐요 ,2767,2,0,0
2019-01-31 04:17:00.865088,13110634,17,0,2019-01-30 07:16:53, 잦은 이직에 대한 인식이 국내/해외 다른가봐요 ,2769,2,0,0
2019-01-31 05:16:53.237438,13110634,17,0,2019-01-30 07:16:53, 잦은 이직에 대한 인식이 국내/해외 다른가봐요 ,2772,3,0,0
2019-01-31 06:16:58.287247,13110634,17,0,2019-01-30 07:16:53, 잦은 이직에 대한 인식이 국내/해외 다른가봐요 ,2773,1,0,0
2019-01-31 07:17:03.340724,13110634,17,0,2019-01-30 07:16:53, 잦은 이직에 대한 인식이 국내/해외 다른가봐요 ,2776,3,0,0
