check_time,id,post_reply,post_symph,post_time,post_title,post_view,post_view_diff,post_reply_diff,post_symph_diff
2019-01-24 08:47:33.938696,13087888,9,0,2019-01-24 07:47:23, 쿠팡이 잘되었으면 좋겠습니다 ,1880,1880,9,0
2019-01-24 09:47:25.947265,13087888,10,0,2019-01-24 07:47:23, 쿠팡이 잘되었으면 좋겠습니다 ,2182,302,1,0
2019-01-24 10:47:30.941178,13087888,10,0,2019-01-24 07:47:23, 쿠팡이 잘되었으면 좋겠습니다 ,2235,53,0,0
2019-01-24 11:47:23.025422,13087888,10,0,2019-01-24 07:47:23, 쿠팡이 잘되었으면 좋겠습니다 ,2252,17,0,0
2019-01-24 12:47:28.041012,13087888,10,0,2019-01-24 07:47:23, 쿠팡이 잘되었으면 좋겠습니다 ,2259,7,0,0
2019-01-24 13:47:33.036993,13087888,10,0,2019-01-24 07:47:23, 쿠팡이 잘되었으면 좋겠습니다 ,2265,6,0,0
2019-01-24 14:47:25.191127,13087888,10,0,2019-01-24 07:47:23, 쿠팡이 잘되었으면 좋겠습니다 ,2269,4,0,0
2019-01-24 15:47:30.515509,13087888,10,0,2019-01-24 07:47:23, 쿠팡이 잘되었으면 좋겠습니다 ,2273,4,0,0
2019-01-24 16:47:35.659900,13087888,10,0,2019-01-24 07:47:23, 쿠팡이 잘되었으면 좋겠습니다 ,2277,4,0,0
2019-01-24 17:47:27.725417,13087888,10,0,2019-01-24 07:47:23, 쿠팡이 잘되었으면 좋겠습니다 ,2282,5,0,0
2019-01-24 18:47:32.878209,13087888,10,0,2019-01-24 07:47:23, 쿠팡이 잘되었으면 좋겠습니다 ,2287,5,0,0
2019-01-24 19:47:24.984587,13087888,10,0,2019-01-24 07:47:23, 쿠팡이 잘되었으면 좋겠습니다 ,2289,2,0,0
2019-01-24 20:47:30.176190,13087888,10,0,2019-01-24 07:47:23, 쿠팡이 잘되었으면 좋겠습니다 ,2293,4,0,0
2019-01-24 21:47:35.115436,13087888,10,0,2019-01-24 07:47:23, 쿠팡이 잘되었으면 좋겠습니다 ,2295,2,0,0
2019-01-24 22:47:27.133924,13087888,10,0,2019-01-24 07:47:23, 쿠팡이 잘되었으면 좋겠습니다 ,2296,1,0,0
2019-01-24 23:47:32.253996,13087888,10,0,2019-01-24 07:47:23, 쿠팡이 잘되었으면 좋겠습니다 ,2297,1,0,0
2019-01-25 00:47:24.337992,13087888,10,0,2019-01-24 07:47:23, 쿠팡이 잘되었으면 좋겠습니다 ,2302,5,0,0
2019-01-25 01:47:29.459092,13087888,10,0,2019-01-24 07:47:23, 쿠팡이 잘되었으면 좋겠습니다 ,2304,2,0,0
2019-01-25 02:47:34.589138,13087888,10,0,2019-01-24 07:47:23, 쿠팡이 잘되었으면 좋겠습니다 ,2305,1,0,0
2019-01-25 03:47:26.716625,13087888,10,0,2019-01-24 07:47:23, 쿠팡이 잘되었으면 좋겠습니다 ,2308,3,0,0
2019-01-25 04:47:31.757022,13087888,10,0,2019-01-24 07:47:23, 쿠팡이 잘되었으면 좋겠습니다 ,2309,1,0,0
2019-01-25 05:47:23.788960,13087888,10,0,2019-01-24 07:47:23, 쿠팡이 잘되었으면 좋겠습니다 ,2310,1,0,0
2019-01-25 06:47:29.716378,13087888,10,0,2019-01-24 07:47:23, 쿠팡이 잘되었으면 좋겠습니다 ,2312,2,0,0
2019-01-25 07:47:34.802762,13087888,10,0,2019-01-24 07:47:23, 쿠팡이 잘되었으면 좋겠습니다 ,2313,1,0,0
