check_time,id,post_reply,post_symph,post_time,post_title,post_view,post_view_diff,post_reply_diff,post_symph_diff
2019-01-24 08:36:48.285838,13087867,2,0,2019-01-24 07:36:41, 플스 슬림 구매성공했는데.. 그냥 취소해야겠습니다. ,1911,1911,2,0
2019-01-24 09:36:53.340911,13087867,2,0,2019-01-24 07:36:41, 플스 슬림 구매성공했는데.. 그냥 취소해야겠습니다. ,2249,338,0,0
2019-01-24 10:36:45.614043,13087867,2,0,2019-01-24 07:36:41, 플스 슬림 구매성공했는데.. 그냥 취소해야겠습니다. ,2305,56,0,0
2019-01-24 11:36:50.754360,13087867,2,0,2019-01-24 07:36:41, 플스 슬림 구매성공했는데.. 그냥 취소해야겠습니다. ,2326,21,0,0
2019-01-24 12:36:42.835887,13087867,2,0,2019-01-24 07:36:41, 플스 슬림 구매성공했는데.. 그냥 취소해야겠습니다. ,2337,11,0,0
2019-01-24 13:36:47.878616,13087867,2,0,2019-01-24 07:36:41, 플스 슬림 구매성공했는데.. 그냥 취소해야겠습니다. ,2347,10,0,0
2019-01-24 14:36:52.865944,13087867,2,0,2019-01-24 07:36:41, 플스 슬림 구매성공했는데.. 그냥 취소해야겠습니다. ,2353,6,0,0
2019-01-24 15:36:45.002747,13087867,2,0,2019-01-24 07:36:41, 플스 슬림 구매성공했는데.. 그냥 취소해야겠습니다. ,2355,2,0,0
2019-01-24 16:36:50.065584,13087867,2,0,2019-01-24 07:36:41, 플스 슬림 구매성공했는데.. 그냥 취소해야겠습니다. ,2359,4,0,0
2019-01-24 17:36:42.365912,13087867,2,0,2019-01-24 07:36:41, 플스 슬림 구매성공했는데.. 그냥 취소해야겠습니다. ,2362,3,0,0
2019-01-24 18:36:47.442843,13087867,2,0,2019-01-24 07:36:41, 플스 슬림 구매성공했는데.. 그냥 취소해야겠습니다. ,2367,5,0,0
2019-01-24 19:36:52.678803,13087867,2,0,2019-01-24 07:36:41, 플스 슬림 구매성공했는데.. 그냥 취소해야겠습니다. ,2369,2,0,0
2019-01-24 20:36:44.696848,13087867,2,0,2019-01-24 07:36:41, 플스 슬림 구매성공했는데.. 그냥 취소해야겠습니다. ,2373,4,0,0
2019-01-24 21:36:49.773005,13087867,2,0,2019-01-24 07:36:41, 플스 슬림 구매성공했는데.. 그냥 취소해야겠습니다. ,2376,3,0,0
2019-01-24 22:36:41.891413,13087867,2,0,2019-01-24 07:36:41, 플스 슬림 구매성공했는데.. 그냥 취소해야겠습니다. ,2377,1,0,0
2019-01-24 23:36:47.075658,13087867,2,0,2019-01-24 07:36:41, 플스 슬림 구매성공했는데.. 그냥 취소해야겠습니다. ,2380,3,0,0
2019-01-25 00:36:52.234297,13087867,2,0,2019-01-24 07:36:41, 플스 슬림 구매성공했는데.. 그냥 취소해야겠습니다. ,2382,2,0,0
2019-01-25 01:36:44.552133,13087867,2,0,2019-01-24 07:36:41, 플스 슬림 구매성공했는데.. 그냥 취소해야겠습니다. ,2385,3,0,0
2019-01-25 02:36:49.635078,13087867,2,0,2019-01-24 07:36:41, 플스 슬림 구매성공했는데.. 그냥 취소해야겠습니다. ,2388,3,0,0
2019-01-25 03:36:41.789023,13087867,2,0,2019-01-24 07:36:41, 플스 슬림 구매성공했는데.. 그냥 취소해야겠습니다. ,2390,2,0,0
2019-01-25 04:36:47.004270,13087867,2,0,2019-01-24 07:36:41, 플스 슬림 구매성공했는데.. 그냥 취소해야겠습니다. ,2391,1,0,0
2019-01-25 05:36:52.219416,13087867,2,0,2019-01-24 07:36:41, 플스 슬림 구매성공했는데.. 그냥 취소해야겠습니다. ,2392,1,0,0
2019-01-25 06:36:44.321553,13087867,2,0,2019-01-24 07:36:41, 플스 슬림 구매성공했는데.. 그냥 취소해야겠습니다. ,2394,2,0,0
2019-01-25 07:36:49.445727,13087867,2,0,2019-01-24 07:36:41, 플스 슬림 구매성공했는데.. 그냥 취소해야겠습니다. ,2396,2,0,0
