check_time,id,post_reply,post_symph,post_time,post_title,post_view,post_view_diff,post_reply_diff,post_symph_diff
2019-01-30 08:10:31.507205,13110630,7,0,2019-01-30 07:10:24, fast.com 글들 보니.. ,1078,1078,7,0
2019-01-30 09:10:36.623819,13110630,7,0,2019-01-30 07:10:24, fast.com 글들 보니.. ,1322,244,0,0
2019-01-30 10:10:28.820432,13110630,7,0,2019-01-30 07:10:24, fast.com 글들 보니.. ,1374,52,0,0
2019-01-30 11:10:33.873956,13110630,7,0,2019-01-30 07:10:24, fast.com 글들 보니.. ,1390,16,0,0
2019-01-30 12:10:25.900893,13110630,7,0,2019-01-30 07:10:24, fast.com 글들 보니.. ,1395,5,0,0
2019-01-30 13:10:30.966326,13110630,7,0,2019-01-30 07:10:24, fast.com 글들 보니.. ,1405,10,0,0
2019-01-30 14:10:36.157284,13110630,7,0,2019-01-30 07:10:24, fast.com 글들 보니.. ,1408,3,0,0
2019-01-30 15:10:28.152962,13110630,7,0,2019-01-30 07:10:24, fast.com 글들 보니.. ,1412,4,0,0
2019-01-30 16:10:33.185364,13110630,7,0,2019-01-30 07:10:24, fast.com 글들 보니.. ,1416,4,0,0
2019-01-30 17:10:25.194166,13110630,7,0,2019-01-30 07:10:24, fast.com 글들 보니.. ,1420,4,0,0
2019-01-30 18:10:30.275603,13110630,7,0,2019-01-30 07:10:24, fast.com 글들 보니.. ,1421,1,0,0
2019-01-30 19:10:35.319382,13110630,7,0,2019-01-30 07:10:24, fast.com 글들 보니.. ,1424,3,0,0
2019-01-30 20:10:27.563065,13110630,7,0,2019-01-30 07:10:24, fast.com 글들 보니.. ,1426,2,0,0
2019-01-30 21:10:32.654617,13110630,7,0,2019-01-30 07:10:24, fast.com 글들 보니.. ,1428,2,0,0
2019-01-30 22:10:24.700527,13110630,7,0,2019-01-30 07:10:24, fast.com 글들 보니.. ,1428,0,0,0
2019-01-30 23:10:29.772883,13110630,7,0,2019-01-30 07:10:24, fast.com 글들 보니.. ,1429,1,0,0
2019-01-31 00:10:34.834806,13110630,7,0,2019-01-30 07:10:24, fast.com 글들 보니.. ,1432,3,0,0
2019-01-31 01:10:26.848448,13110630,7,0,2019-01-30 07:10:24, fast.com 글들 보니.. ,1437,5,0,0
2019-01-31 02:10:31.881551,13110630,7,0,2019-01-30 07:10:24, fast.com 글들 보니.. ,1438,1,0,0
2019-01-31 03:10:24.083589,13110630,7,0,2019-01-30 07:10:24, fast.com 글들 보니.. ,1439,1,0,0
2019-01-31 04:10:29.229348,13110630,7,0,2019-01-30 07:10:24, fast.com 글들 보니.. ,1441,2,0,0
2019-01-31 05:10:34.483300,13110630,7,0,2019-01-30 07:10:24, fast.com 글들 보니.. ,1443,2,0,0
2019-01-31 06:10:26.539452,13110630,7,0,2019-01-30 07:10:24, fast.com 글들 보니.. ,1443,0,0,0
2019-01-31 07:10:32.320404,13110630,7,0,2019-01-30 07:10:24, fast.com 글들 보니.. ,1445,2,0,0
