check_time,id,post_reply,post_symph,post_time,post_title,post_view,post_view_diff,post_reply_diff,post_symph_diff
2019-01-28 08:24:21.260344,13103223,1,0,2019-01-28 07:24:10, 씻다가 갑자기 생각난건데 스카이캐슬 혜나는 약 부작용 때문에 그렇게 된게 아닌가 생각을 했습니다. ,1531,1531,1,0
2019-01-28 09:24:13.339899,13103223,1,0,2019-01-28 07:24:10, 씻다가 갑자기 생각난건데 스카이캐슬 혜나는 약 부작용 때문에 그렇게 된게 아닌가 생각을 했습니다. ,1852,321,0,0
2019-01-28 10:24:18.440725,13103223,1,0,2019-01-28 07:24:10, 씻다가 갑자기 생각난건데 스카이캐슬 혜나는 약 부작용 때문에 그렇게 된게 아닌가 생각을 했습니다. ,1935,83,0,0
2019-01-28 11:24:10.443338,13103223,1,0,2019-01-28 07:24:10, 씻다가 갑자기 생각난건데 스카이캐슬 혜나는 약 부작용 때문에 그렇게 된게 아닌가 생각을 했습니다. ,1974,39,0,0
2019-01-28 12:24:15.413611,13103223,1,0,2019-01-28 07:24:10, 씻다가 갑자기 생각난건데 스카이캐슬 혜나는 약 부작용 때문에 그렇게 된게 아닌가 생각을 했습니다. ,2001,27,0,0
2019-01-28 13:24:20.400006,13103223,1,0,2019-01-28 07:24:10, 씻다가 갑자기 생각난건데 스카이캐슬 혜나는 약 부작용 때문에 그렇게 된게 아닌가 생각을 했습니다. ,2021,20,0,0
2019-01-28 14:24:12.429913,13103223,1,0,2019-01-28 07:24:10, 씻다가 갑자기 생각난건데 스카이캐슬 혜나는 약 부작용 때문에 그렇게 된게 아닌가 생각을 했습니다. ,2045,24,0,0
2019-01-28 15:24:17.516907,13103223,1,0,2019-01-28 07:24:10, 씻다가 갑자기 생각난건데 스카이캐슬 혜나는 약 부작용 때문에 그렇게 된게 아닌가 생각을 했습니다. ,2048,3,0,0
2019-01-28 16:24:22.833425,13103223,1,0,2019-01-28 07:24:10, 씻다가 갑자기 생각난건데 스카이캐슬 혜나는 약 부작용 때문에 그렇게 된게 아닌가 생각을 했습니다. ,2055,7,0,0
2019-01-28 17:24:14.907081,13103223,1,0,2019-01-28 07:24:10, 씻다가 갑자기 생각난건데 스카이캐슬 혜나는 약 부작용 때문에 그렇게 된게 아닌가 생각을 했습니다. ,2060,5,0,0
2019-01-28 18:24:19.910660,13103223,1,0,2019-01-28 07:24:10, 씻다가 갑자기 생각난건데 스카이캐슬 혜나는 약 부작용 때문에 그렇게 된게 아닌가 생각을 했습니다. ,2064,4,0,0
2019-01-28 19:24:11.916332,13103223,1,0,2019-01-28 07:24:10, 씻다가 갑자기 생각난건데 스카이캐슬 혜나는 약 부작용 때문에 그렇게 된게 아닌가 생각을 했습니다. ,2068,4,0,0
2019-01-28 20:24:16.987386,13103223,1,0,2019-01-28 07:24:10, 씻다가 갑자기 생각난건데 스카이캐슬 혜나는 약 부작용 때문에 그렇게 된게 아닌가 생각을 했습니다. ,2079,11,0,0
2019-01-28 21:24:22.081129,13103223,1,0,2019-01-28 07:24:10, 씻다가 갑자기 생각난건데 스카이캐슬 혜나는 약 부작용 때문에 그렇게 된게 아닌가 생각을 했습니다. ,2083,4,0,0
2019-01-28 22:24:14.211468,13103223,1,0,2019-01-28 07:24:10, 씻다가 갑자기 생각난건데 스카이캐슬 혜나는 약 부작용 때문에 그렇게 된게 아닌가 생각을 했습니다. ,2091,8,0,0
2019-01-28 23:24:19.239612,13103223,1,0,2019-01-28 07:24:10, 씻다가 갑자기 생각난건데 스카이캐슬 혜나는 약 부작용 때문에 그렇게 된게 아닌가 생각을 했습니다. ,2098,7,0,0
2019-01-29 00:24:11.484843,13103223,1,0,2019-01-28 07:24:10, 씻다가 갑자기 생각난건데 스카이캐슬 혜나는 약 부작용 때문에 그렇게 된게 아닌가 생각을 했습니다. ,2104,6,0,0
2019-01-29 01:24:16.574346,13103223,1,0,2019-01-28 07:24:10, 씻다가 갑자기 생각난건데 스카이캐슬 혜나는 약 부작용 때문에 그렇게 된게 아닌가 생각을 했습니다. ,2111,7,0,0
2019-01-29 02:24:21.720915,13103223,1,0,2019-01-28 07:24:10, 씻다가 갑자기 생각난건데 스카이캐슬 혜나는 약 부작용 때문에 그렇게 된게 아닌가 생각을 했습니다. ,2117,6,0,0
2019-01-29 03:24:13.848190,13103223,1,0,2019-01-28 07:24:10, 씻다가 갑자기 생각난건데 스카이캐슬 혜나는 약 부작용 때문에 그렇게 된게 아닌가 생각을 했습니다. ,2118,1,0,0
2019-01-29 04:24:18.896643,13103223,1,0,2019-01-28 07:24:10, 씻다가 갑자기 생각난건데 스카이캐슬 혜나는 약 부작용 때문에 그렇게 된게 아닌가 생각을 했습니다. ,2122,4,0,0
2019-01-29 05:24:10.873901,13103223,1,0,2019-01-28 07:24:10, 씻다가 갑자기 생각난건데 스카이캐슬 혜나는 약 부작용 때문에 그렇게 된게 아닌가 생각을 했습니다. ,2126,4,0,0
2019-01-29 06:24:15.916428,13103223,1,0,2019-01-28 07:24:10, 씻다가 갑자기 생각난건데 스카이캐슬 혜나는 약 부작용 때문에 그렇게 된게 아닌가 생각을 했습니다. ,2128,2,0,0
2019-01-29 07:24:20.989114,13103223,1,0,2019-01-28 07:24:10, 씻다가 갑자기 생각난건데 스카이캐슬 혜나는 약 부작용 때문에 그렇게 된게 아닌가 생각을 했습니다. ,2131,3,0,0
