check_time,id,post_reply,post_symph,post_time,post_title,post_view,post_view_diff,post_reply_diff,post_symph_diff
2019-01-24 08:32:09.590381,13087861,4,0,2019-01-24 07:31:59, 스와치 오토매틱 크로노 입니다 ,1681,1681,4,0
2019-01-24 09:32:01.678654,13087861,4,0,2019-01-24 07:31:59, 스와치 오토매틱 크로노 입니다 ,2078,397,0,0
2019-01-24 10:32:07.162441,13087861,4,0,2019-01-24 07:31:59, 스와치 오토매틱 크로노 입니다 ,2175,97,0,0
2019-01-24 11:31:59.169590,13087861,4,0,2019-01-24 07:31:59, 스와치 오토매틱 크로노 입니다 ,2195,20,0,0
2019-01-24 12:32:04.214807,13087861,4,0,2019-01-24 07:31:59, 스와치 오토매틱 크로노 입니다 ,2206,11,0,0
2019-01-24 13:32:09.376791,13087861,4,0,2019-01-24 07:31:59, 스와치 오토매틱 크로노 입니다 ,2210,4,0,0
2019-01-24 14:32:01.517050,13087861,4,0,2019-01-24 07:31:59, 스와치 오토매틱 크로노 입니다 ,2215,5,0,0
2019-01-24 15:32:06.665668,13087861,4,0,2019-01-24 07:31:59, 스와치 오토매틱 크로노 입니다 ,2220,5,0,0
2019-01-24 16:32:11.769690,13087861,4,0,2019-01-24 07:31:59, 스와치 오토매틱 크로노 입니다 ,2221,1,0,0
2019-01-24 17:32:03.755986,13087861,4,0,2019-01-24 07:31:59, 스와치 오토매틱 크로노 입니다 ,2222,1,0,0
2019-01-24 18:32:09.039216,13087861,4,0,2019-01-24 07:31:59, 스와치 오토매틱 크로노 입니다 ,2226,4,0,0
2019-01-24 19:32:01.063984,13087861,4,0,2019-01-24 07:31:59, 스와치 오토매틱 크로노 입니다 ,2229,3,0,0
2019-01-24 20:32:06.105931,13087861,4,0,2019-01-24 07:31:59, 스와치 오토매틱 크로노 입니다 ,2233,4,0,0
2019-01-24 21:32:11.272556,13087861,4,0,2019-01-24 07:31:59, 스와치 오토매틱 크로노 입니다 ,2236,3,0,0
2019-01-24 22:32:03.589125,13087861,4,0,2019-01-24 07:31:59, 스와치 오토매틱 크로노 입니다 ,2238,2,0,0
2019-01-24 23:32:09.006455,13087861,4,0,2019-01-24 07:31:59, 스와치 오토매틱 크로노 입니다 ,2240,2,0,0
2019-01-25 00:32:01.258472,13087861,4,0,2019-01-24 07:31:59, 스와치 오토매틱 크로노 입니다 ,2242,2,0,0
2019-01-25 01:32:06.346933,13087861,4,0,2019-01-24 07:31:59, 스와치 오토매틱 크로노 입니다 ,2244,2,0,0
2019-01-25 02:32:11.307291,13087861,4,0,2019-01-24 07:31:59, 스와치 오토매틱 크로노 입니다 ,2244,0,0,0
2019-01-25 03:32:03.428820,13087861,4,0,2019-01-24 07:31:59, 스와치 오토매틱 크로노 입니다 ,2247,3,0,0
2019-01-25 04:32:09.301960,13087861,4,0,2019-01-24 07:31:59, 스와치 오토매틱 크로노 입니다 ,2249,2,0,0
2019-01-25 05:32:01.432366,13087861,4,0,2019-01-24 07:31:59, 스와치 오토매틱 크로노 입니다 ,2251,2,0,0
2019-01-25 06:32:06.594693,13087861,4,0,2019-01-24 07:31:59, 스와치 오토매틱 크로노 입니다 ,2252,1,0,0
2019-01-25 07:32:11.683276,13087861,4,0,2019-01-24 07:31:59, 스와치 오토매틱 크로노 입니다 ,2254,2,0,0
