check_time,id,post_reply,post_symph,post_time,post_title,post_view,post_view_diff,post_reply_diff,post_symph_diff
2019-01-26 08:05:17.346532,13096961,3,0,2019-01-26 07:05:12," 움짤) FA컵) 아스날 V 맨유, 골 장면.gif ",2029,2029,3,0
2019-01-26 09:05:22.453508,13096961,5,1,2019-01-26 07:05:12," 움짤) FA컵) 아스날 V 맨유, 골 장면.gif ",3620,1591,2,1
2019-01-26 10:05:14.744338,13096961,6,1,2019-01-26 07:05:12," 움짤) FA컵) 아스날 V 맨유, 골 장면.gif ",4522,902,1,0
2019-01-26 11:05:19.903555,13096961,6,1,2019-01-26 07:05:12," 움짤) FA컵) 아스날 V 맨유, 골 장면.gif ",4981,459,0,0
2019-01-26 12:05:12.025184,13096961,6,1,2019-01-26 07:05:12," 움짤) FA컵) 아스날 V 맨유, 골 장면.gif ",5169,188,0,0
2019-01-26 13:05:17.141623,13096961,6,1,2019-01-26 07:05:12," 움짤) FA컵) 아스날 V 맨유, 골 장면.gif ",5276,107,0,0
2019-01-26 14:05:22.206295,13096961,6,1,2019-01-26 07:05:12," 움짤) FA컵) 아스날 V 맨유, 골 장면.gif ",5342,66,0,0
2019-01-26 15:05:14.242739,13096961,6,1,2019-01-26 07:05:12," 움짤) FA컵) 아스날 V 맨유, 골 장면.gif ",5395,53,0,0
2019-01-26 16:05:19.338131,13096961,6,1,2019-01-26 07:05:12," 움짤) FA컵) 아스날 V 맨유, 골 장면.gif ",5422,27,0,0
2019-01-26 17:05:24.652645,13096961,6,1,2019-01-26 07:05:12," 움짤) FA컵) 아스날 V 맨유, 골 장면.gif ",5435,13,0,0
2019-01-26 18:05:16.966220,13096961,6,1,2019-01-26 07:05:12," 움짤) FA컵) 아스날 V 맨유, 골 장면.gif ",5450,15,0,0
2019-01-26 19:05:22.335049,13096961,6,1,2019-01-26 07:05:12," 움짤) FA컵) 아스날 V 맨유, 골 장면.gif ",5468,18,0,0
2019-01-26 20:05:14.457180,13096961,6,1,2019-01-26 07:05:12," 움짤) FA컵) 아스날 V 맨유, 골 장면.gif ",5482,14,0,0
2019-01-26 21:05:19.587311,13096961,6,1,2019-01-26 07:05:12," 움짤) FA컵) 아스날 V 맨유, 골 장면.gif ",5492,10,0,0
2019-01-26 22:05:24.659741,13096961,6,1,2019-01-26 07:05:12," 움짤) FA컵) 아스날 V 맨유, 골 장면.gif ",5494,2,0,0
2019-01-26 23:05:16.705304,13096961,6,1,2019-01-26 07:05:12," 움짤) FA컵) 아스날 V 맨유, 골 장면.gif ",5502,8,0,0
2019-01-27 00:05:21.760496,13096961,6,1,2019-01-26 07:05:12," 움짤) FA컵) 아스날 V 맨유, 골 장면.gif ",5505,3,0,0
2019-01-27 01:05:13.800129,13096961,6,1,2019-01-26 07:05:12," 움짤) FA컵) 아스날 V 맨유, 골 장면.gif ",5509,4,0,0
2019-01-27 02:05:18.852267,13096961,6,1,2019-01-26 07:05:12," 움짤) FA컵) 아스날 V 맨유, 골 장면.gif ",5513,4,0,0
2019-01-27 03:05:23.932342,13096961,6,1,2019-01-26 07:05:12," 움짤) FA컵) 아스날 V 맨유, 골 장면.gif ",5521,8,0,0
2019-01-27 04:05:16.137212,13096961,6,1,2019-01-26 07:05:12," 움짤) FA컵) 아스날 V 맨유, 골 장면.gif ",5522,1,0,0
2019-01-27 05:05:21.360589,13096961,6,1,2019-01-26 07:05:12," 움짤) FA컵) 아스날 V 맨유, 골 장면.gif ",5523,1,0,0
2019-01-27 06:05:13.387222,13096961,6,1,2019-01-26 07:05:12," 움짤) FA컵) 아스날 V 맨유, 골 장면.gif ",5525,2,0,0
2019-01-27 07:05:18.364040,13096961,6,1,2019-01-26 07:05:12," 움짤) FA컵) 아스날 V 맨유, 골 장면.gif ",5529,4,0,0
