check_time,id,post_reply,post_symph,post_time,post_title,post_view,post_view_diff,post_reply_diff,post_symph_diff
2019-01-28 08:56:51.502667,13103251,12,0,2019-01-28 07:56:42, 미국에서도 팁 없애자는 운동이 있는 것 같아요 ,3218,3218,12,0
2019-01-28 09:56:43.560322,13103251,13,0,2019-01-28 07:56:42, 미국에서도 팁 없애자는 운동이 있는 것 같아요 ,3822,604,1,0
2019-01-28 10:56:48.656462,13103251,13,0,2019-01-28 07:56:42, 미국에서도 팁 없애자는 운동이 있는 것 같아요 ,4045,223,0,0
2019-01-28 11:56:53.799566,13103251,13,0,2019-01-28 07:56:42, 미국에서도 팁 없애자는 운동이 있는 것 같아요 ,4128,83,0,0
2019-01-28 12:56:45.897609,13103251,13,0,2019-01-28 07:56:42, 미국에서도 팁 없애자는 운동이 있는 것 같아요 ,4218,90,0,0
2019-01-28 13:56:51.177632,13103251,13,0,2019-01-28 07:56:42, 미국에서도 팁 없애자는 운동이 있는 것 같아요 ,4263,45,0,0
2019-01-28 14:56:43.230486,13103251,13,0,2019-01-28 07:56:42, 미국에서도 팁 없애자는 운동이 있는 것 같아요 ,4284,21,0,0
2019-01-28 15:56:48.297268,13103251,13,0,2019-01-28 07:56:42, 미국에서도 팁 없애자는 운동이 있는 것 같아요 ,4296,12,0,0
2019-01-28 16:56:53.348069,13103251,13,0,2019-01-28 07:56:42, 미국에서도 팁 없애자는 운동이 있는 것 같아요 ,4305,9,0,0
2019-01-28 17:56:45.374177,13103251,13,0,2019-01-28 07:56:42, 미국에서도 팁 없애자는 운동이 있는 것 같아요 ,4317,12,0,0
2019-01-28 18:56:50.427682,13103251,13,0,2019-01-28 07:56:42, 미국에서도 팁 없애자는 운동이 있는 것 같아요 ,4323,6,0,0
2019-01-28 19:56:42.570417,13103251,13,0,2019-01-28 07:56:42, 미국에서도 팁 없애자는 운동이 있는 것 같아요 ,4328,5,0,0
2019-01-28 20:56:47.663165,13103251,13,0,2019-01-28 07:56:42, 미국에서도 팁 없애자는 운동이 있는 것 같아요 ,4334,6,0,0
2019-01-28 21:56:52.692469,13103251,13,0,2019-01-28 07:56:42, 미국에서도 팁 없애자는 운동이 있는 것 같아요 ,4339,5,0,0
2019-01-28 22:56:44.918067,13103251,13,0,2019-01-28 07:56:42, 미국에서도 팁 없애자는 운동이 있는 것 같아요 ,4341,2,0,0
2019-01-28 23:56:49.966698,13103251,13,0,2019-01-28 07:56:42, 미국에서도 팁 없애자는 운동이 있는 것 같아요 ,4346,5,0,0
2019-01-29 00:56:54.996286,13103251,13,0,2019-01-28 07:56:42, 미국에서도 팁 없애자는 운동이 있는 것 같아요 ,4350,4,0,0
2019-01-29 01:56:47.953631,13103251,13,0,2019-01-28 07:56:42, 미국에서도 팁 없애자는 운동이 있는 것 같아요 ,4353,3,0,0
2019-01-29 02:56:54.052690,13103251,13,0,2019-01-28 07:56:42, 미국에서도 팁 없애자는 운동이 있는 것 같아요 ,4354,1,0,0
2019-01-29 03:56:46.174343,13103251,13,0,2019-01-28 07:56:42, 미국에서도 팁 없애자는 운동이 있는 것 같아요 ,4357,3,0,0
2019-01-29 04:56:51.242007,13103251,13,0,2019-01-28 07:56:42, 미국에서도 팁 없애자는 운동이 있는 것 같아요 ,4359,2,0,0
2019-01-29 05:56:43.323641,13103251,13,0,2019-01-28 07:56:42, 미국에서도 팁 없애자는 운동이 있는 것 같아요 ,4361,2,0,0
2019-01-29 06:56:48.606436,13103251,13,0,2019-01-28 07:56:42, 미국에서도 팁 없애자는 운동이 있는 것 같아요 ,4363,2,0,0
2019-01-29 07:56:53.752717,13103251,13,0,2019-01-28 07:56:42, 미국에서도 팁 없애자는 운동이 있는 것 같아요 ,4366,3,0,0
