check_time,id,post_reply,post_symph,post_time,post_title,post_view,post_view_diff,post_reply_diff,post_symph_diff
2019-01-28 08:37:04.238782,13103231,70,7,2019-01-28 07:36:58, 경차 타다보니 차에 대한 욕심이 안생겨요 ,3314,3314,70,7
2019-01-28 09:37:09.997606,13103231,76,8,2019-01-28 07:36:58, 경차 타다보니 차에 대한 욕심이 안생겨요 ,4400,1086,6,1
2019-01-28 10:37:01.983806,13103231,83,9,2019-01-28 07:36:58, 경차 타다보니 차에 대한 욕심이 안생겨요 ,4890,490,7,1
2019-01-28 11:37:07.557286,13103231,86,9,2019-01-28 07:36:58, 경차 타다보니 차에 대한 욕심이 안생겨요 ,5140,250,3,0
2019-01-28 12:36:59.594445,13103231,86,9,2019-01-28 07:36:58, 경차 타다보니 차에 대한 욕심이 안생겨요 ,5282,142,0,0
2019-01-28 13:37:04.609588,13103231,87,9,2019-01-28 07:36:58, 경차 타다보니 차에 대한 욕심이 안생겨요 ,5400,118,1,0
2019-01-28 14:37:10.036952,13103231,88,9,2019-01-28 07:36:58, 경차 타다보니 차에 대한 욕심이 안생겨요 ,5463,63,1,0
2019-01-28 15:37:02.082836,13103231,88,10,2019-01-28 07:36:58, 경차 타다보니 차에 대한 욕심이 안생겨요 ,5511,48,0,1
2019-01-28 16:37:07.116199,13103231,88,10,2019-01-28 07:36:58, 경차 타다보니 차에 대한 욕심이 안생겨요 ,5546,35,0,0
2019-01-28 17:36:59.182564,13103231,88,10,2019-01-28 07:36:58, 경차 타다보니 차에 대한 욕심이 안생겨요 ,5578,32,0,0
2019-01-28 18:37:04.348085,13103231,88,10,2019-01-28 07:36:58, 경차 타다보니 차에 대한 욕심이 안생겨요 ,5601,23,0,0
2019-01-28 19:37:09.584236,13103231,88,10,2019-01-28 07:36:58, 경차 타다보니 차에 대한 욕심이 안생겨요 ,5625,24,0,0
2019-01-28 20:37:01.587360,13103231,88,10,2019-01-28 07:36:58, 경차 타다보니 차에 대한 욕심이 안생겨요 ,5644,19,0,0
2019-01-28 21:37:06.835047,13103231,88,10,2019-01-28 07:36:58, 경차 타다보니 차에 대한 욕심이 안생겨요 ,5662,18,0,0
2019-01-28 22:36:58.889284,13103231,88,10,2019-01-28 07:36:58, 경차 타다보니 차에 대한 욕심이 안생겨요 ,5676,14,0,0
2019-01-28 23:37:04.309600,13103231,88,10,2019-01-28 07:36:58, 경차 타다보니 차에 대한 욕심이 안생겨요 ,5699,23,0,0
2019-01-29 00:37:09.852389,13103231,88,10,2019-01-28 07:36:58, 경차 타다보니 차에 대한 욕심이 안생겨요 ,5724,25,0,0
2019-01-29 01:37:01.910703,13103231,88,10,2019-01-28 07:36:58, 경차 타다보니 차에 대한 욕심이 안생겨요 ,5738,14,0,0
2019-01-29 02:37:07.186490,13103231,88,10,2019-01-28 07:36:58, 경차 타다보니 차에 대한 욕심이 안생겨요 ,5744,6,0,0
2019-01-29 03:36:59.254904,13103231,88,10,2019-01-28 07:36:58, 경차 타다보니 차에 대한 욕심이 안생겨요 ,5748,4,0,0
2019-01-29 04:37:04.501896,13103231,88,10,2019-01-28 07:36:58, 경차 타다보니 차에 대한 욕심이 안생겨요 ,5749,1,0,0
2019-01-29 05:37:09.540486,13103231,88,10,2019-01-28 07:36:58, 경차 타다보니 차에 대한 욕심이 안생겨요 ,5753,4,0,0
2019-01-29 06:37:01.632691,13103231,88,10,2019-01-28 07:36:58, 경차 타다보니 차에 대한 욕심이 안생겨요 ,5757,4,0,0
2019-01-29 07:37:07.019266,13103231,88,10,2019-01-28 07:36:58, 경차 타다보니 차에 대한 욕심이 안생겨요 ,5764,7,0,0
