check_time,id,post_reply,post_symph,post_time,post_title,post_view,post_view_diff,post_reply_diff,post_symph_diff
2019-01-26 08:11:16.652156,13096968,10,0,2019-01-26 07:11:15, 성스러운.jpg ,3101,3101,10,0
2019-01-26 09:11:22.968726,13096968,10,0,2019-01-26 07:11:15, 성스러운.jpg ,5361,2260,0,0
2019-01-26 10:11:15.091411,13096968,10,0,2019-01-26 07:11:15, 성스러운.jpg ,6813,1452,0,0
2019-01-26 11:11:20.402216,13096968,10,0,2019-01-26 07:11:15, 성스러운.jpg ,7418,605,0,0
2019-01-26 12:11:25.547850,13096968,10,0,2019-01-26 07:11:15, 성스러운.jpg ,7720,302,0,0
2019-01-26 13:11:17.651950,13096968,10,0,2019-01-26 07:11:15, 성스러운.jpg ,7881,161,0,0
2019-01-26 14:11:22.771685,13096968,10,0,2019-01-26 07:11:15, 성스러운.jpg ,7969,88,0,0
2019-01-26 15:11:27.897191,13096968,10,0,2019-01-26 07:11:15, 성스러운.jpg ,8034,65,0,0
2019-01-26 16:11:19.984354,13096968,10,0,2019-01-26 07:11:15, 성스러운.jpg ,8073,39,0,0
2019-01-26 17:11:25.282911,13096968,10,0,2019-01-26 07:11:15, 성스러운.jpg ,8107,34,0,0
2019-01-26 18:11:17.414124,13096968,10,0,2019-01-26 07:11:15, 성스러운.jpg ,8133,26,0,0
2019-01-26 19:11:22.546901,13096968,10,0,2019-01-26 07:11:15, 성스러운.jpg ,8158,25,0,0
2019-01-26 20:11:27.633607,13096968,10,0,2019-01-26 07:11:15, 성스러운.jpg ,8174,16,0,0
2019-01-26 21:11:19.745775,13096968,10,0,2019-01-26 07:11:15, 성스러운.jpg ,8180,6,0,0
2019-01-26 22:11:24.837256,13096968,10,0,2019-01-26 07:11:15, 성스러운.jpg ,8189,9,0,0
2019-01-26 23:11:16.917235,13096968,10,0,2019-01-26 07:11:15, 성스러운.jpg ,8198,9,0,0
2019-01-27 00:11:22.059211,13096968,10,0,2019-01-26 07:11:15, 성스러운.jpg ,8201,3,0,0
2019-01-27 01:11:27.213038,13096968,10,0,2019-01-26 07:11:15, 성스러운.jpg ,8204,3,0,0
2019-01-27 02:11:19.298272,13096968,10,0,2019-01-26 07:11:15, 성스러운.jpg ,8206,2,0,0
2019-01-27 03:11:24.652503,13096968,10,0,2019-01-26 07:11:15, 성스러운.jpg ,8208,2,0,0
2019-01-27 04:11:16.706396,13096968,10,0,2019-01-26 07:11:15, 성스러운.jpg ,8210,2,0,0
2019-01-27 05:11:21.820500,13096968,10,0,2019-01-26 07:11:15, 성스러운.jpg ,8211,1,0,0
2019-01-27 06:11:26.807248,13096968,10,0,2019-01-26 07:11:15, 성스러운.jpg ,8213,2,0,0
2019-01-27 07:11:18.860201,13096968,10,0,2019-01-26 07:11:15, 성스러운.jpg ,8216,3,0,0
