check_time,id,post_reply,post_symph,post_time,post_title,post_view,post_view_diff,post_reply_diff,post_symph_diff
2019-01-24 08:22:23.492149,13087856,6,3,2019-01-24 07:22:11," ""목포는 호구?""…목포시민들 한국당에 '부글부글' ",3939,3939,6,3
2019-01-24 09:22:15.504538,13087856,6,4,2019-01-24 07:22:11," ""목포는 호구?""…목포시민들 한국당에 '부글부글' ",5138,1199,0,1
2019-01-24 10:22:20.505822,13087856,6,4,2019-01-24 07:22:11," ""목포는 호구?""…목포시민들 한국당에 '부글부글' ",5563,425,0,0
2019-01-24 11:22:12.714684,13087856,6,4,2019-01-24 07:22:11," ""목포는 호구?""…목포시민들 한국당에 '부글부글' ",5691,128,0,0
2019-01-24 12:22:17.798580,13087856,6,4,2019-01-24 07:22:11," ""목포는 호구?""…목포시민들 한국당에 '부글부글' ",5756,65,0,0
2019-01-24 13:22:23.051374,13087856,6,4,2019-01-24 07:22:11," ""목포는 호구?""…목포시민들 한국당에 '부글부글' ",5805,49,0,0
2019-01-24 14:22:15.164715,13087856,6,4,2019-01-24 07:22:11," ""목포는 호구?""…목포시민들 한국당에 '부글부글' ",5833,28,0,0
2019-01-24 15:22:20.232103,13087856,6,4,2019-01-24 07:22:11," ""목포는 호구?""…목포시민들 한국당에 '부글부글' ",5847,14,0,0
2019-01-24 16:22:12.228283,13087856,6,4,2019-01-24 07:22:11," ""목포는 호구?""…목포시민들 한국당에 '부글부글' ",5863,16,0,0
2019-01-24 17:22:17.401567,13087856,6,4,2019-01-24 07:22:11," ""목포는 호구?""…목포시민들 한국당에 '부글부글' ",5874,11,0,0
2019-01-24 18:22:22.441116,13087856,6,4,2019-01-24 07:22:11," ""목포는 호구?""…목포시민들 한국당에 '부글부글' ",5883,9,0,0
2019-01-24 19:22:14.398072,13087856,6,4,2019-01-24 07:22:11," ""목포는 호구?""…목포시민들 한국당에 '부글부글' ",5890,7,0,0
2019-01-24 20:22:19.710951,13087856,6,4,2019-01-24 07:22:11," ""목포는 호구?""…목포시민들 한국당에 '부글부글' ",5899,9,0,0
2019-01-24 21:22:12.014438,13087856,6,4,2019-01-24 07:22:11," ""목포는 호구?""…목포시민들 한국당에 '부글부글' ",5899,0,0,0
2019-01-24 22:22:17.041443,13087856,6,4,2019-01-24 07:22:11," ""목포는 호구?""…목포시민들 한국당에 '부글부글' ",5905,6,0,0
2019-01-24 23:22:22.128265,13087856,6,4,2019-01-24 07:22:11," ""목포는 호구?""…목포시민들 한국당에 '부글부글' ",5911,6,0,0
2019-01-25 00:22:14.181379,13087856,6,4,2019-01-24 07:22:11," ""목포는 호구?""…목포시민들 한국당에 '부글부글' ",5913,2,0,0
2019-01-25 01:22:19.271149,13087856,6,4,2019-01-24 07:22:11," ""목포는 호구?""…목포시민들 한국당에 '부글부글' ",5918,5,0,0
2019-01-25 02:22:11.321069,13087856,6,4,2019-01-24 07:22:11," ""목포는 호구?""…목포시민들 한국당에 '부글부글' ",5919,1,0,0
2019-01-25 03:22:16.347382,13087856,6,4,2019-01-24 07:22:11," ""목포는 호구?""…목포시민들 한국당에 '부글부글' ",5923,4,0,0
2019-01-25 04:22:21.326728,13087856,6,4,2019-01-24 07:22:11," ""목포는 호구?""…목포시민들 한국당에 '부글부글' ",5924,1,0,0
2019-01-25 05:22:13.405750,13087856,6,4,2019-01-24 07:22:11," ""목포는 호구?""…목포시민들 한국당에 '부글부글' ",5927,3,0,0
2019-01-25 06:22:18.533433,13087856,6,4,2019-01-24 07:22:11," ""목포는 호구?""…목포시민들 한국당에 '부글부글' ",5928,1,0,0
2019-01-25 07:22:23.585968,13087856,6,4,2019-01-24 07:22:11," ""목포는 호구?""…목포시민들 한국당에 '부글부글' ",5930,2,0,0
