check_time,id,post_reply,post_symph,post_time,post_title,post_view,post_view_diff,post_reply_diff,post_symph_diff
2019-01-30 10:26:42.521649,13110876,14,0,2019-01-30 09:26:40, 평화나라는 업자나라군요?! ,1262,1262,14,0
2019-01-30 11:26:47.641920,13110876,14,0,2019-01-30 09:26:40, 평화나라는 업자나라군요?! ,1378,116,0,0
2019-01-30 12:26:52.803273,13110876,14,0,2019-01-30 09:26:40, 평화나라는 업자나라군요?! ,1424,46,0,0
2019-01-30 13:26:44.920387,13110876,14,0,2019-01-30 09:26:40, 평화나라는 업자나라군요?! ,1442,18,0,0
2019-01-30 14:26:50.032040,13110876,14,0,2019-01-30 09:26:40, 평화나라는 업자나라군요?! ,1453,11,0,0
2019-01-30 15:26:42.164674,13110876,14,0,2019-01-30 09:26:40, 평화나라는 업자나라군요?! ,1457,4,0,0
2019-01-30 16:26:47.249349,13110876,14,0,2019-01-30 09:26:40, 평화나라는 업자나라군요?! ,1467,10,0,0
2019-01-30 17:26:52.347997,13110876,14,0,2019-01-30 09:26:40, 평화나라는 업자나라군요?! ,1471,4,0,0
2019-01-30 18:26:44.610598,13110876,14,0,2019-01-30 09:26:40, 평화나라는 업자나라군요?! ,1472,1,0,0
2019-01-30 19:26:49.820492,13110876,14,0,2019-01-30 09:26:40, 평화나라는 업자나라군요?! ,1473,1,0,0
2019-01-30 20:26:41.927468,13110876,14,0,2019-01-30 09:26:40, 평화나라는 업자나라군요?! ,1474,1,0,0
2019-01-30 21:26:46.913668,13110876,14,0,2019-01-30 09:26:40, 평화나라는 업자나라군요?! ,1477,3,0,0
2019-01-30 22:26:52.276106,13110876,14,0,2019-01-30 09:26:40, 평화나라는 업자나라군요?! ,1478,1,0,0
2019-01-30 23:26:44.495460,13110876,14,0,2019-01-30 09:26:40, 평화나라는 업자나라군요?! ,1479,1,0,0
2019-01-31 00:26:49.738314,13110876,14,0,2019-01-30 09:26:40, 평화나라는 업자나라군요?! ,1482,3,0,0
2019-01-31 01:26:41.931016,13110876,14,0,2019-01-30 09:26:40, 평화나라는 업자나라군요?! ,1484,2,0,0
2019-01-31 02:26:47.055841,13110876,14,0,2019-01-30 09:26:40, 평화나라는 업자나라군요?! ,1485,1,0,0
2019-01-31 03:26:52.200308,13110876,14,0,2019-01-30 09:26:40, 평화나라는 업자나라군요?! ,1486,1,0,0
2019-01-31 04:26:44.295624,13110876,14,0,2019-01-30 09:26:40, 평화나라는 업자나라군요?! ,1489,3,0,0
2019-01-31 05:26:49.387788,13110876,14,0,2019-01-30 09:26:40, 평화나라는 업자나라군요?! ,1491,2,0,0
2019-01-31 06:26:41.453913,13110876,14,0,2019-01-30 09:26:40, 평화나라는 업자나라군요?! ,1491,0,0,0
2019-01-31 07:26:46.643119,13110876,14,0,2019-01-30 09:26:40, 평화나라는 업자나라군요?! ,1492,1,0,0
2019-01-31 08:26:51.757807,13110876,14,0,2019-01-30 09:26:40, 평화나라는 업자나라군요?! ,1493,1,0,0
2019-01-31 09:26:43.976079,13110876,14,0,2019-01-30 09:26:40, 평화나라는 업자나라군요?! ,1495,2,0,0
