check_time,id,post_reply,post_symph,post_time,post_title,post_view,post_view_diff,post_reply_diff,post_symph_diff
2019-01-26 10:37:15.444909,13097156,2,1,2019-01-26 09:37:04, 저 밑에 결혼하신다는분... ,1303,1303,2,1
2019-01-26 11:37:07.546946,13097156,2,1,2019-01-26 09:37:04, 저 밑에 결혼하신다는분... ,1548,245,0,0
2019-01-26 12:37:12.836821,13097156,2,1,2019-01-26 09:37:04, 저 밑에 결혼하신다는분... ,1647,99,0,0
2019-01-26 13:37:04.859884,13097156,2,1,2019-01-26 09:37:04, 저 밑에 결혼하신다는분... ,1692,45,0,0
2019-01-26 14:37:09.946308,13097156,2,1,2019-01-26 09:37:04, 저 밑에 결혼하신다는분... ,1708,16,0,0
2019-01-26 15:37:15.074617,13097156,2,1,2019-01-26 09:37:04, 저 밑에 결혼하신다는분... ,1727,19,0,0
2019-01-26 16:37:07.150808,13097156,2,1,2019-01-26 09:37:04, 저 밑에 결혼하신다는분... ,1738,11,0,0
2019-01-26 17:37:12.226323,13097156,2,1,2019-01-26 09:37:04, 저 밑에 결혼하신다는분... ,1746,8,0,0
2019-01-26 18:37:04.244018,13097156,2,1,2019-01-26 09:37:04, 저 밑에 결혼하신다는분... ,1753,7,0,0
2019-01-26 19:37:09.280326,13097156,2,1,2019-01-26 09:37:04, 저 밑에 결혼하신다는분... ,1761,8,0,0
2019-01-26 20:37:14.317179,13097156,2,1,2019-01-26 09:37:04, 저 밑에 결혼하신다는분... ,1765,4,0,0
2019-01-26 21:37:06.494699,13097156,2,1,2019-01-26 09:37:04, 저 밑에 결혼하신다는분... ,1772,7,0,0
2019-01-26 22:37:11.527245,13097156,2,1,2019-01-26 09:37:04, 저 밑에 결혼하신다는분... ,1774,2,0,0
2019-01-26 23:37:16.572002,13097156,2,1,2019-01-26 09:37:04, 저 밑에 결혼하신다는분... ,1777,3,0,0
2019-01-27 00:37:08.567047,13097156,2,1,2019-01-26 09:37:04, 저 밑에 결혼하신다는분... ,1780,3,0,0
2019-01-27 01:37:13.613624,13097156,2,1,2019-01-26 09:37:04, 저 밑에 결혼하신다는분... ,1782,2,0,0
2019-01-27 02:37:05.629530,13097156,2,1,2019-01-26 09:37:04, 저 밑에 결혼하신다는분... ,1786,4,0,0
2019-01-27 03:37:10.695085,13097156,2,1,2019-01-26 09:37:04, 저 밑에 결혼하신다는분... ,1788,2,0,0
2019-01-27 04:37:15.744694,13097156,2,1,2019-01-26 09:37:04, 저 밑에 결혼하신다는분... ,1793,5,0,0
2019-01-27 05:37:07.813467,13097156,2,1,2019-01-26 09:37:04, 저 밑에 결혼하신다는분... ,1795,2,0,0
2019-01-27 06:37:12.886716,13097156,2,1,2019-01-26 09:37:04, 저 밑에 결혼하신다는분... ,1797,2,0,0
2019-01-27 07:37:04.940397,13097156,2,1,2019-01-26 09:37:04, 저 밑에 결혼하신다는분... ,1800,3,0,0
2019-01-27 08:37:09.998978,13097156,2,1,2019-01-26 09:37:04, 저 밑에 결혼하신다는분... ,1801,1,0,0
2019-01-27 09:37:15.045799,13097156,2,1,2019-01-26 09:37:04, 저 밑에 결혼하신다는분... ,1802,1,0,0
