check_time,id,post_reply,post_symph,post_time,post_title,post_view,post_view_diff,post_reply_diff,post_symph_diff
2019-01-24 10:02:13.182363,13088044,9,0,2019-01-24 09:02:09, 아이폰7 마이크 짜증나네요;;; ,745,745,9,0
2019-01-24 11:02:18.275109,13088044,10,0,2019-01-24 09:02:09, 아이폰7 마이크 짜증나네요;;; ,797,52,1,0
2019-01-24 12:02:10.439088,13088044,10,0,2019-01-24 09:02:09, 아이폰7 마이크 짜증나네요;;; ,820,23,0,0
2019-01-24 13:02:15.492997,13088044,10,0,2019-01-24 09:02:09, 아이폰7 마이크 짜증나네요;;; ,835,15,0,0
2019-01-24 14:02:21.010340,13088044,10,0,2019-01-24 09:02:09, 아이폰7 마이크 짜증나네요;;; ,841,6,0,0
2019-01-24 15:02:13.407569,13088044,10,0,2019-01-24 09:02:09, 아이폰7 마이크 짜증나네요;;; ,849,8,0,0
2019-01-24 16:02:18.548735,13088044,10,0,2019-01-24 09:02:09, 아이폰7 마이크 짜증나네요;;; ,853,4,0,0
2019-01-24 17:02:10.707759,13088044,10,0,2019-01-24 09:02:09, 아이폰7 마이크 짜증나네요;;; ,854,1,0,0
2019-01-24 18:02:15.798271,13088044,10,0,2019-01-24 09:02:09, 아이폰7 마이크 짜증나네요;;; ,857,3,0,0
2019-01-24 19:02:20.918670,13088044,10,0,2019-01-24 09:02:09, 아이폰7 마이크 짜증나네요;;; ,860,3,0,0
2019-01-24 20:02:13.060589,13088044,10,0,2019-01-24 09:02:09, 아이폰7 마이크 짜증나네요;;; ,861,1,0,0
2019-01-24 21:02:18.213565,13088044,10,0,2019-01-24 09:02:09, 아이폰7 마이크 짜증나네요;;; ,864,3,0,0
2019-01-24 22:02:10.336238,13088044,10,0,2019-01-24 09:02:09, 아이폰7 마이크 짜증나네요;;; ,865,1,0,0
2019-01-24 23:02:15.452980,13088044,10,0,2019-01-24 09:02:09, 아이폰7 마이크 짜증나네요;;; ,866,1,0,0
2019-01-25 00:02:20.826779,13088044,10,0,2019-01-24 09:02:09, 아이폰7 마이크 짜증나네요;;; ,868,2,0,0
2019-01-25 01:02:12.909618,13088044,10,0,2019-01-24 09:02:09, 아이폰7 마이크 짜증나네요;;; ,869,1,0,0
2019-01-25 02:02:17.974214,13088044,10,0,2019-01-24 09:02:09, 아이폰7 마이크 짜증나네요;;; ,874,5,0,0
2019-01-25 03:02:10.058976,13088044,10,0,2019-01-24 09:02:09, 아이폰7 마이크 짜증나네요;;; ,876,2,0,0
2019-01-25 04:02:15.212490,13088044,10,0,2019-01-24 09:02:09, 아이폰7 마이크 짜증나네요;;; ,879,3,0,0
2019-01-25 05:02:20.259520,13088044,10,0,2019-01-24 09:02:09, 아이폰7 마이크 짜증나네요;;; ,880,1,0,0
2019-01-25 06:02:12.319599,13088044,10,0,2019-01-24 09:02:09, 아이폰7 마이크 짜증나네요;;; ,881,1,0,0
2019-01-25 07:02:17.606269,13088044,10,0,2019-01-24 09:02:09, 아이폰7 마이크 짜증나네요;;; ,882,1,0,0
2019-01-25 08:02:09.711026,13088044,10,0,2019-01-24 09:02:09, 아이폰7 마이크 짜증나네요;;; ,883,1,0,0
2019-01-25 09:02:14.813326,13088044,10,0,2019-01-24 09:02:09, 아이폰7 마이크 짜증나네요;;; ,884,1,0,0
