check_time,id,post_reply,post_symph,post_time,post_title,post_view,post_view_diff,post_reply_diff,post_symph_diff
2019-01-28 10:11:36.506221,13103407,2,0,2019-01-28 09:11:28, 담배피면서 스위치하기.jpg ,3234,3234,2,0
2019-01-28 11:11:28.729750,13103407,2,0,2019-01-28 09:11:28, 담배피면서 스위치하기.jpg ,3823,589,0,0
2019-01-28 12:11:33.745611,13103407,2,0,2019-01-28 09:11:28, 담배피면서 스위치하기.jpg ,4204,381,0,0
2019-01-28 13:11:38.803001,13103407,2,0,2019-01-28 09:11:28, 담배피면서 스위치하기.jpg ,4509,305,0,0
2019-01-28 14:11:31.123605,13103407,2,0,2019-01-28 09:11:28, 담배피면서 스위치하기.jpg ,4607,98,0,0
2019-01-28 15:11:36.163228,13103407,2,0,2019-01-28 09:11:28, 담배피면서 스위치하기.jpg ,4642,35,0,0
2019-01-28 16:11:28.203193,13103407,2,0,2019-01-28 09:11:28, 담배피면서 스위치하기.jpg ,4678,36,0,0
2019-01-28 17:11:33.320437,13103407,2,0,2019-01-28 09:11:28, 담배피면서 스위치하기.jpg ,4698,20,0,0
2019-01-28 18:11:38.420711,13103407,2,0,2019-01-28 09:11:28, 담배피면서 스위치하기.jpg ,4713,15,0,0
2019-01-28 19:11:30.412331,13103407,2,0,2019-01-28 09:11:28, 담배피면서 스위치하기.jpg ,4723,10,0,0
2019-01-28 20:11:35.621706,13103407,2,0,2019-01-28 09:11:28, 담배피면서 스위치하기.jpg ,4729,6,0,0
2019-01-28 21:11:40.671206,13103407,2,0,2019-01-28 09:11:28, 담배피면서 스위치하기.jpg ,4741,12,0,0
2019-01-28 22:11:32.804770,13103407,2,0,2019-01-28 09:11:28, 담배피면서 스위치하기.jpg ,4753,12,0,0
2019-01-28 23:11:37.923479,13103407,2,0,2019-01-28 09:11:28, 담배피면서 스위치하기.jpg ,4764,11,0,0
2019-01-29 00:11:30.036713,13103407,2,0,2019-01-28 09:11:28, 담배피면서 스위치하기.jpg ,4772,8,0,0
2019-01-29 01:11:35.203304,13103407,2,0,2019-01-28 09:11:28, 담배피면서 스위치하기.jpg ,4778,6,0,0
2019-01-29 02:11:40.383542,13103407,2,0,2019-01-28 09:11:28, 담배피면서 스위치하기.jpg ,4782,4,0,0
2019-01-29 03:11:32.374842,13103407,2,0,2019-01-28 09:11:28, 담배피면서 스위치하기.jpg ,4784,2,0,0
2019-01-29 04:11:37.418296,13103407,2,0,2019-01-28 09:11:28, 담배피면서 스위치하기.jpg ,4786,2,0,0
2019-01-29 05:11:29.664232,13103407,2,0,2019-01-28 09:11:28, 담배피면서 스위치하기.jpg ,4789,3,0,0
2019-01-29 06:11:34.674081,13103407,2,0,2019-01-28 09:11:28, 담배피면서 스위치하기.jpg ,4791,2,0,0
2019-01-29 07:11:39.703916,13103407,2,0,2019-01-28 09:11:28, 담배피면서 스위치하기.jpg ,4792,1,0,0
2019-01-29 08:11:31.763829,13103407,2,0,2019-01-28 09:11:28, 담배피면서 스위치하기.jpg ,4793,1,0,0
2019-01-29 09:11:36.793794,13103407,2,0,2019-01-28 09:11:28, 담배피면서 스위치하기.jpg ,4800,7,0,0
