check_time,id,post_reply,post_symph,post_time,post_title,post_view,post_view_diff,post_reply_diff,post_symph_diff
2019-01-27 10:36:24.448669,13100376,7,0,2019-01-27 09:36:12, [스포무] 킹덤.. 실제 창덕궁에서 촬영한 모양이네요? ,2398,2398,7,0
2019-01-27 11:36:16.565401,13100376,7,0,2019-01-27 09:36:12, [스포무] 킹덤.. 실제 창덕궁에서 촬영한 모양이네요? ,3009,611,0,0
2019-01-27 12:36:21.733291,13100376,7,0,2019-01-27 09:36:12, [스포무] 킹덤.. 실제 창덕궁에서 촬영한 모양이네요? ,3229,220,0,0
2019-01-27 13:36:13.854803,13100376,7,0,2019-01-27 09:36:12, [스포무] 킹덤.. 실제 창덕궁에서 촬영한 모양이네요? ,3387,158,0,0
2019-01-27 14:36:18.975809,13100376,7,0,2019-01-27 09:36:12, [스포무] 킹덤.. 실제 창덕궁에서 촬영한 모양이네요? ,3470,83,0,0
2019-01-27 15:36:24.049708,13100376,7,0,2019-01-27 09:36:12, [스포무] 킹덤.. 실제 창덕궁에서 촬영한 모양이네요? ,3531,61,0,0
2019-01-27 16:36:16.140519,13100376,7,0,2019-01-27 09:36:12, [스포무] 킹덤.. 실제 창덕궁에서 촬영한 모양이네요? ,3579,48,0,0
2019-01-27 17:36:21.212833,13100376,7,0,2019-01-27 09:36:12, [스포무] 킹덤.. 실제 창덕궁에서 촬영한 모양이네요? ,3616,37,0,0
2019-01-27 18:36:13.278859,13100376,7,0,2019-01-27 09:36:12, [스포무] 킹덤.. 실제 창덕궁에서 촬영한 모양이네요? ,3641,25,0,0
2019-01-27 19:36:18.604254,13100376,7,0,2019-01-27 09:36:12, [스포무] 킹덤.. 실제 창덕궁에서 촬영한 모양이네요? ,3670,29,0,0
2019-01-27 20:36:23.708890,13100376,7,0,2019-01-27 09:36:12, [스포무] 킹덤.. 실제 창덕궁에서 촬영한 모양이네요? ,3690,20,0,0
2019-01-27 21:36:15.751982,13100376,7,0,2019-01-27 09:36:12, [스포무] 킹덤.. 실제 창덕궁에서 촬영한 모양이네요? ,3707,17,0,0
2019-01-27 22:36:20.845343,13100376,7,0,2019-01-27 09:36:12, [스포무] 킹덤.. 실제 창덕궁에서 촬영한 모양이네요? ,3721,14,0,0
2019-01-27 23:36:12.904205,13100376,7,0,2019-01-27 09:36:12, [스포무] 킹덤.. 실제 창덕궁에서 촬영한 모양이네요? ,3740,19,0,0
2019-01-28 00:36:17.997684,13100376,7,0,2019-01-27 09:36:12, [스포무] 킹덤.. 실제 창덕궁에서 촬영한 모양이네요? ,3758,18,0,0
2019-01-28 01:36:23.030921,13100376,7,0,2019-01-27 09:36:12, [스포무] 킹덤.. 실제 창덕궁에서 촬영한 모양이네요? ,3776,18,0,0
2019-01-28 02:36:15.090993,13100376,7,0,2019-01-27 09:36:12, [스포무] 킹덤.. 실제 창덕궁에서 촬영한 모양이네요? ,3790,14,0,0
2019-01-28 03:36:20.108533,13100376,7,0,2019-01-27 09:36:12, [스포무] 킹덤.. 실제 창덕궁에서 촬영한 모양이네요? ,3797,7,0,0
2019-01-28 04:36:12.175745,13100376,7,0,2019-01-27 09:36:12, [스포무] 킹덤.. 실제 창덕궁에서 촬영한 모양이네요? ,3801,4,0,0
2019-01-28 05:36:17.291785,13100376,7,0,2019-01-27 09:36:12, [스포무] 킹덤.. 실제 창덕궁에서 촬영한 모양이네요? ,3806,5,0,0
2019-01-28 06:36:22.599245,13100376,7,0,2019-01-27 09:36:12, [스포무] 킹덤.. 실제 창덕궁에서 촬영한 모양이네요? ,3807,1,0,0
2019-01-28 07:36:14.712587,13100376,7,0,2019-01-27 09:36:12, [스포무] 킹덤.. 실제 창덕궁에서 촬영한 모양이네요? ,3813,6,0,0
2019-01-28 08:36:19.858461,13100376,7,0,2019-01-27 09:36:12, [스포무] 킹덤.. 실제 창덕궁에서 촬영한 모양이네요? ,3818,5,0,0
2019-01-28 09:36:24.920124,13100376,7,0,2019-01-27 09:36:12, [스포무] 킹덤.. 실제 창덕궁에서 촬영한 모양이네요? ,3826,8,0,0
