check_time,id,post_reply,post_symph,post_time,post_title,post_view,post_view_diff,post_reply_diff,post_symph_diff
2019-01-26 10:15:45.899924,13097106,6,0,2019-01-26 09:15:37, 동생놈 명복 빌어주신 분들 감사합니다 ,1696,1696,6,0
2019-01-26 11:15:37.926713,13097106,6,0,2019-01-26 09:15:37, 동생놈 명복 빌어주신 분들 감사합니다 ,2093,397,0,0
2019-01-26 12:15:42.992922,13097106,6,1,2019-01-26 09:15:37, 동생놈 명복 빌어주신 분들 감사합니다 ,2278,185,0,1
2019-01-26 13:15:48.006245,13097106,7,1,2019-01-26 09:15:37, 동생놈 명복 빌어주신 분들 감사합니다 ,2368,90,1,0
2019-01-26 14:15:40.039500,13097106,7,1,2019-01-26 09:15:37, 동생놈 명복 빌어주신 분들 감사합니다 ,2447,79,0,0
2019-01-26 15:15:45.097146,13097106,7,1,2019-01-26 09:15:37, 동생놈 명복 빌어주신 분들 감사합니다 ,2500,53,0,0
2019-01-26 16:15:37.123552,13097106,7,1,2019-01-26 09:15:37, 동생놈 명복 빌어주신 분들 감사합니다 ,2554,54,0,0
2019-01-26 17:15:42.110307,13097106,7,1,2019-01-26 09:15:37, 동생놈 명복 빌어주신 분들 감사합니다 ,2561,7,0,0
2019-01-26 18:15:47.150173,13097106,7,1,2019-01-26 09:15:37, 동생놈 명복 빌어주신 분들 감사합니다 ,2571,10,0,0
2019-01-26 19:15:39.176668,13097106,7,1,2019-01-26 09:15:37, 동생놈 명복 빌어주신 분들 감사합니다 ,2579,8,0,0
2019-01-26 20:15:44.242774,13097106,7,1,2019-01-26 09:15:37, 동생놈 명복 빌어주신 분들 감사합니다 ,2587,8,0,0
2019-01-26 21:15:49.304668,13097106,7,1,2019-01-26 09:15:37, 동생놈 명복 빌어주신 분들 감사합니다 ,2587,0,0,0
2019-01-26 22:15:41.360167,13097106,7,1,2019-01-26 09:15:37, 동생놈 명복 빌어주신 분들 감사합니다 ,2593,6,0,0
2019-01-26 23:15:46.610168,13097106,7,1,2019-01-26 09:15:37, 동생놈 명복 빌어주신 분들 감사합니다 ,2599,6,0,0
2019-01-27 00:15:38.596982,13097106,7,1,2019-01-26 09:15:37, 동생놈 명복 빌어주신 분들 감사합니다 ,2602,3,0,0
2019-01-27 01:15:43.649893,13097106,7,1,2019-01-26 09:15:37, 동생놈 명복 빌어주신 분들 감사합니다 ,2608,6,0,0
2019-01-27 02:15:48.663533,13097106,7,1,2019-01-26 09:15:37, 동생놈 명복 빌어주신 분들 감사합니다 ,2611,3,0,0
2019-01-27 03:15:40.649868,13097106,7,1,2019-01-26 09:15:37, 동생놈 명복 빌어주신 분들 감사합니다 ,2615,4,0,0
2019-01-27 04:15:45.668186,13097106,7,1,2019-01-26 09:15:37, 동생놈 명복 빌어주신 분들 감사합니다 ,2617,2,0,0
2019-01-27 05:15:37.716087,13097106,7,1,2019-01-26 09:15:37, 동생놈 명복 빌어주신 분들 감사합니다 ,2619,2,0,0
2019-01-27 06:15:42.862029,13097106,7,1,2019-01-26 09:15:37, 동생놈 명복 빌어주신 분들 감사합니다 ,2622,3,0,0
2019-01-27 07:15:47.833679,13097106,7,1,2019-01-26 09:15:37, 동생놈 명복 빌어주신 분들 감사합니다 ,2623,1,0,0
2019-01-27 08:15:39.795888,13097106,7,1,2019-01-26 09:15:37, 동생놈 명복 빌어주신 분들 감사합니다 ,2626,3,0,0
2019-01-27 09:15:44.888614,13097106,7,1,2019-01-26 09:15:37, 동생놈 명복 빌어주신 분들 감사합니다 ,2628,2,0,0
