check_time,id,post_reply,post_symph,post_time,post_title,post_view,post_view_diff,post_reply_diff,post_symph_diff
2019-01-28 10:46:43.184636,13103510,8,0,2019-01-28 09:46:39, 플스 이마트에서 오늘 풀리는 거 맞나요? ,1410,1410,8,0
2019-01-28 11:46:48.426749,13103510,8,0,2019-01-28 09:46:39, 플스 이마트에서 오늘 풀리는 거 맞나요? ,1605,195,0,0
2019-01-28 12:46:40.448620,13103510,8,0,2019-01-28 09:46:39, 플스 이마트에서 오늘 풀리는 거 맞나요? ,1698,93,0,0
2019-01-28 13:46:46.129581,13103510,8,0,2019-01-28 09:46:39, 플스 이마트에서 오늘 풀리는 거 맞나요? ,1752,54,0,0
2019-01-28 14:46:51.585551,13103510,8,0,2019-01-28 09:46:39, 플스 이마트에서 오늘 풀리는 거 맞나요? ,1783,31,0,0
2019-01-28 15:46:43.607309,13103510,8,0,2019-01-28 09:46:39, 플스 이마트에서 오늘 풀리는 거 맞나요? ,1801,18,0,0
2019-01-28 16:46:48.672176,13103510,8,0,2019-01-28 09:46:39, 플스 이마트에서 오늘 풀리는 거 맞나요? ,1803,2,0,0
2019-01-28 17:46:40.752966,13103510,8,0,2019-01-28 09:46:39, 플스 이마트에서 오늘 풀리는 거 맞나요? ,1813,10,0,0
2019-01-28 18:46:45.796540,13103510,8,0,2019-01-28 09:46:39, 플스 이마트에서 오늘 풀리는 거 맞나요? ,1819,6,0,0
2019-01-28 19:46:50.807272,13103510,8,0,2019-01-28 09:46:39, 플스 이마트에서 오늘 풀리는 거 맞나요? ,1823,4,0,0
2019-01-28 20:46:42.930095,13103510,8,0,2019-01-28 09:46:39, 플스 이마트에서 오늘 풀리는 거 맞나요? ,1827,4,0,0
2019-01-28 21:46:48.059945,13103510,8,0,2019-01-28 09:46:39, 플스 이마트에서 오늘 풀리는 거 맞나요? ,1829,2,0,0
2019-01-28 22:46:40.189547,13103510,8,0,2019-01-28 09:46:39, 플스 이마트에서 오늘 풀리는 거 맞나요? ,1834,5,0,0
2019-01-28 23:46:45.303286,13103510,8,0,2019-01-28 09:46:39, 플스 이마트에서 오늘 풀리는 거 맞나요? ,1838,4,0,0
2019-01-29 00:46:50.415457,13103510,8,0,2019-01-28 09:46:39, 플스 이마트에서 오늘 풀리는 거 맞나요? ,1842,4,0,0
2019-01-29 01:46:42.479208,13103510,8,0,2019-01-28 09:46:39, 플스 이마트에서 오늘 풀리는 거 맞나요? ,1845,3,0,0
2019-01-29 02:46:47.453495,13103510,8,0,2019-01-28 09:46:39, 플스 이마트에서 오늘 풀리는 거 맞나요? ,1846,1,0,0
2019-01-29 03:46:39.481400,13103510,8,0,2019-01-28 09:46:39, 플스 이마트에서 오늘 풀리는 거 맞나요? ,1847,1,0,0
2019-01-29 04:46:44.557282,13103510,8,0,2019-01-28 09:46:39, 플스 이마트에서 오늘 풀리는 거 맞나요? ,1848,1,0,0
2019-01-29 05:46:49.584826,13103510,8,0,2019-01-28 09:46:39, 플스 이마트에서 오늘 풀리는 거 맞나요? ,1850,2,0,0
2019-01-29 06:46:41.887534,13103510,8,0,2019-01-28 09:46:39, 플스 이마트에서 오늘 풀리는 거 맞나요? ,1853,3,0,0
2019-01-29 07:46:46.900103,13103510,8,0,2019-01-28 09:46:39, 플스 이마트에서 오늘 풀리는 거 맞나요? ,1854,1,0,0
2019-01-29 08:46:39.068254,13103510,8,0,2019-01-28 09:46:39, 플스 이마트에서 오늘 풀리는 거 맞나요? ,1855,1,0,0
2019-01-29 09:46:44.120154,13103510,8,0,2019-01-28 09:46:39, 플스 이마트에서 오늘 풀리는 거 맞나요? ,1859,4,0,0
