check_time,id,post_reply,post_symph,post_time,post_title,post_view,post_view_diff,post_reply_diff,post_symph_diff
2019-01-29 10:47:38.145530,13107313,2,0,2019-01-29 09:47:26, 애플워치 에르메스 페이스 한번 해봤습니다.. ,1135,1135,2,0
2019-01-29 11:47:30.267930,13107313,2,0,2019-01-29 09:47:26, 애플워치 에르메스 페이스 한번 해봤습니다.. ,1259,124,0,0
2019-01-29 12:47:35.405067,13107313,2,0,2019-01-29 09:47:26, 애플워치 에르메스 페이스 한번 해봤습니다.. ,1307,48,0,0
2019-01-29 13:47:27.723200,13107313,2,0,2019-01-29 09:47:26, 애플워치 에르메스 페이스 한번 해봤습니다.. ,1337,30,0,0
2019-01-29 14:47:33.070649,13107313,2,0,2019-01-29 09:47:26, 애플워치 에르메스 페이스 한번 해봤습니다.. ,1354,17,0,0
2019-01-29 15:47:38.222967,13107313,2,0,2019-01-29 09:47:26, 애플워치 에르메스 페이스 한번 해봤습니다.. ,1364,10,0,0
2019-01-29 16:47:30.327685,13107313,2,0,2019-01-29 09:47:26, 애플워치 에르메스 페이스 한번 해봤습니다.. ,1373,9,0,0
2019-01-29 17:47:35.732792,13107313,2,0,2019-01-29 09:47:26, 애플워치 에르메스 페이스 한번 해봤습니다.. ,1378,5,0,0
2019-01-29 18:47:27.871575,13107313,2,0,2019-01-29 09:47:26, 애플워치 에르메스 페이스 한번 해봤습니다.. ,1379,1,0,0
2019-01-29 19:47:32.913302,13107313,2,0,2019-01-29 09:47:26, 애플워치 에르메스 페이스 한번 해봤습니다.. ,1383,4,0,0
2019-01-29 20:47:37.958064,13107313,2,0,2019-01-29 09:47:26, 애플워치 에르메스 페이스 한번 해봤습니다.. ,1386,3,0,0
2019-01-29 21:47:29.973097,13107313,2,0,2019-01-29 09:47:26, 애플워치 에르메스 페이스 한번 해봤습니다.. ,1394,8,0,0
2019-01-29 22:47:35.320946,13107313,2,0,2019-01-29 09:47:26, 애플워치 에르메스 페이스 한번 해봤습니다.. ,1399,5,0,0
2019-01-29 23:47:27.435016,13107313,2,0,2019-01-29 09:47:26, 애플워치 에르메스 페이스 한번 해봤습니다.. ,1402,3,0,0
2019-01-30 00:47:32.606463,13107313,2,0,2019-01-29 09:47:26, 애플워치 에르메스 페이스 한번 해봤습니다.. ,1406,4,0,0
2019-01-30 01:47:37.694116,13107313,2,0,2019-01-29 09:47:26, 애플워치 에르메스 페이스 한번 해봤습니다.. ,1409,3,0,0
2019-01-30 02:47:29.826765,13107313,2,0,2019-01-29 09:47:26, 애플워치 에르메스 페이스 한번 해봤습니다.. ,1412,3,0,0
2019-01-30 03:47:35.110463,13107313,2,0,2019-01-29 09:47:26, 애플워치 에르메스 페이스 한번 해봤습니다.. ,1413,1,0,0
2019-01-30 04:47:27.126512,13107313,2,0,2019-01-29 09:47:26, 애플워치 에르메스 페이스 한번 해봤습니다.. ,1417,4,0,0
2019-01-30 05:47:32.111698,13107313,2,0,2019-01-29 09:47:26, 애플워치 에르메스 페이스 한번 해봤습니다.. ,1418,1,0,0
2019-01-30 06:47:37.122200,13107313,2,0,2019-01-29 09:47:26, 애플워치 에르메스 페이스 한번 해봤습니다.. ,1420,2,0,0
2019-01-30 07:47:30.525941,13107313,2,0,2019-01-29 09:47:26, 애플워치 에르메스 페이스 한번 해봤습니다.. ,1422,2,0,0
2019-01-30 08:47:35.570501,13107313,2,0,2019-01-29 09:47:26, 애플워치 에르메스 페이스 한번 해봤습니다.. ,1426,4,0,0
2019-01-30 09:47:27.873433,13107313,2,0,2019-01-29 09:47:26, 애플워치 에르메스 페이스 한번 해봤습니다.. ,1427,1,0,0
