check_time,id,post_reply,post_symph,post_time,post_title,post_view,post_view_diff,post_reply_diff,post_symph_diff
2019-01-28 10:17:15.646493,13103428,13,1,2019-01-28 09:17:14, 욥! 생일자 입니다. ,264,264,13,1
2019-01-28 11:17:20.697412,13103428,13,1,2019-01-28 09:17:14, 욥! 생일자 입니다. ,300,36,0,0
2019-01-28 12:17:25.905825,13103428,14,1,2019-01-28 09:17:14, 욥! 생일자 입니다. ,317,17,1,0
2019-01-28 13:17:17.877630,13103428,14,1,2019-01-28 09:17:14, 욥! 생일자 입니다. ,329,12,0,0
2019-01-28 14:17:22.913843,13103428,14,1,2019-01-28 09:17:14, 욥! 생일자 입니다. ,336,7,0,0
2019-01-28 15:17:14.957914,13103428,14,1,2019-01-28 09:17:14, 욥! 생일자 입니다. ,350,14,0,0
2019-01-28 16:17:19.980006,13103428,14,1,2019-01-28 09:17:14, 욥! 생일자 입니다. ,359,9,0,0
2019-01-28 17:17:25.299696,13103428,14,1,2019-01-28 09:17:14, 욥! 생일자 입니다. ,365,6,0,0
2019-01-28 18:17:17.331852,13103428,14,1,2019-01-28 09:17:14, 욥! 생일자 입니다. ,370,5,0,0
2019-01-28 19:17:22.467660,13103428,14,1,2019-01-28 09:17:14, 욥! 생일자 입니다. ,372,2,0,0
2019-01-28 20:17:14.616345,13103428,14,1,2019-01-28 09:17:14, 욥! 생일자 입니다. ,373,1,0,0
2019-01-28 21:17:19.672585,13103428,14,1,2019-01-28 09:17:14, 욥! 생일자 입니다. ,376,3,0,0
2019-01-28 22:17:24.909900,13103428,14,1,2019-01-28 09:17:14, 욥! 생일자 입니다. ,379,3,0,0
2019-01-28 23:17:17.004675,13103428,14,1,2019-01-28 09:17:14, 욥! 생일자 입니다. ,383,4,0,0
2019-01-29 00:17:22.100759,13103428,14,1,2019-01-28 09:17:14, 욥! 생일자 입니다. ,387,4,0,0
2019-01-29 01:17:14.311922,13103428,14,1,2019-01-28 09:17:14, 욥! 생일자 입니다. ,390,3,0,0
2019-01-29 02:17:19.485195,13103428,14,1,2019-01-28 09:17:14, 욥! 생일자 입니다. ,390,0,0,0
2019-01-29 03:17:24.526894,13103428,14,1,2019-01-28 09:17:14, 욥! 생일자 입니다. ,391,1,0,0
2019-01-29 04:17:16.514869,13103428,14,1,2019-01-28 09:17:14, 욥! 생일자 입니다. ,392,1,0,0
2019-01-29 05:17:21.763045,13103428,14,1,2019-01-28 09:17:14, 욥! 생일자 입니다. ,394,2,0,0
2019-01-29 06:17:14.069615,13103428,14,1,2019-01-28 09:17:14, 욥! 생일자 입니다. ,395,1,0,0
2019-01-29 07:17:19.218618,13103428,14,1,2019-01-28 09:17:14, 욥! 생일자 입니다. ,396,1,0,0
2019-01-29 08:17:24.258545,13103428,14,1,2019-01-28 09:17:14, 욥! 생일자 입니다. ,397,1,0,0
2019-01-29 09:17:16.320343,13103428,14,1,2019-01-28 09:17:14, 욥! 생일자 입니다. ,400,3,0,0
