check_time,id,post_reply,post_symph,post_time,post_title,post_view,post_view_diff,post_reply_diff,post_symph_diff
2019-01-29 10:15:09.840948,13107201,5,0,2019-01-29 09:15:03, 카카오뱅크 세이프 박스 쓰다가....정기예금으로 돌렸는데....이자쌓이는 이미지가.. ,1783,1783,5,0
2019-01-29 11:15:15.091886,13107201,5,0,2019-01-29 09:15:03, 카카오뱅크 세이프 박스 쓰다가....정기예금으로 돌렸는데....이자쌓이는 이미지가.. ,1988,205,0,0
2019-01-29 12:15:07.209540,13107201,5,0,2019-01-29 09:15:03, 카카오뱅크 세이프 박스 쓰다가....정기예금으로 돌렸는데....이자쌓이는 이미지가.. ,2048,60,0,0
2019-01-29 13:15:12.370823,13107201,5,0,2019-01-29 09:15:03, 카카오뱅크 세이프 박스 쓰다가....정기예금으로 돌렸는데....이자쌓이는 이미지가.. ,2068,20,0,0
2019-01-29 14:15:04.503572,13107201,5,0,2019-01-29 09:15:03, 카카오뱅크 세이프 박스 쓰다가....정기예금으로 돌렸는데....이자쌓이는 이미지가.. ,2081,13,0,0
2019-01-29 15:15:09.671298,13107201,5,0,2019-01-29 09:15:03, 카카오뱅크 세이프 박스 쓰다가....정기예금으로 돌렸는데....이자쌓이는 이미지가.. ,2088,7,0,0
2019-01-29 16:15:14.784532,13107201,5,0,2019-01-29 09:15:03, 카카오뱅크 세이프 박스 쓰다가....정기예금으로 돌렸는데....이자쌓이는 이미지가.. ,2092,4,0,0
2019-01-29 17:15:07.019754,13107201,5,0,2019-01-29 09:15:03, 카카오뱅크 세이프 박스 쓰다가....정기예금으로 돌렸는데....이자쌓이는 이미지가.. ,2104,12,0,0
2019-01-29 18:15:12.057942,13107201,5,0,2019-01-29 09:15:03, 카카오뱅크 세이프 박스 쓰다가....정기예금으로 돌렸는데....이자쌓이는 이미지가.. ,2107,3,0,0
2019-01-29 19:15:04.094414,13107201,5,0,2019-01-29 09:15:03, 카카오뱅크 세이프 박스 쓰다가....정기예금으로 돌렸는데....이자쌓이는 이미지가.. ,2108,1,0,0
2019-01-29 20:15:09.210460,13107201,5,0,2019-01-29 09:15:03, 카카오뱅크 세이프 박스 쓰다가....정기예금으로 돌렸는데....이자쌓이는 이미지가.. ,2110,2,0,0
2019-01-29 21:15:14.409778,13107201,5,0,2019-01-29 09:15:03, 카카오뱅크 세이프 박스 쓰다가....정기예금으로 돌렸는데....이자쌓이는 이미지가.. ,2116,6,0,0
2019-01-29 22:15:06.513585,13107201,5,0,2019-01-29 09:15:03, 카카오뱅크 세이프 박스 쓰다가....정기예금으로 돌렸는데....이자쌓이는 이미지가.. ,2120,4,0,0
2019-01-29 23:15:11.640331,13107201,5,0,2019-01-29 09:15:03, 카카오뱅크 세이프 박스 쓰다가....정기예금으로 돌렸는데....이자쌓이는 이미지가.. ,2123,3,0,0
2019-01-30 00:15:03.725376,13107201,5,0,2019-01-29 09:15:03, 카카오뱅크 세이프 박스 쓰다가....정기예금으로 돌렸는데....이자쌓이는 이미지가.. ,2126,3,0,0
2019-01-30 01:15:08.829860,13107201,5,0,2019-01-29 09:15:03, 카카오뱅크 세이프 박스 쓰다가....정기예금으로 돌렸는데....이자쌓이는 이미지가.. ,2129,3,0,0
2019-01-30 02:15:13.895466,13107201,5,0,2019-01-29 09:15:03, 카카오뱅크 세이프 박스 쓰다가....정기예금으로 돌렸는데....이자쌓이는 이미지가.. ,2134,5,0,0
2019-01-30 03:15:05.974009,13107201,5,0,2019-01-29 09:15:03, 카카오뱅크 세이프 박스 쓰다가....정기예금으로 돌렸는데....이자쌓이는 이미지가.. ,2134,0,0,0
2019-01-30 04:15:11.011072,13107201,5,0,2019-01-29 09:15:03, 카카오뱅크 세이프 박스 쓰다가....정기예금으로 돌렸는데....이자쌓이는 이미지가.. ,2136,2,0,0
2019-01-30 05:15:03.156955,13107201,5,0,2019-01-29 09:15:03, 카카오뱅크 세이프 박스 쓰다가....정기예금으로 돌렸는데....이자쌓이는 이미지가.. ,2139,3,0,0
2019-01-30 06:15:08.279142,13107201,5,0,2019-01-29 09:15:03, 카카오뱅크 세이프 박스 쓰다가....정기예금으로 돌렸는데....이자쌓이는 이미지가.. ,2141,2,0,0
2019-01-30 07:15:13.487408,13107201,5,0,2019-01-29 09:15:03, 카카오뱅크 세이프 박스 쓰다가....정기예금으로 돌렸는데....이자쌓이는 이미지가.. ,2143,2,0,0
2019-01-30 08:15:05.583354,13107201,5,0,2019-01-29 09:15:03, 카카오뱅크 세이프 박스 쓰다가....정기예금으로 돌렸는데....이자쌓이는 이미지가.. ,2144,1,0,0
2019-01-30 09:15:10.660116,13107201,5,0,2019-01-29 09:15:03, 카카오뱅크 세이프 박스 쓰다가....정기예금으로 돌렸는데....이자쌓이는 이미지가.. ,2149,5,0,0
