check_time,id,post_reply,post_symph,post_time,post_title,post_view,post_view_diff,post_reply_diff,post_symph_diff
2019-01-25 10:02:05.663590,13092498,15,14,2019-01-25 09:02:05," 손석희의 기계적 중립, 페미선호 사상(?)에 질려서 안보는 입장에서... ",1483,1483,15,14
2019-01-25 11:02:10.742302,13092498,15,16,2019-01-25 09:02:05," 손석희의 기계적 중립, 페미선호 사상(?)에 질려서 안보는 입장에서... ",1622,139,0,2
2019-01-25 12:02:15.817568,13092498,16,17,2019-01-25 09:02:05," 손석희의 기계적 중립, 페미선호 사상(?)에 질려서 안보는 입장에서... ",1681,59,1,1
2019-01-25 13:02:07.966372,13092498,16,17,2019-01-25 09:02:05," 손석희의 기계적 중립, 페미선호 사상(?)에 질려서 안보는 입장에서... ",1725,44,0,0
2019-01-25 14:02:13.101578,13092498,16,17,2019-01-25 09:02:05," 손석희의 기계적 중립, 페미선호 사상(?)에 질려서 안보는 입장에서... ",1757,32,0,0
2019-01-25 15:02:05.270634,13092498,16,17,2019-01-25 09:02:05," 손석희의 기계적 중립, 페미선호 사상(?)에 질려서 안보는 입장에서... ",1782,25,0,0
2019-01-25 16:02:10.473266,13092498,16,17,2019-01-25 09:02:05," 손석희의 기계적 중립, 페미선호 사상(?)에 질려서 안보는 입장에서... ",1796,14,0,0
2019-01-25 17:02:15.849287,13092498,16,17,2019-01-25 09:02:05," 손석희의 기계적 중립, 페미선호 사상(?)에 질려서 안보는 입장에서... ",1808,12,0,0
2019-01-25 18:02:08.299951,13092498,16,17,2019-01-25 09:02:05," 손석희의 기계적 중립, 페미선호 사상(?)에 질려서 안보는 입장에서... ",1830,22,0,0
2019-01-25 19:02:13.717399,13092498,16,17,2019-01-25 09:02:05," 손석희의 기계적 중립, 페미선호 사상(?)에 질려서 안보는 입장에서... ",1844,14,0,0
2019-01-25 20:02:06.186994,13092498,16,17,2019-01-25 09:02:05," 손석희의 기계적 중립, 페미선호 사상(?)에 질려서 안보는 입장에서... ",1853,9,0,0
2019-01-25 21:02:11.678649,13092498,16,17,2019-01-25 09:02:05," 손석희의 기계적 중립, 페미선호 사상(?)에 질려서 안보는 입장에서... ",1862,9,0,0
2019-01-25 22:02:16.778527,13092498,16,17,2019-01-25 09:02:05," 손석희의 기계적 중립, 페미선호 사상(?)에 질려서 안보는 입장에서... ",1870,8,0,0
2019-01-25 23:02:08.917358,13092498,16,17,2019-01-25 09:02:05," 손석희의 기계적 중립, 페미선호 사상(?)에 질려서 안보는 입장에서... ",1876,6,0,0
2019-01-26 00:02:14.083661,13092498,16,17,2019-01-25 09:02:05," 손석희의 기계적 중립, 페미선호 사상(?)에 질려서 안보는 입장에서... ",1880,4,0,0
2019-01-26 01:02:05.473398,13092498,16,17,2019-01-25 09:02:05," 손석희의 기계적 중립, 페미선호 사상(?)에 질려서 안보는 입장에서... ",1886,6,0,0
2019-01-26 02:02:10.770079,13092498,16,17,2019-01-25 09:02:05," 손석희의 기계적 중립, 페미선호 사상(?)에 질려서 안보는 입장에서... ",1889,3,0,0
2019-01-26 03:02:16.148545,13092498,16,17,2019-01-25 09:02:05," 손석희의 기계적 중립, 페미선호 사상(?)에 질려서 안보는 입장에서... ",1893,4,0,0
2019-01-26 04:02:08.189915,13092498,16,17,2019-01-25 09:02:05," 손석희의 기계적 중립, 페미선호 사상(?)에 질려서 안보는 입장에서... ",1895,2,0,0
2019-01-26 05:02:13.450548,13092498,16,17,2019-01-25 09:02:05," 손석희의 기계적 중립, 페미선호 사상(?)에 질려서 안보는 입장에서... ",1899,4,0,0
2019-01-26 06:02:05.719877,13092498,16,17,2019-01-25 09:02:05," 손석희의 기계적 중립, 페미선호 사상(?)에 질려서 안보는 입장에서... ",1902,3,0,0
2019-01-26 07:02:10.839148,13092498,16,17,2019-01-25 09:02:05," 손석희의 기계적 중립, 페미선호 사상(?)에 질려서 안보는 입장에서... ",1902,0,0,0
2019-01-26 08:02:15.982750,13092498,16,17,2019-01-25 09:02:05," 손석희의 기계적 중립, 페미선호 사상(?)에 질려서 안보는 입장에서... ",1904,2,0,0
2019-01-26 09:02:08.014769,13092498,16,17,2019-01-25 09:02:05," 손석희의 기계적 중립, 페미선호 사상(?)에 질려서 안보는 입장에서... ",1909,5,0,0
