check_time,id,post_reply,post_symph,post_time,post_title,post_view,post_view_diff,post_reply_diff,post_symph_diff
2019-01-27 10:27:22.752059,13100342,1,0,2019-01-27 09:27:14, 세리야!! ,1443,1443,1,0
2019-01-27 11:27:14.838145,13100342,1,0,2019-01-27 09:27:14, 세리야!! ,1827,384,0,0
2019-01-27 12:27:19.900501,13100342,1,0,2019-01-27 09:27:14, 세리야!! ,1986,159,0,0
2019-01-27 13:27:25.308111,13100342,1,0,2019-01-27 09:27:14, 세리야!! ,2041,55,0,0
2019-01-27 14:27:17.501275,13100342,1,0,2019-01-27 09:27:14, 세리야!! ,2069,28,0,0
2019-01-27 15:27:23.071938,13100342,1,0,2019-01-27 09:27:14, 세리야!! ,2086,17,0,0
2019-01-27 16:27:15.517526,13100342,1,0,2019-01-27 09:27:14, 세리야!! ,2096,10,0,0
2019-01-27 17:27:21.213449,13100342,1,0,2019-01-27 09:27:14, 세리야!! ,2106,10,0,0
2019-01-27 18:27:26.358234,13100342,1,0,2019-01-27 09:27:14, 세리야!! ,2108,2,0,0
2019-01-27 19:27:18.783544,13100342,1,0,2019-01-27 09:27:14, 세리야!! ,2111,3,0,0
2019-01-27 20:27:23.832608,13100342,1,0,2019-01-27 09:27:14, 세리야!! ,2118,7,0,0
2019-01-27 21:27:15.878713,13100342,1,0,2019-01-27 09:27:14, 세리야!! ,2120,2,0,0
2019-01-27 22:27:20.926240,13100342,1,0,2019-01-27 09:27:14, 세리야!! ,2126,6,0,0
2019-01-27 23:27:25.989234,13100342,1,0,2019-01-27 09:27:14, 세리야!! ,2129,3,0,0
2019-01-28 00:27:18.033094,13100342,1,0,2019-01-27 09:27:14, 세리야!! ,2130,1,0,0
2019-01-28 01:27:23.123706,13100342,1,0,2019-01-27 09:27:14, 세리야!! ,2134,4,0,0
2019-01-28 02:27:15.202842,13100342,1,0,2019-01-27 09:27:14, 세리야!! ,2136,2,0,0
2019-01-28 03:27:20.226065,13100342,1,0,2019-01-27 09:27:14, 세리야!! ,2139,3,0,0
2019-01-28 04:27:25.229150,13100342,1,0,2019-01-27 09:27:14, 세리야!! ,2139,0,0,0
2019-01-28 05:27:17.213244,13100342,1,0,2019-01-27 09:27:14, 세리야!! ,2141,2,0,0
2019-01-28 06:27:23.307303,13100342,1,0,2019-01-27 09:27:14, 세리야!! ,2142,1,0,0
2019-01-28 07:27:15.610723,13100342,1,0,2019-01-27 09:27:14, 세리야!! ,2146,4,0,0
2019-01-28 08:27:20.663463,13100342,1,0,2019-01-27 09:27:14, 세리야!! ,2148,2,0,0
2019-01-28 09:27:26.054714,13100342,1,0,2019-01-27 09:27:14, 세리야!! ,2149,1,0,0
