check_time,id,post_reply,post_symph,post_time,post_title,post_view,post_view_diff,post_reply_diff,post_symph_diff
2019-01-24 10:31:28.290348,13088150,0,0,2019-01-24 09:31:25, PS4 할인관련 속보라네요. ,2844,2844,0,0
2019-01-24 11:31:33.413319,13088150,0,0,2019-01-24 09:31:25, PS4 할인관련 속보라네요. ,2999,155,0,0
2019-01-24 12:31:25.497226,13088150,0,0,2019-01-24 09:31:25, PS4 할인관련 속보라네요. ,3069,70,0,0
2019-01-24 13:31:30.594814,13088150,0,0,2019-01-24 09:31:25, PS4 할인관련 속보라네요. ,3164,95,0,0
2019-01-24 14:31:35.738128,13088150,0,0,2019-01-24 09:31:25, PS4 할인관련 속보라네요. ,3204,40,0,0
2019-01-24 15:31:27.888845,13088150,0,0,2019-01-24 09:31:25, PS4 할인관련 속보라네요. ,3224,20,0,0
2019-01-24 16:31:32.954704,13088150,0,0,2019-01-24 09:31:25, PS4 할인관련 속보라네요. ,3238,14,0,0
2019-01-24 17:31:25.003918,13088150,0,0,2019-01-24 09:31:25, PS4 할인관련 속보라네요. ,3250,12,0,0
2019-01-24 18:31:29.994126,13088150,0,0,2019-01-24 09:31:25, PS4 할인관련 속보라네요. ,3255,5,0,0
2019-01-24 19:31:34.987015,13088150,0,0,2019-01-24 09:31:25, PS4 할인관련 속보라네요. ,3263,8,0,0
2019-01-24 20:31:27.098130,13088150,0,0,2019-01-24 09:31:25, PS4 할인관련 속보라네요. ,3266,3,0,0
2019-01-24 21:31:32.227179,13088150,0,0,2019-01-24 09:31:25, PS4 할인관련 속보라네요. ,3270,4,0,0
2019-01-24 22:31:37.307689,13088150,0,0,2019-01-24 09:31:25, PS4 할인관련 속보라네요. ,3273,3,0,0
2019-01-24 23:31:29.417556,13088150,0,0,2019-01-24 09:31:25, PS4 할인관련 속보라네요. ,3277,4,0,0
2019-01-25 00:31:34.567862,13088150,0,0,2019-01-24 09:31:25, PS4 할인관련 속보라네요. ,3281,4,0,0
2019-01-25 01:31:26.687786,13088150,0,0,2019-01-24 09:31:25, PS4 할인관련 속보라네요. ,3282,1,0,0
2019-01-25 02:31:31.821586,13088150,0,0,2019-01-24 09:31:25, PS4 할인관련 속보라네요. ,3283,1,0,0
2019-01-25 03:31:36.953915,13088150,0,0,2019-01-24 09:31:25, PS4 할인관련 속보라네요. ,3285,2,0,0
2019-01-25 04:31:29.022081,13088150,0,0,2019-01-24 09:31:25, PS4 할인관련 속보라네요. ,3286,1,0,0
2019-01-25 05:31:34.177568,13088150,0,0,2019-01-24 09:31:25, PS4 할인관련 속보라네요. ,3287,1,0,0
2019-01-25 06:31:26.338445,13088150,0,0,2019-01-24 09:31:25, PS4 할인관련 속보라네요. ,3289,2,0,0
2019-01-25 07:31:31.528477,13088150,0,0,2019-01-24 09:31:25, PS4 할인관련 속보라네요. ,3290,1,0,0
2019-01-25 08:31:36.663453,13088150,0,0,2019-01-24 09:31:25, PS4 할인관련 속보라네요. ,3293,3,0,0
2019-01-25 09:31:28.755816,13088150,0,0,2019-01-24 09:31:25, PS4 할인관련 속보라네요. ,3294,1,0,0
