check_time,id,post_reply,post_symph,post_time,post_title,post_view,post_view_diff,post_reply_diff,post_symph_diff
2019-01-29 10:06:21.202348,13107171,7,7,2019-01-29 09:06:14, [도서] 2019년을 시작하는 독서 목록 ,830,830,7,7
2019-01-29 11:06:26.347010,13107171,7,8,2019-01-29 09:06:14, [도서] 2019년을 시작하는 독서 목록 ,940,110,0,1
2019-01-29 12:06:18.547031,13107171,7,8,2019-01-29 09:06:14, [도서] 2019년을 시작하는 독서 목록 ,981,41,0,0
2019-01-29 13:06:23.597009,13107171,7,8,2019-01-29 09:06:14, [도서] 2019년을 시작하는 독서 목록 ,1008,27,0,0
2019-01-29 14:06:15.663390,13107171,7,9,2019-01-29 09:06:14, [도서] 2019년을 시작하는 독서 목록 ,1027,19,0,1
2019-01-29 15:06:20.755996,13107171,7,9,2019-01-29 09:06:14, [도서] 2019년을 시작하는 독서 목록 ,1041,14,0,0
2019-01-29 16:06:25.796762,13107171,7,9,2019-01-29 09:06:14, [도서] 2019년을 시작하는 독서 목록 ,1050,9,0,0
2019-01-29 17:06:18.080499,13107171,7,10,2019-01-29 09:06:14, [도서] 2019년을 시작하는 독서 목록 ,1070,20,0,1
2019-01-29 18:06:23.169593,13107171,7,10,2019-01-29 09:06:14, [도서] 2019년을 시작하는 독서 목록 ,1085,15,0,0
2019-01-29 19:06:15.230740,13107171,7,10,2019-01-29 09:06:14, [도서] 2019년을 시작하는 독서 목록 ,1100,15,0,0
2019-01-29 20:06:20.243273,13107171,7,10,2019-01-29 09:06:14, [도서] 2019년을 시작하는 독서 목록 ,1110,10,0,0
2019-01-29 21:06:25.407548,13107171,7,11,2019-01-29 09:06:14, [도서] 2019년을 시작하는 독서 목록 ,1128,18,0,1
2019-01-29 22:06:17.467238,13107171,7,11,2019-01-29 09:06:14, [도서] 2019년을 시작하는 독서 목록 ,1139,11,0,0
2019-01-29 23:06:22.548153,13107171,7,11,2019-01-29 09:06:14, [도서] 2019년을 시작하는 독서 목록 ,1152,13,0,0
2019-01-30 00:06:14.610435,13107171,7,11,2019-01-29 09:06:14, [도서] 2019년을 시작하는 독서 목록 ,1156,4,0,0
2019-01-30 01:06:19.666378,13107171,7,11,2019-01-29 09:06:14, [도서] 2019년을 시작하는 독서 목록 ,1162,6,0,0
2019-01-30 02:06:24.755551,13107171,7,11,2019-01-29 09:06:14, [도서] 2019년을 시작하는 독서 목록 ,1165,3,0,0
2019-01-30 03:06:16.847176,13107171,7,11,2019-01-29 09:06:14, [도서] 2019년을 시작하는 독서 목록 ,1166,1,0,0
2019-01-30 04:06:21.930930,13107171,7,11,2019-01-29 09:06:14, [도서] 2019년을 시작하는 독서 목록 ,1168,2,0,0
2019-01-30 05:06:26.960295,13107171,7,11,2019-01-29 09:06:14, [도서] 2019년을 시작하는 독서 목록 ,1173,5,0,0
2019-01-30 06:06:18.999566,13107171,7,11,2019-01-29 09:06:14, [도서] 2019년을 시작하는 독서 목록 ,1175,2,0,0
2019-01-30 07:06:24.051587,13107171,7,11,2019-01-29 09:06:14, [도서] 2019년을 시작하는 독서 목록 ,1179,4,0,0
2019-01-30 08:06:16.066524,13107171,7,11,2019-01-29 09:06:14, [도서] 2019년을 시작하는 독서 목록 ,1180,1,0,0
2019-01-30 09:06:21.147338,13107171,7,11,2019-01-29 09:06:14, [도서] 2019년을 시작하는 독서 목록 ,1186,6,0,0
