check_time,id,post_reply,post_symph,post_time,post_title,post_view,post_view_diff,post_reply_diff,post_symph_diff
2019-01-27 10:46:45.318772,13100389,12,0,2019-01-27 09:46:43, 박지성 남아공 월드컵.GIF ,4228,4228,12,0
2019-01-27 11:46:50.490002,13100389,12,0,2019-01-27 09:46:43, 박지성 남아공 월드컵.GIF ,5652,1424,0,0
2019-01-27 12:46:55.851550,13100389,13,0,2019-01-27 09:46:43, 박지성 남아공 월드컵.GIF ,6192,540,1,0
2019-01-27 13:46:48.004205,13100389,14,0,2019-01-27 09:46:43, 박지성 남아공 월드컵.GIF ,6471,279,1,0
2019-01-27 14:46:53.149628,13100389,14,0,2019-01-27 09:46:43, 박지성 남아공 월드컵.GIF ,6649,178,0,0
2019-01-27 15:46:45.333937,13100389,14,0,2019-01-27 09:46:43, 박지성 남아공 월드컵.GIF ,6763,114,0,0
2019-01-27 16:46:50.454494,13100389,14,0,2019-01-27 09:46:43, 박지성 남아공 월드컵.GIF ,6854,91,0,0
2019-01-27 17:46:55.630150,13100389,14,0,2019-01-27 09:46:43, 박지성 남아공 월드컵.GIF ,6917,63,0,0
2019-01-27 18:46:47.762915,13100389,14,0,2019-01-27 09:46:43, 박지성 남아공 월드컵.GIF ,6945,28,0,0
2019-01-27 19:46:52.893235,13100389,14,0,2019-01-27 09:46:43, 박지성 남아공 월드컵.GIF ,6963,18,0,0
2019-01-27 20:46:45.288275,13100389,14,0,2019-01-27 09:46:43, 박지성 남아공 월드컵.GIF ,6992,29,0,0
2019-01-27 21:46:50.438168,13100389,14,0,2019-01-27 09:46:43, 박지성 남아공 월드컵.GIF ,7013,21,0,0
2019-01-27 22:46:55.931166,13100389,14,0,2019-01-27 09:46:43, 박지성 남아공 월드컵.GIF ,7040,27,0,0
2019-01-27 23:46:48.672157,13100389,14,0,2019-01-27 09:46:43, 박지성 남아공 월드컵.GIF ,7055,15,0,0
2019-01-28 00:46:53.834886,13100389,14,0,2019-01-27 09:46:43, 박지성 남아공 월드컵.GIF ,7068,13,0,0
2019-01-28 01:46:45.862547,13100389,14,0,2019-01-27 09:46:43, 박지성 남아공 월드컵.GIF ,7073,5,0,0
2019-01-28 02:46:51.053588,13100389,14,0,2019-01-27 09:46:43, 박지성 남아공 월드컵.GIF ,7080,7,0,0
2019-01-28 03:46:43.297671,13100389,14,0,2019-01-27 09:46:43, 박지성 남아공 월드컵.GIF ,7083,3,0,0
2019-01-28 04:46:48.360303,13100389,14,0,2019-01-27 09:46:43, 박지성 남아공 월드컵.GIF ,7087,4,0,0
2019-01-28 05:46:53.461580,13100389,14,0,2019-01-27 09:46:43, 박지성 남아공 월드컵.GIF ,7091,4,0,0
2019-01-28 06:46:45.519652,13100389,14,0,2019-01-27 09:46:43, 박지성 남아공 월드컵.GIF ,7095,4,0,0
2019-01-28 07:46:51.533592,13100389,14,0,2019-01-27 09:46:43, 박지성 남아공 월드컵.GIF ,7097,2,0,0
2019-01-28 08:46:43.605629,13100389,14,0,2019-01-27 09:46:43, 박지성 남아공 월드컵.GIF ,7102,5,0,0
2019-01-28 09:46:48.671118,13100389,14,0,2019-01-27 09:46:43, 박지성 남아공 월드컵.GIF ,7104,2,0,0
