check_time,id,post_reply,post_symph,post_time,post_title,post_view,post_view_diff,post_reply_diff,post_symph_diff
2019-01-29 10:27:00.520268,13107240,2,0,2019-01-29 09:26:57, 펜 있는 태블릿....활용도가 떨어지는 듯 해서 ...영어공부하는데 쓰기로 했습니다. ,696,696,2,0
2019-01-29 11:27:05.678551,13107240,2,0,2019-01-29 09:26:57, 펜 있는 태블릿....활용도가 떨어지는 듯 해서 ...영어공부하는데 쓰기로 했습니다. ,755,59,0,0
2019-01-29 12:26:58.014038,13107240,2,0,2019-01-29 09:26:57, 펜 있는 태블릿....활용도가 떨어지는 듯 해서 ...영어공부하는데 쓰기로 했습니다. ,787,32,0,0
2019-01-29 13:27:03.427193,13107240,2,0,2019-01-29 09:26:57, 펜 있는 태블릿....활용도가 떨어지는 듯 해서 ...영어공부하는데 쓰기로 했습니다. ,799,12,0,0
2019-01-29 14:27:08.803889,13107240,2,0,2019-01-29 09:26:57, 펜 있는 태블릿....활용도가 떨어지는 듯 해서 ...영어공부하는데 쓰기로 했습니다. ,808,9,0,0
2019-01-29 15:27:01.258898,13107240,2,0,2019-01-29 09:26:57, 펜 있는 태블릿....활용도가 떨어지는 듯 해서 ...영어공부하는데 쓰기로 했습니다. ,812,4,0,0
2019-01-29 16:27:06.621661,13107240,2,0,2019-01-29 09:26:57, 펜 있는 태블릿....활용도가 떨어지는 듯 해서 ...영어공부하는데 쓰기로 했습니다. ,812,0,0,0
2019-01-29 17:26:59.264626,13107240,2,0,2019-01-29 09:26:57, 펜 있는 태블릿....활용도가 떨어지는 듯 해서 ...영어공부하는데 쓰기로 했습니다. ,818,6,0,0
2019-01-29 18:27:04.625981,13107240,2,0,2019-01-29 09:26:57, 펜 있는 태블릿....활용도가 떨어지는 듯 해서 ...영어공부하는데 쓰기로 했습니다. ,823,5,0,0
2019-01-29 19:26:57.258480,13107240,2,0,2019-01-29 09:26:57, 펜 있는 태블릿....활용도가 떨어지는 듯 해서 ...영어공부하는데 쓰기로 했습니다. ,827,4,0,0
2019-01-29 20:27:02.349267,13107240,2,0,2019-01-29 09:26:57, 펜 있는 태블릿....활용도가 떨어지는 듯 해서 ...영어공부하는데 쓰기로 했습니다. ,830,3,0,0
2019-01-29 21:27:07.497403,13107240,2,0,2019-01-29 09:26:57, 펜 있는 태블릿....활용도가 떨어지는 듯 해서 ...영어공부하는데 쓰기로 했습니다. ,832,2,0,0
2019-01-29 22:26:59.925612,13107240,2,0,2019-01-29 09:26:57, 펜 있는 태블릿....활용도가 떨어지는 듯 해서 ...영어공부하는데 쓰기로 했습니다. ,834,2,0,0
2019-01-29 23:27:05.005699,13107240,2,0,2019-01-29 09:26:57, 펜 있는 태블릿....활용도가 떨어지는 듯 해서 ...영어공부하는데 쓰기로 했습니다. ,835,1,0,0
2019-01-30 00:26:57.298178,13107240,2,0,2019-01-29 09:26:57, 펜 있는 태블릿....활용도가 떨어지는 듯 해서 ...영어공부하는데 쓰기로 했습니다. ,838,3,0,0
2019-01-30 01:27:02.456987,13107240,2,0,2019-01-29 09:26:57, 펜 있는 태블릿....활용도가 떨어지는 듯 해서 ...영어공부하는데 쓰기로 했습니다. ,841,3,0,0
2019-01-30 02:27:07.498119,13107240,2,0,2019-01-29 09:26:57, 펜 있는 태블릿....활용도가 떨어지는 듯 해서 ...영어공부하는데 쓰기로 했습니다. ,841,0,0,0
2019-01-30 03:26:59.847957,13107240,2,0,2019-01-29 09:26:57, 펜 있는 태블릿....활용도가 떨어지는 듯 해서 ...영어공부하는데 쓰기로 했습니다. ,842,1,0,0
2019-01-30 04:27:04.867327,13107240,2,0,2019-01-29 09:26:57, 펜 있는 태블릿....활용도가 떨어지는 듯 해서 ...영어공부하는데 쓰기로 했습니다. ,844,2,0,0
2019-01-30 05:26:57.160713,13107240,2,0,2019-01-29 09:26:57, 펜 있는 태블릿....활용도가 떨어지는 듯 해서 ...영어공부하는데 쓰기로 했습니다. ,846,2,0,0
2019-01-30 06:27:02.212735,13107240,2,0,2019-01-29 09:26:57, 펜 있는 태블릿....활용도가 떨어지는 듯 해서 ...영어공부하는데 쓰기로 했습니다. ,848,2,0,0
2019-01-30 07:27:07.427313,13107240,2,0,2019-01-29 09:26:57, 펜 있는 태블릿....활용도가 떨어지는 듯 해서 ...영어공부하는데 쓰기로 했습니다. ,849,1,0,0
2019-01-30 08:27:00.320507,13107240,2,0,2019-01-29 09:26:57, 펜 있는 태블릿....활용도가 떨어지는 듯 해서 ...영어공부하는데 쓰기로 했습니다. ,850,1,0,0
2019-01-30 09:27:05.387747,13107240,2,0,2019-01-29 09:26:57, 펜 있는 태블릿....활용도가 떨어지는 듯 해서 ...영어공부하는데 쓰기로 했습니다. ,853,3,0,0
