check_time,id,post_reply,post_symph,post_time,post_title,post_view,post_view_diff,post_reply_diff,post_symph_diff
2019-01-24 10:11:53.715874,13088068,9,0,2019-01-24 09:11:53, 성실히 오전업무 수행중..jpg ,2280,2280,9,0
2019-01-24 11:11:58.713031,13088068,9,0,2019-01-24 09:11:53, 성실히 오전업무 수행중..jpg ,2436,156,0,0
2019-01-24 12:12:03.726742,13088068,10,0,2019-01-24 09:11:53, 성실히 오전업무 수행중..jpg ,2481,45,1,0
2019-01-24 13:11:55.836688,13088068,10,0,2019-01-24 09:11:53, 성실히 오전업무 수행중..jpg ,2506,25,0,0
2019-01-24 14:12:00.896664,13088068,10,0,2019-01-24 09:11:53, 성실히 오전업무 수행중..jpg ,2536,30,0,0
2019-01-24 15:11:53.058786,13088068,10,0,2019-01-24 09:11:53, 성실히 오전업무 수행중..jpg ,2546,10,0,0
2019-01-24 16:11:58.365137,13088068,10,0,2019-01-24 09:11:53, 성실히 오전업무 수행중..jpg ,2551,5,0,0
2019-01-24 17:12:03.438942,13088068,10,0,2019-01-24 09:11:53, 성실히 오전업무 수행중..jpg ,2553,2,0,0
2019-01-24 18:11:55.666681,13088068,10,0,2019-01-24 09:11:53, 성실히 오전업무 수행중..jpg ,2561,8,0,0
2019-01-24 19:12:00.827073,13088068,10,0,2019-01-24 09:11:53, 성실히 오전업무 수행중..jpg ,2565,4,0,0
2019-01-24 20:11:53.081681,13088068,10,0,2019-01-24 09:11:53, 성실히 오전업무 수행중..jpg ,2568,3,0,0
2019-01-24 21:11:58.131156,13088068,10,0,2019-01-24 09:11:53, 성실히 오전업무 수행중..jpg ,2571,3,0,0
2019-01-24 22:12:03.417020,13088068,10,0,2019-01-24 09:11:53, 성실히 오전업무 수행중..jpg ,2574,3,0,0
2019-01-24 23:11:55.520260,13088068,10,0,2019-01-24 09:11:53, 성실히 오전업무 수행중..jpg ,2577,3,0,0
2019-01-25 00:12:00.806984,13088068,10,0,2019-01-24 09:11:53, 성실히 오전업무 수행중..jpg ,2579,2,0,0
2019-01-25 01:12:05.900071,13088068,10,0,2019-01-24 09:11:53, 성실히 오전업무 수행중..jpg ,2581,2,0,0
2019-01-25 02:11:57.874084,13088068,10,0,2019-01-24 09:11:53, 성실히 오전업무 수행중..jpg ,2583,2,0,0
2019-01-25 03:12:02.892937,13088068,10,0,2019-01-24 09:11:53, 성실히 오전업무 수행중..jpg ,2584,1,0,0
2019-01-25 04:11:54.936507,13088068,10,0,2019-01-24 09:11:53, 성실히 오전업무 수행중..jpg ,2587,3,0,0
2019-01-25 05:11:59.987572,13088068,10,0,2019-01-24 09:11:53, 성실히 오전업무 수행중..jpg ,2588,1,0,0
2019-01-25 06:12:05.253697,13088068,10,0,2019-01-24 09:11:53, 성실히 오전업무 수행중..jpg ,2589,1,0,0
2019-01-25 07:11:57.265839,13088068,10,0,2019-01-24 09:11:53, 성실히 오전업무 수행중..jpg ,2592,3,0,0
2019-01-25 08:12:02.267304,13088068,10,0,2019-01-24 09:11:53, 성실히 오전업무 수행중..jpg ,2593,1,0,0
2019-01-25 09:11:54.663729,13088068,10,0,2019-01-24 09:11:53, 성실히 오전업무 수행중..jpg ,2594,1,0,0
