check_time,id,post_reply,post_symph,post_time,post_title,post_view,post_view_diff,post_reply_diff,post_symph_diff
2019-01-24 10:47:19.061855,13088226,5,0,2019-01-24 09:47:17, 객기의 최후.gif ,2828,2828,5,0
2019-01-24 11:47:24.181466,13088226,6,0,2019-01-24 09:47:17, 객기의 최후.gif ,3114,286,1,0
2019-01-24 12:47:29.262647,13088226,6,0,2019-01-24 09:47:17, 객기의 최후.gif ,3262,148,0,0
2019-01-24 13:47:21.220243,13088226,6,0,2019-01-24 09:47:17, 객기의 최후.gif ,3393,131,0,0
2019-01-24 14:47:26.293002,13088226,6,0,2019-01-24 09:47:17, 객기의 최후.gif ,3453,60,0,0
2019-01-24 15:47:18.371330,13088226,6,0,2019-01-24 09:47:17, 객기의 최후.gif ,3500,47,0,0
2019-01-24 16:47:23.450085,13088226,6,0,2019-01-24 09:47:17, 객기의 최후.gif ,3519,19,0,0
2019-01-24 17:47:28.793400,13088226,6,0,2019-01-24 09:47:17, 객기의 최후.gif ,3536,17,0,0
2019-01-24 18:47:20.817272,13088226,6,0,2019-01-24 09:47:17, 객기의 최후.gif ,3551,15,0,0
2019-01-24 19:47:25.875246,13088226,6,0,2019-01-24 09:47:17, 객기의 최후.gif ,3563,12,0,0
2019-01-24 20:47:18.216363,13088226,6,0,2019-01-24 09:47:17, 객기의 최후.gif ,3572,9,0,0
2019-01-24 21:47:23.282143,13088226,6,0,2019-01-24 09:47:17, 객기의 최후.gif ,3576,4,0,0
2019-01-24 22:47:29.428987,13088226,6,0,2019-01-24 09:47:17, 객기의 최후.gif ,3583,7,0,0
2019-01-24 23:47:21.660737,13088226,6,0,2019-01-24 09:47:17, 객기의 최후.gif ,3595,12,0,0
2019-01-25 00:47:26.705570,13088226,6,0,2019-01-24 09:47:17, 객기의 최후.gif ,3601,6,0,0
2019-01-25 01:47:18.739195,13088226,6,0,2019-01-24 09:47:17, 객기의 최후.gif ,3606,5,0,0
2019-01-25 02:47:23.789384,13088226,6,0,2019-01-24 09:47:17, 객기의 최후.gif ,3608,2,0,0
2019-01-25 03:47:28.752713,13088226,6,0,2019-01-24 09:47:17, 객기의 최후.gif ,3611,3,0,0
2019-01-25 04:47:20.772501,13088226,6,0,2019-01-24 09:47:17, 객기의 최후.gif ,3612,1,0,0
2019-01-25 05:47:25.875717,13088226,6,0,2019-01-24 09:47:17, 객기의 최후.gif ,3613,1,0,0
2019-01-25 06:47:17.941744,13088226,6,0,2019-01-24 09:47:17, 객기의 최후.gif ,3616,3,0,0
2019-01-25 07:47:22.960290,13088226,6,0,2019-01-24 09:47:17, 객기의 최후.gif ,3620,4,0,0
2019-01-25 08:47:28.251925,13088226,6,0,2019-01-24 09:47:17, 객기의 최후.gif ,3622,2,0,0
2019-01-25 09:47:20.480428,13088226,6,0,2019-01-24 09:47:17, 객기의 최후.gif ,3628,6,0,0
