check_time,id,post_reply,post_symph,post_time,post_title,post_view,post_view_diff,post_reply_diff,post_symph_diff
2019-01-30 10:17:01.841883,13110835,5,4,2019-01-30 09:16:58, (그림) 주말 삼청동 ,1256,1256,5,4
2019-01-30 11:17:07.018113,13110835,5,4,2019-01-30 09:16:58, (그림) 주말 삼청동 ,1404,148,0,0
2019-01-30 12:16:59.031596,13110835,5,4,2019-01-30 09:16:58, (그림) 주말 삼청동 ,1468,64,0,0
2019-01-30 13:17:04.095303,13110835,5,4,2019-01-30 09:16:58, (그림) 주말 삼청동 ,1500,32,0,0
2019-01-30 14:17:09.177760,13110835,5,4,2019-01-30 09:16:58, (그림) 주말 삼청동 ,1522,22,0,0
2019-01-30 15:17:01.177037,13110835,5,4,2019-01-30 09:16:58, (그림) 주말 삼청동 ,1539,17,0,0
2019-01-30 16:17:06.320322,13110835,5,4,2019-01-30 09:16:58, (그림) 주말 삼청동 ,1544,5,0,0
2019-01-30 17:16:58.415288,13110835,5,4,2019-01-30 09:16:58, (그림) 주말 삼청동 ,1549,5,0,0
2019-01-30 18:17:03.524366,13110835,5,4,2019-01-30 09:16:58, (그림) 주말 삼청동 ,1552,3,0,0
2019-01-30 19:17:08.834501,13110835,5,4,2019-01-30 09:16:58, (그림) 주말 삼청동 ,1558,6,0,0
2019-01-30 20:17:00.994217,13110835,5,4,2019-01-30 09:16:58, (그림) 주말 삼청동 ,1560,2,0,0
2019-01-30 21:17:06.058140,13110835,5,4,2019-01-30 09:16:58, (그림) 주말 삼청동 ,1562,2,0,0
2019-01-30 22:16:58.084364,13110835,5,4,2019-01-30 09:16:58, (그림) 주말 삼청동 ,1564,2,0,0
2019-01-30 23:17:03.070359,13110835,5,4,2019-01-30 09:16:58, (그림) 주말 삼청동 ,1567,3,0,0
2019-01-31 00:17:08.067275,13110835,5,4,2019-01-30 09:16:58, (그림) 주말 삼청동 ,1568,1,0,0
2019-01-31 01:17:00.229523,13110835,5,4,2019-01-30 09:16:58, (그림) 주말 삼청동 ,1572,4,0,0
2019-01-31 02:17:05.287517,13110835,5,4,2019-01-30 09:16:58, (그림) 주말 삼청동 ,1572,0,0,0
2019-01-31 03:17:10.338594,13110835,5,4,2019-01-30 09:16:58, (그림) 주말 삼청동 ,1573,1,0,0
2019-01-31 04:17:02.322717,13110835,5,4,2019-01-30 09:16:58, (그림) 주말 삼청동 ,1576,3,0,0
2019-01-31 05:17:07.344837,13110835,5,4,2019-01-30 09:16:58, (그림) 주말 삼청동 ,1578,2,0,0
2019-01-31 06:16:59.453423,13110835,5,4,2019-01-30 09:16:58, (그림) 주말 삼청동 ,1579,1,0,0
2019-01-31 07:17:04.559388,13110835,5,4,2019-01-30 09:16:58, (그림) 주말 삼청동 ,1580,1,0,0
2019-01-31 08:17:10.138805,13110835,5,4,2019-01-30 09:16:58, (그림) 주말 삼청동 ,1582,2,0,0
2019-01-31 09:17:02.380470,13110835,5,4,2019-01-30 09:16:58, (그림) 주말 삼청동 ,1584,2,0,0
