check_time,id,post_reply,post_symph,post_time,post_title,post_view,post_view_diff,post_reply_diff,post_symph_diff
2019-01-25 10:52:11.347272,13092683,8,0,2019-01-25 09:52:11, 2020 벤츠 E클래스 페이스리프트 위장막.jpg ,2872,2872,8,0
2019-01-25 11:52:16.654984,13092683,8,0,2019-01-25 09:52:11, 2020 벤츠 E클래스 페이스리프트 위장막.jpg ,3171,299,0,0
2019-01-25 12:52:21.995614,13092683,8,0,2019-01-25 09:52:11, 2020 벤츠 E클래스 페이스리프트 위장막.jpg ,3315,144,0,0
2019-01-25 13:52:14.083770,13092683,8,0,2019-01-25 09:52:11, 2020 벤츠 E클래스 페이스리프트 위장막.jpg ,3453,138,0,0
2019-01-25 14:52:19.181697,13092683,8,0,2019-01-25 09:52:11, 2020 벤츠 E클래스 페이스리프트 위장막.jpg ,3510,57,0,0
2019-01-25 15:52:11.252541,13092683,8,0,2019-01-25 09:52:11, 2020 벤츠 E클래스 페이스리프트 위장막.jpg ,3549,39,0,0
2019-01-25 16:52:16.642598,13092683,8,0,2019-01-25 09:52:11, 2020 벤츠 E클래스 페이스리프트 위장막.jpg ,3574,25,0,0
2019-01-25 17:52:22.120371,13092683,8,0,2019-01-25 09:52:11, 2020 벤츠 E클래스 페이스리프트 위장막.jpg ,3584,10,0,0
2019-01-25 18:52:14.110576,13092683,8,0,2019-01-25 09:52:11, 2020 벤츠 E클래스 페이스리프트 위장막.jpg ,3595,11,0,0
2019-01-25 19:52:19.150106,13092683,8,0,2019-01-25 09:52:11, 2020 벤츠 E클래스 페이스리프트 위장막.jpg ,3603,8,0,0
2019-01-25 20:52:11.172191,13092683,8,0,2019-01-25 09:52:11, 2020 벤츠 E클래스 페이스리프트 위장막.jpg ,3610,7,0,0
2019-01-25 21:52:16.311971,13092683,8,0,2019-01-25 09:52:11, 2020 벤츠 E클래스 페이스리프트 위장막.jpg ,3616,6,0,0
2019-01-25 22:52:21.770945,13092683,8,0,2019-01-25 09:52:11, 2020 벤츠 E클래스 페이스리프트 위장막.jpg ,3618,2,0,0
2019-01-25 23:52:13.802600,13092683,8,0,2019-01-25 09:52:11, 2020 벤츠 E클래스 페이스리프트 위장막.jpg ,3621,3,0,0
2019-01-26 00:52:19.108368,13092683,8,0,2019-01-25 09:52:11, 2020 벤츠 E클래스 페이스리프트 위장막.jpg ,3624,3,0,0
2019-01-26 01:52:11.176628,13092683,8,0,2019-01-25 09:52:11, 2020 벤츠 E클래스 페이스리프트 위장막.jpg ,3629,5,0,0
2019-01-26 02:52:16.426531,13092683,8,0,2019-01-25 09:52:11, 2020 벤츠 E클래스 페이스리프트 위장막.jpg ,3633,4,0,0
2019-01-26 03:52:21.545064,13092683,8,0,2019-01-25 09:52:11, 2020 벤츠 E클래스 페이스리프트 위장막.jpg ,3636,3,0,0
2019-01-26 04:52:13.580649,13092683,8,0,2019-01-25 09:52:11, 2020 벤츠 E클래스 페이스리프트 위장막.jpg ,3637,1,0,0
2019-01-26 05:52:18.852012,13092683,8,0,2019-01-25 09:52:11, 2020 벤츠 E클래스 페이스리프트 위장막.jpg ,3640,3,0,0
2019-01-26 06:52:23.939655,13092683,8,0,2019-01-25 09:52:11, 2020 벤츠 E클래스 페이스리프트 위장막.jpg ,3643,3,0,0
2019-01-26 07:52:16.037175,13092683,8,0,2019-01-25 09:52:11, 2020 벤츠 E클래스 페이스리프트 위장막.jpg ,3643,0,0,0
2019-01-26 08:52:21.285715,13092683,8,0,2019-01-25 09:52:11, 2020 벤츠 E클래스 페이스리프트 위장막.jpg ,3645,2,0,0
2019-01-26 09:52:13.529310,13092683,8,0,2019-01-25 09:52:11, 2020 벤츠 E클래스 페이스리프트 위장막.jpg ,3648,3,0,0
