check_time,id,post_reply,post_symph,post_time,post_title,post_view,post_view_diff,post_reply_diff,post_symph_diff
2019-01-26 10:57:28.615582,13097205,4,0,2019-01-26 09:57:20, 노르웨이 풍경.jpg ,2989,2989,4,0
2019-01-26 11:57:20.727187,13097205,5,1,2019-01-26 09:57:20, 노르웨이 풍경.jpg ,3751,762,1,1
2019-01-26 12:57:25.832481,13097205,5,1,2019-01-26 09:57:20, 노르웨이 풍경.jpg ,4136,385,0,0
2019-01-26 13:57:30.864875,13097205,5,1,2019-01-26 09:57:20, 노르웨이 풍경.jpg ,4317,181,0,0
2019-01-26 14:57:22.840950,13097205,5,1,2019-01-26 09:57:20, 노르웨이 풍경.jpg ,4442,125,0,0
2019-01-26 15:57:28.075743,13097205,5,1,2019-01-26 09:57:20, 노르웨이 풍경.jpg ,4537,95,0,0
2019-01-26 16:57:20.133187,13097205,5,1,2019-01-26 09:57:20, 노르웨이 풍경.jpg ,4588,51,0,0
2019-01-26 17:57:25.196309,13097205,5,1,2019-01-26 09:57:20, 노르웨이 풍경.jpg ,4616,28,0,0
2019-01-26 18:57:30.316472,13097205,5,1,2019-01-26 09:57:20, 노르웨이 풍경.jpg ,4655,39,0,0
2019-01-26 19:57:22.493655,13097205,5,1,2019-01-26 09:57:20, 노르웨이 풍경.jpg ,4675,20,0,0
2019-01-26 20:57:27.546078,13097205,5,1,2019-01-26 09:57:20, 노르웨이 풍경.jpg ,4689,14,0,0
2019-01-26 21:57:32.557233,13097205,5,1,2019-01-26 09:57:20, 노르웨이 풍경.jpg ,4700,11,0,0
2019-01-26 22:57:24.570789,13097205,5,1,2019-01-26 09:57:20, 노르웨이 풍경.jpg ,4705,5,0,0
2019-01-26 23:57:29.661051,13097205,5,1,2019-01-26 09:57:20, 노르웨이 풍경.jpg ,4715,10,0,0
2019-01-27 00:57:21.785897,13097205,5,1,2019-01-26 09:57:20, 노르웨이 풍경.jpg ,4719,4,0,0
2019-01-27 01:57:26.886083,13097205,5,1,2019-01-26 09:57:20, 노르웨이 풍경.jpg ,4724,5,0,0
2019-01-27 02:57:32.036324,13097205,5,1,2019-01-26 09:57:20, 노르웨이 풍경.jpg ,4727,3,0,0
2019-01-27 03:57:24.357457,13097205,5,1,2019-01-26 09:57:20, 노르웨이 풍경.jpg ,4729,2,0,0
2019-01-27 04:57:29.521194,13097205,5,1,2019-01-26 09:57:20, 노르웨이 풍경.jpg ,4731,2,0,0
2019-01-27 05:57:21.591987,13097205,5,1,2019-01-26 09:57:20, 노르웨이 풍경.jpg ,4734,3,0,0
2019-01-27 06:57:26.681290,13097205,5,1,2019-01-26 09:57:20, 노르웨이 풍경.jpg ,4737,3,0,0
2019-01-27 07:57:31.900614,13097205,5,1,2019-01-26 09:57:20, 노르웨이 풍경.jpg ,4738,1,0,0
2019-01-27 08:57:24.020373,13097205,5,1,2019-01-26 09:57:20, 노르웨이 풍경.jpg ,4740,2,0,0
2019-01-27 09:57:29.064124,13097205,5,1,2019-01-26 09:57:20, 노르웨이 풍경.jpg ,4742,2,0,0
