check_time,id,post_reply,post_symph,post_time,post_title,post_view,post_view_diff,post_reply_diff,post_symph_diff
2019-01-25 10:21:01.383591,13092557,25,59,2019-01-25 09:20:56, 박진성 시인 근황 ,3783,3783,25,59
2019-01-25 11:21:06.936094,13092557,30,80,2019-01-25 09:20:56, 박진성 시인 근황 ,5833,2050,5,21
2019-01-25 12:20:59.179660,13092557,31,98,2019-01-25 09:20:56, 박진성 시인 근황 ,8598,2765,1,18
2019-01-25 13:21:04.997658,13092557,34,114,2019-01-25 09:20:56, 박진성 시인 근황 ,11369,2771,3,16
2019-01-25 14:20:57.133705,13092557,36,129,2019-01-25 09:20:56, 박진성 시인 근황 ,13325,1956,2,15
2019-01-25 15:21:02.436658,13092557,37,134,2019-01-25 09:20:56, 박진성 시인 근황 ,14884,1559,1,5
2019-01-25 16:21:07.853259,13092557,39,139,2019-01-25 09:20:56, 박진성 시인 근황 ,16304,1420,2,5
2019-01-25 17:21:00.142318,13092557,40,145,2019-01-25 09:20:56, 박진성 시인 근황 ,17592,1288,1,6
2019-01-25 18:21:05.160137,13092557,41,149,2019-01-25 09:20:56, 박진성 시인 근황 ,18838,1246,1,4
2019-01-25 19:20:57.211818,13092557,43,157,2019-01-25 09:20:56, 박진성 시인 근황 ,20086,1248,2,8
2019-01-25 20:21:02.280907,13092557,42,164,2019-01-25 09:20:56, 박진성 시인 근황 ,21170,1084,-1,7
2019-01-25 21:21:07.306929,13092557,44,173,2019-01-25 09:20:56, 박진성 시인 근황 ,22295,1125,2,9
2019-01-25 22:20:59.328557,13092557,44,173,2019-01-25 09:20:56, 박진성 시인 근황 ,22414,119,0,0
2019-01-25 23:21:04.764968,13092557,44,174,2019-01-25 09:20:56, 박진성 시인 근황 ,22502,88,0,1
2019-01-26 00:20:56.875911,13092557,44,174,2019-01-25 09:20:56, 박진성 시인 근황 ,22587,85,0,0
2019-01-26 01:21:02.347092,13092557,44,174,2019-01-25 09:20:56, 박진성 시인 근황 ,22650,63,0,0
2019-01-26 02:21:07.680705,13092557,44,174,2019-01-25 09:20:56, 박진성 시인 근황 ,22682,32,0,0
2019-01-26 03:20:59.712634,13092557,44,175,2019-01-25 09:20:56, 박진성 시인 근황 ,22707,25,0,1
2019-01-26 04:21:04.829248,13092557,44,175,2019-01-25 09:20:56, 박진성 시인 근황 ,22721,14,0,0
2019-01-26 05:20:56.917332,13092557,44,175,2019-01-25 09:20:56, 박진성 시인 근황 ,22738,17,0,0
2019-01-26 06:21:01.977944,13092557,44,175,2019-01-25 09:20:56, 박진성 시인 근황 ,22747,9,0,0
2019-01-26 07:21:07.020366,13092557,44,175,2019-01-25 09:20:56, 박진성 시인 근황 ,22757,10,0,0
2019-01-26 08:20:59.071106,13092557,44,175,2019-01-25 09:20:56, 박진성 시인 근황 ,22772,15,0,0
2019-01-26 09:21:04.110872,13092557,44,175,2019-01-25 09:20:56, 박진성 시인 근황 ,22791,19,0,0
