check_time,id,post_reply,post_symph,post_time,post_title,post_view,post_view_diff,post_reply_diff,post_symph_diff
2019-01-26 10:25:39.450143,13097128,7,0,2019-01-26 09:25:29, 쿠팡은 진심 대단하네요. ,2673,2673,7,0
2019-01-26 11:25:31.521331,13097128,7,0,2019-01-26 09:25:29, 쿠팡은 진심 대단하네요. ,3266,593,0,0
2019-01-26 12:25:36.586633,13097128,7,0,2019-01-26 09:25:29, 쿠팡은 진심 대단하네요. ,3601,335,0,0
2019-01-26 13:25:41.816128,13097128,7,0,2019-01-26 09:25:29, 쿠팡은 진심 대단하네요. ,3782,181,0,0
2019-01-26 14:25:33.829821,13097128,7,0,2019-01-26 09:25:29, 쿠팡은 진심 대단하네요. ,3859,77,0,0
2019-01-26 15:25:38.871493,13097128,7,0,2019-01-26 09:25:29, 쿠팡은 진심 대단하네요. ,3937,78,0,0
2019-01-26 16:25:30.866920,13097128,7,0,2019-01-26 09:25:29, 쿠팡은 진심 대단하네요. ,3983,46,0,0
2019-01-26 17:25:35.980601,13097128,7,0,2019-01-26 09:25:29, 쿠팡은 진심 대단하네요. ,4012,29,0,0
2019-01-26 18:25:41.043781,13097128,7,0,2019-01-26 09:25:29, 쿠팡은 진심 대단하네요. ,4031,19,0,0
2019-01-26 19:25:33.071365,13097128,7,0,2019-01-26 09:25:29, 쿠팡은 진심 대단하네요. ,4051,20,0,0
2019-01-26 20:25:38.943513,13097128,7,0,2019-01-26 09:25:29, 쿠팡은 진심 대단하네요. ,4060,9,0,0
2019-01-26 21:25:30.966949,13097128,7,0,2019-01-26 09:25:29, 쿠팡은 진심 대단하네요. ,4070,10,0,0
2019-01-26 22:25:36.033995,13097128,7,0,2019-01-26 09:25:29, 쿠팡은 진심 대단하네요. ,4074,4,0,0
2019-01-26 23:25:41.240501,13097128,7,0,2019-01-26 09:25:29, 쿠팡은 진심 대단하네요. ,4086,12,0,0
2019-01-27 00:25:33.505208,13097128,7,0,2019-01-26 09:25:29, 쿠팡은 진심 대단하네요. ,4088,2,0,0
2019-01-27 01:25:38.567783,13097128,7,0,2019-01-26 09:25:29, 쿠팡은 진심 대단하네요. ,4091,3,0,0
2019-01-27 02:25:30.583083,13097128,7,0,2019-01-26 09:25:29, 쿠팡은 진심 대단하네요. ,4096,5,0,0
2019-01-27 03:25:35.636698,13097128,7,0,2019-01-26 09:25:29, 쿠팡은 진심 대단하네요. ,4100,4,0,0
2019-01-27 04:25:40.719046,13097128,7,0,2019-01-26 09:25:29, 쿠팡은 진심 대단하네요. ,4101,1,0,0
2019-01-27 05:25:32.746102,13097128,7,0,2019-01-26 09:25:29, 쿠팡은 진심 대단하네요. ,4104,3,0,0
2019-01-27 06:25:37.730703,13097128,7,0,2019-01-26 09:25:29, 쿠팡은 진심 대단하네요. ,4107,3,0,0
2019-01-27 07:25:30.563252,13097128,7,0,2019-01-26 09:25:29, 쿠팡은 진심 대단하네요. ,4108,1,0,0
2019-01-27 08:25:35.614974,13097128,7,0,2019-01-26 09:25:29, 쿠팡은 진심 대단하네요. ,4109,1,0,0
2019-01-27 09:25:40.600359,13097128,7,0,2019-01-26 09:25:29, 쿠팡은 진심 대단하네요. ,4113,4,0,0
