check_time,id,post_reply,post_symph,post_time,post_title,post_view,post_view_diff,post_reply_diff,post_symph_diff
2019-01-30 10:00:10.752719,13110783,9,0,2019-01-30 09:00:01, 다들 인터넷 속도 올리시길래 ... 저도 FAST.COM ,816,816,9,0
2019-01-30 11:00:02.776984,13110783,9,0,2019-01-30 09:00:01, 다들 인터넷 속도 올리시길래 ... 저도 FAST.COM ,889,73,0,0
2019-01-30 12:00:07.802548,13110783,9,0,2019-01-30 09:00:01, 다들 인터넷 속도 올리시길래 ... 저도 FAST.COM ,911,22,0,0
2019-01-30 13:00:12.804926,13110783,9,0,2019-01-30 09:00:01, 다들 인터넷 속도 올리시길래 ... 저도 FAST.COM ,924,13,0,0
2019-01-30 14:00:04.835248,13110783,9,0,2019-01-30 09:00:01, 다들 인터넷 속도 올리시길래 ... 저도 FAST.COM ,934,10,0,0
2019-01-30 15:00:09.896438,13110783,9,0,2019-01-30 09:00:01, 다들 인터넷 속도 올리시길래 ... 저도 FAST.COM ,938,4,0,0
2019-01-30 16:00:01.958834,13110783,9,0,2019-01-30 09:00:01, 다들 인터넷 속도 올리시길래 ... 저도 FAST.COM ,945,7,0,0
2019-01-30 17:00:07.025220,13110783,9,0,2019-01-30 09:00:01, 다들 인터넷 속도 올리시길래 ... 저도 FAST.COM ,947,2,0,0
2019-01-30 18:00:12.058139,13110783,9,0,2019-01-30 09:00:01, 다들 인터넷 속도 올리시길래 ... 저도 FAST.COM ,949,2,0,0
2019-01-30 19:00:04.110863,13110783,9,0,2019-01-30 09:00:01, 다들 인터넷 속도 올리시길래 ... 저도 FAST.COM ,950,1,0,0
2019-01-30 20:00:09.187795,13110783,9,0,2019-01-30 09:00:01, 다들 인터넷 속도 올리시길래 ... 저도 FAST.COM ,952,2,0,0
2019-01-30 21:00:01.203726,13110783,9,0,2019-01-30 09:00:01, 다들 인터넷 속도 올리시길래 ... 저도 FAST.COM ,954,2,0,0
2019-01-30 22:00:06.310485,13110783,9,0,2019-01-30 09:00:01, 다들 인터넷 속도 올리시길래 ... 저도 FAST.COM ,957,3,0,0
2019-01-30 23:00:11.380870,13110783,9,0,2019-01-30 09:00:01, 다들 인터넷 속도 올리시길래 ... 저도 FAST.COM ,960,3,0,0
2019-01-31 00:00:03.438574,13110783,9,0,2019-01-30 09:00:01, 다들 인터넷 속도 올리시길래 ... 저도 FAST.COM ,965,5,0,0
2019-01-31 01:00:08.500446,13110783,9,0,2019-01-30 09:00:01, 다들 인터넷 속도 올리시길래 ... 저도 FAST.COM ,966,1,0,0
2019-01-31 02:00:13.766072,13110783,9,0,2019-01-30 09:00:01, 다들 인터넷 속도 올리시길래 ... 저도 FAST.COM ,968,2,0,0
2019-01-31 03:00:05.746540,13110783,9,0,2019-01-30 09:00:01, 다들 인터넷 속도 올리시길래 ... 저도 FAST.COM ,970,2,0,0
2019-01-31 04:00:10.983356,13110783,9,0,2019-01-30 09:00:01, 다들 인터넷 속도 올리시길래 ... 저도 FAST.COM ,971,1,0,0
2019-01-31 05:00:03.016768,13110783,9,0,2019-01-30 09:00:01, 다들 인터넷 속도 올리시길래 ... 저도 FAST.COM ,974,3,0,0
2019-01-31 06:00:08.090736,13110783,9,0,2019-01-30 09:00:01, 다들 인터넷 속도 올리시길래 ... 저도 FAST.COM ,976,2,0,0
2019-01-31 07:00:13.067520,13110783,9,0,2019-01-30 09:00:01, 다들 인터넷 속도 올리시길래 ... 저도 FAST.COM ,977,1,0,0
2019-01-31 08:00:05.119262,13110783,9,0,2019-01-30 09:00:01, 다들 인터넷 속도 올리시길래 ... 저도 FAST.COM ,978,1,0,0
2019-01-31 09:00:10.184836,13110783,9,0,2019-01-30 09:00:01, 다들 인터넷 속도 올리시길래 ... 저도 FAST.COM ,979,1,0,0
