check_time,id,post_reply,post_symph,post_time,post_title,post_view,post_view_diff,post_reply_diff,post_symph_diff
2019-01-28 10:02:08.792162,13103385,24,1,2019-01-28 09:02:02, 백두산 천지 실제 크기.gif ,6579,6579,24,1
2019-01-28 11:02:13.820461,13103385,27,1,2019-01-28 09:02:02, 백두산 천지 실제 크기.gif ,8415,1836,3,0
2019-01-28 12:02:05.926520,13103385,28,1,2019-01-28 09:02:02, 백두산 천지 실제 크기.gif ,9554,1139,1,0
2019-01-28 13:02:10.910366,13103385,28,1,2019-01-28 09:02:02, 백두산 천지 실제 크기.gif ,10283,729,0,0
2019-01-28 14:02:02.857227,13103385,29,1,2019-01-28 09:02:02, 백두산 천지 실제 크기.gif ,10712,429,1,0
2019-01-28 15:02:08.206814,13103385,29,1,2019-01-28 09:02:02, 백두산 천지 실제 크기.gif ,10855,143,0,0
2019-01-28 16:02:13.265545,13103385,29,1,2019-01-28 09:02:02, 백두산 천지 실제 크기.gif ,10936,81,0,0
2019-01-28 17:02:05.291025,13103385,29,1,2019-01-28 09:02:02, 백두산 천지 실제 크기.gif ,11145,209,0,0
2019-01-28 18:02:10.302986,13103385,30,1,2019-01-28 09:02:02, 백두산 천지 실제 크기.gif ,11380,235,1,0
2019-01-28 19:02:02.593518,13103385,30,1,2019-01-28 09:02:02, 백두산 천지 실제 크기.gif ,11555,175,0,0
2019-01-28 20:02:07.679588,13103385,30,1,2019-01-28 09:02:02, 백두산 천지 실제 크기.gif ,11714,159,0,0
2019-01-28 21:02:12.721936,13103385,30,1,2019-01-28 09:02:02, 백두산 천지 실제 크기.gif ,11892,178,0,0
2019-01-28 22:02:04.713151,13103385,30,1,2019-01-28 09:02:02, 백두산 천지 실제 크기.gif ,11949,57,0,0
2019-01-28 23:02:12.179182,13103385,30,1,2019-01-28 09:02:02, 백두산 천지 실제 크기.gif ,11964,15,0,0
2019-01-29 00:02:04.155460,13103385,30,1,2019-01-28 09:02:02, 백두산 천지 실제 크기.gif ,11989,25,0,0
2019-01-29 01:02:09.386959,13103385,30,1,2019-01-28 09:02:02, 백두산 천지 실제 크기.gif ,12004,15,0,0
2019-01-29 02:02:14.400144,13103385,30,1,2019-01-28 09:02:02, 백두산 천지 실제 크기.gif ,12009,5,0,0
2019-01-29 03:02:06.373334,13103385,30,1,2019-01-28 09:02:02, 백두산 천지 실제 크기.gif ,12017,8,0,0
2019-01-29 04:02:11.400939,13103385,30,1,2019-01-28 09:02:02, 백두산 천지 실제 크기.gif ,12021,4,0,0
2019-01-29 05:02:03.466996,13103385,30,1,2019-01-28 09:02:02, 백두산 천지 실제 크기.gif ,12026,5,0,0
2019-01-29 06:02:08.507191,13103385,30,1,2019-01-28 09:02:02, 백두산 천지 실제 크기.gif ,12030,4,0,0
2019-01-29 07:02:13.520334,13103385,30,1,2019-01-28 09:02:02, 백두산 천지 실제 크기.gif ,12039,9,0,0
2019-01-29 08:02:05.507287,13103385,30,1,2019-01-28 09:02:02, 백두산 천지 실제 크기.gif ,12050,11,0,0
2019-01-29 09:02:10.532909,13103385,30,1,2019-01-28 09:02:02, 백두산 천지 실제 크기.gif ,12057,7,0,0
