check_time,id,post_reply,post_symph,post_time,post_title,post_view,post_view_diff,post_reply_diff,post_symph_diff
2019-01-26 10:07:23.597113,13097083,9,2,2019-01-26 09:07:12, 저밑에 결혼하신다는 분 ,1310,1310,9,2
2019-01-26 11:07:15.608207,13097083,9,2,2019-01-26 09:07:12, 저밑에 결혼하신다는 분 ,1634,324,0,0
2019-01-26 12:07:20.886951,13097083,9,2,2019-01-26 09:07:12, 저밑에 결혼하신다는 분 ,1740,106,0,0
2019-01-26 13:07:12.973629,13097083,9,2,2019-01-26 09:07:12, 저밑에 결혼하신다는 분 ,1803,63,0,0
2019-01-26 14:07:18.006995,13097083,9,2,2019-01-26 09:07:12, 저밑에 결혼하신다는 분 ,1822,19,0,0
2019-01-26 15:07:23.046082,13097083,9,2,2019-01-26 09:07:12, 저밑에 결혼하신다는 분 ,1844,22,0,0
2019-01-26 16:07:15.070869,13097083,9,2,2019-01-26 09:07:12, 저밑에 결혼하신다는 분 ,1855,11,0,0
2019-01-26 17:07:20.117189,13097083,9,2,2019-01-26 09:07:12, 저밑에 결혼하신다는 분 ,1864,9,0,0
2019-01-26 18:07:12.663658,13097083,9,2,2019-01-26 09:07:12, 저밑에 결혼하신다는 분 ,1871,7,0,0
2019-01-26 19:07:17.772791,13097083,9,2,2019-01-26 09:07:12, 저밑에 결혼하신다는 분 ,1876,5,0,0
2019-01-26 20:07:22.906493,13097083,9,2,2019-01-26 09:07:12, 저밑에 결혼하신다는 분 ,1882,6,0,0
2019-01-26 21:07:15.024473,13097083,9,2,2019-01-26 09:07:12, 저밑에 결혼하신다는 분 ,1886,4,0,0
2019-01-26 22:07:20.108056,13097083,9,2,2019-01-26 09:07:12, 저밑에 결혼하신다는 분 ,1889,3,0,0
2019-01-26 23:07:12.238545,13097083,9,2,2019-01-26 09:07:12, 저밑에 결혼하신다는 분 ,1893,4,0,0
2019-01-27 00:07:17.262822,13097083,9,2,2019-01-26 09:07:12, 저밑에 결혼하신다는 분 ,1898,5,0,0
2019-01-27 01:07:22.454399,13097083,9,2,2019-01-26 09:07:12, 저밑에 결혼하신다는 분 ,1903,5,0,0
2019-01-27 02:07:14.707888,13097083,9,2,2019-01-26 09:07:12, 저밑에 결혼하신다는 분 ,1904,1,0,0
2019-01-27 03:07:19.972410,13097083,9,2,2019-01-26 09:07:12, 저밑에 결혼하신다는 분 ,1907,3,0,0
2019-01-27 04:07:12.032430,13097083,9,2,2019-01-26 09:07:12, 저밑에 결혼하신다는 분 ,1909,2,0,0
2019-01-27 05:07:17.045689,13097083,9,2,2019-01-26 09:07:12, 저밑에 결혼하신다는 분 ,1913,4,0,0
2019-01-27 06:07:22.037323,13097083,9,2,2019-01-26 09:07:12, 저밑에 결혼하신다는 분 ,1915,2,0,0
2019-01-27 07:07:14.057247,13097083,9,2,2019-01-26 09:07:12, 저밑에 결혼하신다는 분 ,1915,0,0,0
2019-01-27 08:07:19.082630,13097083,9,2,2019-01-26 09:07:12, 저밑에 결혼하신다는 분 ,1916,1,0,0
2019-01-27 09:07:24.080919,13097083,9,2,2019-01-26 09:07:12, 저밑에 결혼하신다는 분 ,1922,6,0,0
