check_time,id,post_reply,post_symph,post_time,post_title,post_view,post_view_diff,post_reply_diff,post_symph_diff
2019-01-29 10:37:07.397797,13107275,3,0,2019-01-29 09:36:56, 버즈 오브 프레이에 나올 할리퀸.. ,1018,1018,3,0
2019-01-29 11:36:59.426866,13107275,3,0,2019-01-29 09:36:56, 버즈 오브 프레이에 나올 할리퀸.. ,1136,118,0,0
2019-01-29 12:37:04.607572,13107275,3,0,2019-01-29 09:36:56, 버즈 오브 프레이에 나올 할리퀸.. ,1176,40,0,0
2019-01-29 13:36:56.707167,13107275,3,0,2019-01-29 09:36:56, 버즈 오브 프레이에 나올 할리퀸.. ,1194,18,0,0
2019-01-29 14:37:01.762559,13107275,3,0,2019-01-29 09:36:56, 버즈 오브 프레이에 나올 할리퀸.. ,1202,8,0,0
2019-01-29 15:37:07.017396,13107275,3,0,2019-01-29 09:36:56, 버즈 오브 프레이에 나올 할리퀸.. ,1206,4,0,0
2019-01-29 16:36:59.307265,13107275,3,0,2019-01-29 09:36:56, 버즈 오브 프레이에 나올 할리퀸.. ,1209,3,0,0
2019-01-29 17:37:04.363778,13107275,3,0,2019-01-29 09:36:56, 버즈 오브 프레이에 나올 할리퀸.. ,1210,1,0,0
2019-01-29 18:36:56.694155,13107275,3,0,2019-01-29 09:36:56, 버즈 오브 프레이에 나올 할리퀸.. ,1214,4,0,0
2019-01-29 19:37:01.978287,13107275,3,0,2019-01-29 09:36:56, 버즈 오브 프레이에 나올 할리퀸.. ,1216,2,0,0
2019-01-29 20:37:07.501415,13107275,3,0,2019-01-29 09:36:56, 버즈 오브 프레이에 나올 할리퀸.. ,1217,1,0,0
2019-01-29 21:36:59.859069,13107275,3,0,2019-01-29 09:36:56, 버즈 오브 프레이에 나올 할리퀸.. ,1221,4,0,0
2019-01-29 22:37:04.987316,13107275,3,0,2019-01-29 09:36:56, 버즈 오브 프레이에 나올 할리퀸.. ,1223,2,0,0
2019-01-29 23:36:57.295088,13107275,3,0,2019-01-29 09:36:56, 버즈 오브 프레이에 나올 할리퀸.. ,1224,1,0,0
2019-01-30 00:37:02.321450,13107275,3,0,2019-01-29 09:36:56, 버즈 오브 프레이에 나올 할리퀸.. ,1226,2,0,0
2019-01-30 01:37:07.467084,13107275,3,0,2019-01-29 09:36:56, 버즈 오브 프레이에 나올 할리퀸.. ,1228,2,0,0
2019-01-30 02:36:59.493167,13107275,3,0,2019-01-29 09:36:56, 버즈 오브 프레이에 나올 할리퀸.. ,1230,2,0,0
2019-01-30 03:37:04.570523,13107275,3,0,2019-01-29 09:36:56, 버즈 오브 프레이에 나올 할리퀸.. ,1231,1,0,0
2019-01-30 04:36:56.623705,13107275,3,0,2019-01-29 09:36:56, 버즈 오브 프레이에 나올 할리퀸.. ,1233,2,0,0
2019-01-30 05:37:01.732877,13107275,3,0,2019-01-29 09:36:56, 버즈 오브 프레이에 나올 할리퀸.. ,1234,1,0,0
2019-01-30 06:37:06.779903,13107275,3,0,2019-01-29 09:36:56, 버즈 오브 프레이에 나올 할리퀸.. ,1235,1,0,0
2019-01-30 07:36:58.847717,13107275,3,0,2019-01-29 09:36:56, 버즈 오브 프레이에 나올 할리퀸.. ,1237,2,0,0
2019-01-30 08:37:03.931546,13107275,3,0,2019-01-29 09:36:56, 버즈 오브 프레이에 나올 할리퀸.. ,1239,2,0,0
2019-01-30 09:37:08.993012,13107275,3,0,2019-01-29 09:36:56, 버즈 오브 프레이에 나올 할리퀸.. ,1241,2,0,0
