check_time,id,post_reply,post_symph,post_time,post_title,post_view,post_view_diff,post_reply_diff,post_symph_diff
2019-01-28 10:36:36.647831,13103477,23,0,2019-01-28 09:36:32, 그랜드케년 사고 찬반토론 근황 ,2950,2950,23,0
2019-01-28 11:36:41.718270,13103477,25,0,2019-01-28 09:36:32, 그랜드케년 사고 찬반토론 근황 ,3507,557,2,0
2019-01-28 12:36:33.778828,13103477,27,0,2019-01-28 09:36:32, 그랜드케년 사고 찬반토론 근황 ,3874,367,2,0
2019-01-28 13:36:38.969112,13103477,27,0,2019-01-28 09:36:32, 그랜드케년 사고 찬반토론 근황 ,4075,201,0,0
2019-01-28 14:36:44.099036,13103477,27,0,2019-01-28 09:36:32, 그랜드케년 사고 찬반토론 근황 ,4137,62,0,0
2019-01-28 15:36:36.109720,13103477,27,0,2019-01-28 09:36:32, 그랜드케년 사고 찬반토론 근황 ,4168,31,0,0
2019-01-28 16:36:41.364353,13103477,27,0,2019-01-28 09:36:32, 그랜드케년 사고 찬반토론 근황 ,4202,34,0,0
2019-01-28 17:36:33.468730,13103477,27,0,2019-01-28 09:36:32, 그랜드케년 사고 찬반토론 근황 ,4221,19,0,0
2019-01-28 18:36:38.599703,13103477,27,0,2019-01-28 09:36:32, 그랜드케년 사고 찬반토론 근황 ,4241,20,0,0
2019-01-28 19:36:43.711723,13103477,27,0,2019-01-28 09:36:32, 그랜드케년 사고 찬반토론 근황 ,4255,14,0,0
2019-01-28 20:36:35.853150,13103477,27,0,2019-01-28 09:36:32, 그랜드케년 사고 찬반토론 근황 ,4265,10,0,0
2019-01-28 21:36:40.996973,13103477,27,0,2019-01-28 09:36:32, 그랜드케년 사고 찬반토론 근황 ,4273,8,0,0
2019-01-28 22:36:33.120092,13103477,27,0,2019-01-28 09:36:32, 그랜드케년 사고 찬반토론 근황 ,4277,4,0,0
2019-01-28 23:36:38.189821,13103477,27,0,2019-01-28 09:36:32, 그랜드케년 사고 찬반토론 근황 ,4286,9,0,0
2019-01-29 00:36:43.187199,13103477,27,0,2019-01-28 09:36:32, 그랜드케년 사고 찬반토론 근황 ,4292,6,0,0
2019-01-29 01:36:35.229314,13103477,27,0,2019-01-28 09:36:32, 그랜드케년 사고 찬반토론 근황 ,4294,2,0,0
2019-01-29 02:36:40.448652,13103477,27,0,2019-01-28 09:36:32, 그랜드케년 사고 찬반토론 근황 ,4296,2,0,0
2019-01-29 03:36:32.553212,13103477,27,0,2019-01-28 09:36:32, 그랜드케년 사고 찬반토론 근황 ,4299,3,0,0
2019-01-29 04:36:37.672838,13103477,27,0,2019-01-28 09:36:32, 그랜드케년 사고 찬반토론 근황 ,4302,3,0,0
2019-01-29 05:36:42.778925,13103477,27,0,2019-01-28 09:36:32, 그랜드케년 사고 찬반토론 근황 ,4304,2,0,0
2019-01-29 06:36:34.854414,13103477,27,0,2019-01-28 09:36:32, 그랜드케년 사고 찬반토론 근황 ,4305,1,0,0
2019-01-29 07:36:39.984993,13103477,27,0,2019-01-28 09:36:32, 그랜드케년 사고 찬반토론 근황 ,4306,1,0,0
2019-01-29 08:36:32.269199,13103477,27,0,2019-01-28 09:36:32, 그랜드케년 사고 찬반토론 근황 ,4309,3,0,0
2019-01-29 09:36:37.548646,13103477,27,0,2019-01-28 09:36:32, 그랜드케년 사고 찬반토론 근황 ,4310,1,0,0
