check_time,id,post_reply,post_symph,post_time,post_title,post_view,post_view_diff,post_reply_diff,post_symph_diff
2019-01-29 04:29:45.730888,13106961,4,0,2019-01-29 03:29:42, 군문제때문에 삶이 버거워지네요 ,899,899,4,0
2019-01-29 05:29:50.836172,13106961,7,0,2019-01-29 03:29:42, 군문제때문에 삶이 버거워지네요 ,1366,467,3,0
2019-01-29 06:29:42.892095,13106961,9,0,2019-01-29 03:29:42, 군문제때문에 삶이 버거워지네요 ,1821,455,2,0
2019-01-29 07:29:47.892886,13106961,9,0,2019-01-29 03:29:42, 군문제때문에 삶이 버거워지네요 ,2437,616,0,0
2019-01-29 08:29:52.971590,13106961,9,0,2019-01-29 03:29:42, 군문제때문에 삶이 버거워지네요 ,2955,518,0,0
2019-01-29 09:29:45.116930,13106961,10,0,2019-01-29 03:29:42, 군문제때문에 삶이 버거워지네요 ,3225,270,1,0
2019-01-29 10:29:50.289709,13106961,10,0,2019-01-29 03:29:42, 군문제때문에 삶이 버거워지네요 ,3320,95,0,0
2019-01-29 11:29:42.391514,13106961,10,0,2019-01-29 03:29:42, 군문제때문에 삶이 버거워지네요 ,3366,46,0,0
2019-01-29 12:29:47.497626,13106961,10,0,2019-01-29 03:29:42, 군문제때문에 삶이 버거워지네요 ,3396,30,0,0
2019-01-29 13:29:52.597049,13106961,10,0,2019-01-29 03:29:42, 군문제때문에 삶이 버거워지네요 ,3417,21,0,0
2019-01-29 14:29:44.597036,13106961,10,0,2019-01-29 03:29:42, 군문제때문에 삶이 버거워지네요 ,3432,15,0,0
2019-01-29 15:29:49.667321,13106961,10,0,2019-01-29 03:29:42, 군문제때문에 삶이 버거워지네요 ,3446,14,0,0
2019-01-29 16:29:54.732985,13106961,10,0,2019-01-29 03:29:42, 군문제때문에 삶이 버거워지네요 ,3452,6,0,0
2019-01-29 17:29:46.782214,13106961,10,0,2019-01-29 03:29:42, 군문제때문에 삶이 버거워지네요 ,3456,4,0,0
2019-01-29 18:29:52.189655,13106961,10,0,2019-01-29 03:29:42, 군문제때문에 삶이 버거워지네요 ,3461,5,0,0
2019-01-29 19:29:44.189734,13106961,10,0,2019-01-29 03:29:42, 군문제때문에 삶이 버거워지네요 ,3464,3,0,0
2019-01-29 20:29:49.282784,13106961,10,0,2019-01-29 03:29:42, 군문제때문에 삶이 버거워지네요 ,3468,4,0,0
2019-01-29 21:29:54.347065,13106961,10,0,2019-01-29 03:29:42, 군문제때문에 삶이 버거워지네요 ,3473,5,0,0
2019-01-29 22:29:46.453059,13106961,10,0,2019-01-29 03:29:42, 군문제때문에 삶이 버거워지네요 ,3477,4,0,0
2019-01-29 23:29:51.480092,13106961,10,0,2019-01-29 03:29:42, 군문제때문에 삶이 버거워지네요 ,3478,1,0,0
2019-01-30 00:29:43.519191,13106961,10,0,2019-01-29 03:29:42, 군문제때문에 삶이 버거워지네요 ,3480,2,0,0
2019-01-30 01:29:48.583710,13106961,10,0,2019-01-29 03:29:42, 군문제때문에 삶이 버거워지네요 ,3484,4,0,0
2019-01-30 02:29:53.610187,13106961,10,0,2019-01-29 03:29:42, 군문제때문에 삶이 버거워지네요 ,3485,1,0,0
2019-01-30 03:29:45.695349,13106961,10,0,2019-01-29 03:29:42, 군문제때문에 삶이 버거워지네요 ,3486,1,0,0
