check_time,id,post_reply,post_symph,post_time,post_title,post_view,post_view_diff,post_reply_diff,post_symph_diff
2019-01-29 04:52:20.001412,13106968,9,0,2019-01-29 03:52:09, 죽이 23천원이네요 ㅎㄸ ,973,973,9,0
2019-01-29 05:52:12.109885,13106968,11,0,2019-01-29 03:52:09, 죽이 23천원이네요 ㅎㄸ ,1550,577,2,0
2019-01-29 06:52:17.254183,13106968,12,0,2019-01-29 03:52:09, 죽이 23천원이네요 ㅎㄸ ,2440,890,1,0
2019-01-29 07:52:09.346837,13106968,13,0,2019-01-29 03:52:09, 죽이 23천원이네요 ㅎㄸ ,3521,1081,1,0
2019-01-29 08:52:14.467667,13106968,14,0,2019-01-29 03:52:09, 죽이 23천원이네요 ㅎㄸ ,4443,922,1,0
2019-01-29 09:52:19.639555,13106968,14,0,2019-01-29 03:52:09, 죽이 23천원이네요 ㅎㄸ ,4835,392,0,0
2019-01-29 10:52:11.802110,13106968,14,0,2019-01-29 03:52:09, 죽이 23천원이네요 ㅎㄸ ,5015,180,0,0
2019-01-29 11:52:16.946105,13106968,14,0,2019-01-29 03:52:09, 죽이 23천원이네요 ㅎㄸ ,5101,86,0,0
2019-01-29 12:52:09.072742,13106968,14,0,2019-01-29 03:52:09, 죽이 23천원이네요 ㅎㄸ ,5128,27,0,0
2019-01-29 13:52:14.520560,13106968,14,0,2019-01-29 03:52:09, 죽이 23천원이네요 ㅎㄸ ,5157,29,0,0
2019-01-29 14:52:19.584383,13106968,14,0,2019-01-29 03:52:09, 죽이 23천원이네요 ㅎㄸ ,5181,24,0,0
2019-01-29 15:52:11.651243,13106968,14,0,2019-01-29 03:52:09, 죽이 23천원이네요 ㅎㄸ ,5197,16,0,0
2019-01-29 16:52:16.678283,13106968,14,0,2019-01-29 03:52:09, 죽이 23천원이네요 ㅎㄸ ,5214,17,0,0
2019-01-29 17:52:21.901255,13106968,14,0,2019-01-29 03:52:09, 죽이 23천원이네요 ㅎㄸ ,5224,10,0,0
2019-01-29 18:52:14.205086,13106968,14,0,2019-01-29 03:52:09, 죽이 23천원이네요 ㅎㄸ ,5227,3,0,0
2019-01-29 19:52:19.258165,13106968,14,0,2019-01-29 03:52:09, 죽이 23천원이네요 ㅎㄸ ,5231,4,0,0
2019-01-29 20:52:11.230996,13106968,14,0,2019-01-29 03:52:09, 죽이 23천원이네요 ㅎㄸ ,5236,5,0,0
2019-01-29 21:52:16.330117,13106968,14,0,2019-01-29 03:52:09, 죽이 23천원이네요 ㅎㄸ ,5241,5,0,0
2019-01-29 22:52:21.584324,13106968,14,0,2019-01-29 03:52:09, 죽이 23천원이네요 ㅎㄸ ,5246,5,0,0
2019-01-29 23:52:13.612067,13106968,14,0,2019-01-29 03:52:09, 죽이 23천원이네요 ㅎㄸ ,5250,4,0,0
2019-01-30 00:52:18.853816,13106968,14,0,2019-01-29 03:52:09, 죽이 23천원이네요 ㅎㄸ ,5253,3,0,0
2019-01-30 01:52:10.830511,13106968,14,0,2019-01-29 03:52:09, 죽이 23천원이네요 ㅎㄸ ,5262,9,0,0
2019-01-30 02:52:15.897349,13106968,14,0,2019-01-29 03:52:09, 죽이 23천원이네요 ㅎㄸ ,5264,2,0,0
2019-01-30 03:52:20.923716,13106968,14,0,2019-01-29 03:52:09, 죽이 23천원이네요 ㅎㄸ ,5267,3,0,0
