check_time,id,post_reply,post_symph,post_time,post_title,post_view,post_view_diff,post_reply_diff,post_symph_diff
2019-01-27 04:15:08.855699,13100138,4,0,2019-01-27 03:15:02, 면도하다 베였네요. ,448,448,4,0
2019-01-27 05:15:13.889147,13100138,6,0,2019-01-27 03:15:02, 면도하다 베였네요. ,563,115,2,0
2019-01-27 06:15:06.061553,13100138,7,0,2019-01-27 03:15:02, 면도하다 베였네요. ,645,82,1,0
2019-01-27 07:15:11.170151,13100138,7,0,2019-01-27 03:15:02, 면도하다 베였네요. ,727,82,0,0
2019-01-27 08:15:03.241349,13100138,7,0,2019-01-27 03:15:02, 면도하다 베였네요. ,859,132,0,0
2019-01-27 09:15:08.331793,13100138,7,0,2019-01-27 03:15:02, 면도하다 베였네요. ,982,123,0,0
2019-01-27 10:15:13.416266,13100138,7,0,2019-01-27 03:15:02, 면도하다 베였네요. ,1080,98,0,0
2019-01-27 11:15:05.490644,13100138,7,0,2019-01-27 03:15:02, 면도하다 베였네요. ,1128,48,0,0
2019-01-27 12:15:10.722675,13100138,7,0,2019-01-27 03:15:02, 면도하다 베였네요. ,1155,27,0,0
2019-01-27 13:15:02.839620,13100138,7,0,2019-01-27 03:15:02, 면도하다 베였네요. ,1168,13,0,0
2019-01-27 14:15:07.910588,13100138,7,0,2019-01-27 03:15:02, 면도하다 베였네요. ,1178,10,0,0
2019-01-27 15:15:12.983307,13100138,7,0,2019-01-27 03:15:02, 면도하다 베였네요. ,1184,6,0,0
2019-01-27 16:15:05.017794,13100138,7,0,2019-01-27 03:15:02, 면도하다 베였네요. ,1189,5,0,0
2019-01-27 17:15:10.041622,13100138,7,0,2019-01-27 03:15:02, 면도하다 베였네요. ,1195,6,0,0
2019-01-27 18:15:02.121873,13100138,7,0,2019-01-27 03:15:02, 면도하다 베였네요. ,1199,4,0,0
2019-01-27 19:15:07.203228,13100138,7,0,2019-01-27 03:15:02, 면도하다 베였네요. ,1200,1,0,0
2019-01-27 20:15:12.233980,13100138,7,0,2019-01-27 03:15:02, 면도하다 베였네요. ,1201,1,0,0
2019-01-27 21:15:04.294672,13100138,7,0,2019-01-27 03:15:02, 면도하다 베였네요. ,1204,3,0,0
2019-01-27 22:15:09.347220,13100138,7,0,2019-01-27 03:15:02, 면도하다 베였네요. ,1206,2,0,0
2019-01-27 23:15:14.636770,13100138,7,0,2019-01-27 03:15:02, 면도하다 베였네요. ,1210,4,0,0
2019-01-28 00:15:06.696886,13100138,7,0,2019-01-27 03:15:02, 면도하다 베였네요. ,1211,1,0,0
2019-01-28 01:15:11.761240,13100138,7,0,2019-01-27 03:15:02, 면도하다 베였네요. ,1215,4,0,0
2019-01-28 02:15:03.742639,13100138,7,0,2019-01-27 03:15:02, 면도하다 베였네요. ,1215,0,0,0
2019-01-28 03:15:09.002761,13100138,7,0,2019-01-27 03:15:02, 면도하다 베였네요. ,1217,2,0,0
