check_time,id,post_reply,post_symph,post_time,post_title,post_view,post_view_diff,post_reply_diff,post_symph_diff
2019-01-24 04:39:21.230119,13087761,6,0,2019-01-24 03:39:09, 전동드릴 고민이군요 @_@ ,500,500,6,0
2019-01-24 05:39:13.295128,13087761,11,0,2019-01-24 03:39:09, 전동드릴 고민이군요 @_@ ,703,203,5,0
2019-01-24 06:39:18.357425,13087761,12,0,2019-01-24 03:39:09, 전동드릴 고민이군요 @_@ ,1055,352,1,0
2019-01-24 07:39:10.400497,13087761,12,0,2019-01-24 03:39:09, 전동드릴 고민이군요 @_@ ,1480,425,0,0
2019-01-24 08:39:15.433333,13087761,13,0,2019-01-24 03:39:09, 전동드릴 고민이군요 @_@ ,1772,292,1,0
2019-01-24 09:39:20.494455,13087761,13,0,2019-01-24 03:39:09, 전동드릴 고민이군요 @_@ ,1892,120,0,0
2019-01-24 10:39:12.800888,13087761,14,0,2019-01-24 03:39:09, 전동드릴 고민이군요 @_@ ,1934,42,1,0
2019-01-24 11:39:17.941538,13087761,20,0,2019-01-24 03:39:09, 전동드릴 고민이군요 @_@ ,1952,18,6,0
2019-01-24 12:39:10.068990,13087761,20,0,2019-01-24 03:39:09, 전동드릴 고민이군요 @_@ ,1967,15,0,0
2019-01-24 13:39:15.191734,13087761,20,0,2019-01-24 03:39:09, 전동드릴 고민이군요 @_@ ,1987,20,0,0
2019-01-24 14:39:20.300615,13087761,20,0,2019-01-24 03:39:09, 전동드릴 고민이군요 @_@ ,1996,9,0,0
2019-01-24 15:39:12.455783,13087761,20,0,2019-01-24 03:39:09, 전동드릴 고민이군요 @_@ ,2005,9,0,0
2019-01-24 16:39:17.564581,13087761,20,0,2019-01-24 03:39:09, 전동드릴 고민이군요 @_@ ,2014,9,0,0
2019-01-24 17:39:09.708044,13087761,20,0,2019-01-24 03:39:09, 전동드릴 고민이군요 @_@ ,2020,6,0,0
2019-01-24 18:39:14.749288,13087761,20,0,2019-01-24 03:39:09, 전동드릴 고민이군요 @_@ ,2027,7,0,0
2019-01-24 19:39:19.791074,13087761,20,0,2019-01-24 03:39:09, 전동드릴 고민이군요 @_@ ,2030,3,0,0
2019-01-24 20:39:12.036343,13087761,20,0,2019-01-24 03:39:09, 전동드릴 고민이군요 @_@ ,2034,4,0,0
2019-01-24 21:39:17.098824,13087761,20,0,2019-01-24 03:39:09, 전동드릴 고민이군요 @_@ ,2035,1,0,0
2019-01-24 22:39:09.398945,13087761,20,0,2019-01-24 03:39:09, 전동드릴 고민이군요 @_@ ,2037,2,0,0
2019-01-24 23:39:14.611392,13087761,20,0,2019-01-24 03:39:09, 전동드릴 고민이군요 @_@ ,2039,2,0,0
2019-01-25 00:39:19.633668,13087761,20,0,2019-01-24 03:39:09, 전동드릴 고민이군요 @_@ ,2042,3,0,0
2019-01-25 01:39:11.955776,13087761,20,0,2019-01-24 03:39:09, 전동드릴 고민이군요 @_@ ,2046,4,0,0
2019-01-25 02:39:17.044658,13087761,20,0,2019-01-24 03:39:09, 전동드릴 고민이군요 @_@ ,2048,2,0,0
2019-01-25 03:39:09.098438,13087761,20,0,2019-01-24 03:39:09, 전동드릴 고민이군요 @_@ ,2048,0,0,0
