check_time,id,post_reply,post_symph,post_time,post_title,post_view,post_view_diff,post_reply_diff,post_symph_diff
2019-01-28 04:05:27.926768,13103122,10,0,2019-01-28 03:05:25, 카광 이런 이야기도 돌고 있죠 ,1505,1505,10,0
2019-01-28 05:05:33.032883,13103122,10,0,2019-01-28 03:05:25, 카광 이런 이야기도 돌고 있죠 ,2037,532,0,0
2019-01-28 06:05:25.105540,13103122,10,0,2019-01-28 03:05:25, 카광 이런 이야기도 돌고 있죠 ,2572,535,0,0
2019-01-28 07:05:30.136833,13103122,10,0,2019-01-28 03:05:25, 카광 이런 이야기도 돌고 있죠 ,3286,714,0,0
2019-01-28 08:05:35.124585,13103122,10,0,2019-01-28 03:05:25, 카광 이런 이야기도 돌고 있죠 ,4307,1021,0,0
2019-01-28 09:05:27.152175,13103122,10,0,2019-01-28 03:05:25, 카광 이런 이야기도 돌고 있죠 ,4983,676,0,0
2019-01-28 10:05:32.273820,13103122,10,0,2019-01-28 03:05:25, 카광 이런 이야기도 돌고 있죠 ,5256,273,0,0
2019-01-28 11:05:37.433580,13103122,10,0,2019-01-28 03:05:25, 카광 이런 이야기도 돌고 있죠 ,5387,131,0,0
2019-01-28 12:05:29.555059,13103122,10,0,2019-01-28 03:05:25, 카광 이런 이야기도 돌고 있죠 ,5464,77,0,0
2019-01-28 13:05:34.840840,13103122,10,0,2019-01-28 03:05:25, 카광 이런 이야기도 돌고 있죠 ,5533,69,0,0
2019-01-28 14:05:26.952093,13103122,10,0,2019-01-28 03:05:25, 카광 이런 이야기도 돌고 있죠 ,5575,42,0,0
2019-01-28 15:05:32.102111,13103122,10,0,2019-01-28 03:05:25, 카광 이런 이야기도 돌고 있죠 ,5589,14,0,0
2019-01-28 16:05:37.243192,13103122,10,0,2019-01-28 03:05:25, 카광 이런 이야기도 돌고 있죠 ,5615,26,0,0
2019-01-28 17:05:29.534735,13103122,10,0,2019-01-28 03:05:25, 카광 이런 이야기도 돌고 있죠 ,5641,26,0,0
2019-01-28 18:05:34.621118,13103122,10,0,2019-01-28 03:05:25, 카광 이런 이야기도 돌고 있죠 ,5658,17,0,0
2019-01-28 19:05:26.645518,13103122,10,0,2019-01-28 03:05:25, 카광 이런 이야기도 돌고 있죠 ,5670,12,0,0
2019-01-28 20:05:31.717795,13103122,10,0,2019-01-28 03:05:25, 카광 이런 이야기도 돌고 있죠 ,5690,20,0,0
2019-01-28 21:05:36.771350,13103122,10,0,2019-01-28 03:05:25, 카광 이런 이야기도 돌고 있죠 ,5701,11,0,0
2019-01-28 22:05:28.821115,13103122,10,0,2019-01-28 03:05:25, 카광 이런 이야기도 돌고 있죠 ,5710,9,0,0
2019-01-28 23:05:33.822911,13103122,10,0,2019-01-28 03:05:25, 카광 이런 이야기도 돌고 있죠 ,5720,10,0,0
2019-01-29 00:05:25.915535,13103122,10,0,2019-01-28 03:05:25, 카광 이런 이야기도 돌고 있죠 ,5735,15,0,0
2019-01-29 01:05:31.016257,13103122,10,0,2019-01-28 03:05:25, 카광 이런 이야기도 돌고 있죠 ,5755,20,0,0
2019-01-29 02:05:36.179054,13103122,10,0,2019-01-28 03:05:25, 카광 이런 이야기도 돌고 있죠 ,5764,9,0,0
2019-01-29 03:05:28.372535,13103122,10,0,2019-01-28 03:05:25, 카광 이런 이야기도 돌고 있죠 ,5770,6,0,0
