check_time,id,post_reply,post_symph,post_time,post_title,post_view,post_view_diff,post_reply_diff,post_symph_diff
2019-01-28 04:36:51.391669,13103133,3,1,2019-01-28 03:36:49, 이제 유튭 채널구독은 더욱 보수적으로 하게 될것같네요. ,493,493,3,1
2019-01-28 05:36:56.332176,13103133,4,1,2019-01-28 03:36:49, 이제 유튭 채널구독은 더욱 보수적으로 하게 될것같네요. ,692,199,1,0
2019-01-28 06:37:01.388121,13103133,4,1,2019-01-28 03:36:49, 이제 유튭 채널구독은 더욱 보수적으로 하게 될것같네요. ,848,156,0,0
2019-01-28 07:36:53.508626,13103133,4,1,2019-01-28 03:36:49, 이제 유튭 채널구독은 더욱 보수적으로 하게 될것같네요. ,1056,208,0,0
2019-01-28 08:36:58.855871,13103133,4,1,2019-01-28 03:36:49, 이제 유튭 채널구독은 더욱 보수적으로 하게 될것같네요. ,1254,198,0,0
2019-01-28 09:36:50.992601,13103133,4,1,2019-01-28 03:36:49, 이제 유튭 채널구독은 더욱 보수적으로 하게 될것같네요. ,1307,53,0,0
2019-01-28 10:36:56.189906,13103133,4,1,2019-01-28 03:36:49, 이제 유튭 채널구독은 더욱 보수적으로 하게 될것같네요. ,1327,20,0,0
2019-01-28 11:37:01.480582,13103133,4,1,2019-01-28 03:36:49, 이제 유튭 채널구독은 더욱 보수적으로 하게 될것같네요. ,1340,13,0,0
2019-01-28 12:36:53.727295,13103133,4,1,2019-01-28 03:36:49, 이제 유튭 채널구독은 더욱 보수적으로 하게 될것같네요. ,1351,11,0,0
2019-01-28 13:36:58.906303,13103133,4,1,2019-01-28 03:36:49, 이제 유튭 채널구독은 더욱 보수적으로 하게 될것같네요. ,1357,6,0,0
2019-01-28 14:36:50.914142,13103133,4,1,2019-01-28 03:36:49, 이제 유튭 채널구독은 더욱 보수적으로 하게 될것같네요. ,1360,3,0,0
2019-01-28 15:36:56.057859,13103133,4,1,2019-01-28 03:36:49, 이제 유튭 채널구독은 더욱 보수적으로 하게 될것같네요. ,1362,2,0,0
2019-01-28 16:37:01.127015,13103133,4,1,2019-01-28 03:36:49, 이제 유튭 채널구독은 더욱 보수적으로 하게 될것같네요. ,1367,5,0,0
2019-01-28 17:36:53.222904,13103133,4,1,2019-01-28 03:36:49, 이제 유튭 채널구독은 더욱 보수적으로 하게 될것같네요. ,1372,5,0,0
2019-01-28 18:36:58.272816,13103133,4,1,2019-01-28 03:36:49, 이제 유튭 채널구독은 더욱 보수적으로 하게 될것같네요. ,1373,1,0,0
2019-01-28 19:36:50.416732,13103133,4,1,2019-01-28 03:36:49, 이제 유튭 채널구독은 더욱 보수적으로 하게 될것같네요. ,1374,1,0,0
2019-01-28 20:36:55.498268,13103133,4,1,2019-01-28 03:36:49, 이제 유튭 채널구독은 더욱 보수적으로 하게 될것같네요. ,1375,1,0,0
2019-01-28 21:37:00.536343,13103133,4,1,2019-01-28 03:36:49, 이제 유튭 채널구독은 더욱 보수적으로 하게 될것같네요. ,1377,2,0,0
2019-01-28 22:36:52.593786,13103133,4,1,2019-01-28 03:36:49, 이제 유튭 채널구독은 더욱 보수적으로 하게 될것같네요. ,1378,1,0,0
2019-01-28 23:36:57.747428,13103133,4,1,2019-01-28 03:36:49, 이제 유튭 채널구독은 더욱 보수적으로 하게 될것같네요. ,1379,1,0,0
2019-01-29 00:36:50.220510,13103133,4,1,2019-01-28 03:36:49, 이제 유튭 채널구독은 더욱 보수적으로 하게 될것같네요. ,1381,2,0,0
2019-01-29 01:36:55.815133,13103133,4,1,2019-01-28 03:36:49, 이제 유튭 채널구독은 더욱 보수적으로 하게 될것같네요. ,1384,3,0,0
2019-01-29 02:37:01.071217,13103133,4,1,2019-01-28 03:36:49, 이제 유튭 채널구독은 더욱 보수적으로 하게 될것같네요. ,1388,4,0,0
2019-01-29 03:36:53.453909,13103133,4,1,2019-01-28 03:36:49, 이제 유튭 채널구독은 더욱 보수적으로 하게 될것같네요. ,1391,3,0,0
