check_time,id,post_reply,post_symph,post_time,post_title,post_view,post_view_diff,post_reply_diff,post_symph_diff
2019-01-31 04:31:02.282548,13114957,14,0,2019-01-31 03:30:55, 미국 위스콘신 일리노이 날씨 수준이 거의 ,681,681,14,0
2019-01-31 05:31:07.473228,13114957,15,0,2019-01-31 03:30:55, 미국 위스콘신 일리노이 날씨 수준이 거의 ,1167,486,1,0
2019-01-31 06:30:59.492279,13114957,17,0,2019-01-31 03:30:55, 미국 위스콘신 일리노이 날씨 수준이 거의 ,1699,532,2,0
2019-01-31 07:31:04.505464,13114957,17,0,2019-01-31 03:30:55, 미국 위스콘신 일리노이 날씨 수준이 거의 ,2243,544,0,0
2019-01-31 08:30:56.517169,13114957,17,0,2019-01-31 03:30:55, 미국 위스콘신 일리노이 날씨 수준이 거의 ,2559,316,0,0
2019-01-31 09:31:01.556189,13114957,17,0,2019-01-31 03:30:55, 미국 위스콘신 일리노이 날씨 수준이 거의 ,2698,139,0,0
2019-01-31 10:31:06.623331,13114957,17,0,2019-01-31 03:30:55, 미국 위스콘신 일리노이 날씨 수준이 거의 ,2756,58,0,0
2019-01-31 11:30:58.888756,13114957,17,0,2019-01-31 03:30:55, 미국 위스콘신 일리노이 날씨 수준이 거의 ,2769,13,0,0
2019-01-31 12:31:03.948954,13114957,17,0,2019-01-31 03:30:55, 미국 위스콘신 일리노이 날씨 수준이 거의 ,2783,14,0,0
2019-01-31 13:30:56.167733,13114957,17,0,2019-01-31 03:30:55, 미국 위스콘신 일리노이 날씨 수준이 거의 ,2790,7,0,0
2019-01-31 14:31:01.198533,13114957,17,0,2019-01-31 03:30:55, 미국 위스콘신 일리노이 날씨 수준이 거의 ,2796,6,0,0
2019-01-31 15:31:06.388612,13114957,17,0,2019-01-31 03:30:55, 미국 위스콘신 일리노이 날씨 수준이 거의 ,2799,3,0,0
2019-01-31 16:30:58.796824,13114957,17,0,2019-01-31 03:30:55, 미국 위스콘신 일리노이 날씨 수준이 거의 ,2804,5,0,0
2019-01-31 17:31:04.069497,13114957,17,0,2019-01-31 03:30:55, 미국 위스콘신 일리노이 날씨 수준이 거의 ,2808,4,0,0
2019-01-31 18:30:56.221412,13114957,17,0,2019-01-31 03:30:55, 미국 위스콘신 일리노이 날씨 수준이 거의 ,2809,1,0,0
2019-01-31 19:31:01.590805,13114957,17,0,2019-01-31 03:30:55, 미국 위스콘신 일리노이 날씨 수준이 거의 ,2812,3,0,0
2019-01-31 20:31:06.729805,13114957,17,0,2019-01-31 03:30:55, 미국 위스콘신 일리노이 날씨 수준이 거의 ,2813,1,0,0
2019-01-31 21:30:58.748546,13114957,17,0,2019-01-31 03:30:55, 미국 위스콘신 일리노이 날씨 수준이 거의 ,2815,2,0,0
2019-01-31 22:31:03.927305,13114957,17,0,2019-01-31 03:30:55, 미국 위스콘신 일리노이 날씨 수준이 거의 ,2816,1,0,0
2019-01-31 23:30:55.968641,13114957,17,0,2019-01-31 03:30:55, 미국 위스콘신 일리노이 날씨 수준이 거의 ,2820,4,0,0
2019-02-01 00:31:01.006001,13114957,17,0,2019-01-31 03:30:55, 미국 위스콘신 일리노이 날씨 수준이 거의 ,2821,1,0,0
2019-02-01 01:31:06.013148,13114957,17,0,2019-01-31 03:30:55, 미국 위스콘신 일리노이 날씨 수준이 거의 ,2825,4,0,0
2019-02-01 02:30:58.006689,13114957,17,0,2019-01-31 03:30:55, 미국 위스콘신 일리노이 날씨 수준이 거의 ,2826,1,0,0
2019-02-01 03:31:03.164759,13114957,17,0,2019-01-31 03:30:55, 미국 위스콘신 일리노이 날씨 수준이 거의 ,2828,2,0,0
