check_time,id,post_reply,post_symph,post_time,post_title,post_view,post_view_diff,post_reply_diff,post_symph_diff
2019-01-30 04:26:42.476443,13110532,10,4,2019-01-30 03:26:36, 꿈에서 죽은 강아지가 나왔네요. 떠나기 싫었던 걸까요 ,515,515,10,4
2019-01-30 05:26:47.675198,13110532,10,6,2019-01-30 03:26:36, 꿈에서 죽은 강아지가 나왔네요. 떠나기 싫었던 걸까요 ,761,246,0,2
2019-01-30 06:26:39.747532,13110532,10,6,2019-01-30 03:26:36, 꿈에서 죽은 강아지가 나왔네요. 떠나기 싫었던 걸까요 ,1010,249,0,0
2019-01-30 07:26:44.886632,13110532,12,6,2019-01-30 03:26:36, 꿈에서 죽은 강아지가 나왔네요. 떠나기 싫었던 걸까요 ,1467,457,2,0
2019-01-30 08:26:36.833629,13110532,13,8,2019-01-30 03:26:36, 꿈에서 죽은 강아지가 나왔네요. 떠나기 싫었던 걸까요 ,1978,511,1,2
2019-01-30 09:26:41.899941,13110532,13,11,2019-01-30 03:26:36, 꿈에서 죽은 강아지가 나왔네요. 떠나기 싫었던 걸까요 ,2228,250,0,3
2019-01-30 10:26:47.009816,13110532,13,11,2019-01-30 03:26:36, 꿈에서 죽은 강아지가 나왔네요. 떠나기 싫었던 걸까요 ,2354,126,0,0
2019-01-30 11:26:39.123835,13110532,13,11,2019-01-30 03:26:36, 꿈에서 죽은 강아지가 나왔네요. 떠나기 싫었던 걸까요 ,2410,56,0,0
2019-01-30 12:26:44.242041,13110532,13,11,2019-01-30 03:26:36, 꿈에서 죽은 강아지가 나왔네요. 떠나기 싫었던 걸까요 ,2458,48,0,0
2019-01-30 13:26:36.295362,13110532,13,11,2019-01-30 03:26:36, 꿈에서 죽은 강아지가 나왔네요. 떠나기 싫었던 걸까요 ,2496,38,0,0
2019-01-30 14:26:41.333730,13110532,13,11,2019-01-30 03:26:36, 꿈에서 죽은 강아지가 나왔네요. 떠나기 싫었던 걸까요 ,2536,40,0,0
2019-01-30 15:26:46.380088,13110532,13,11,2019-01-30 03:26:36, 꿈에서 죽은 강아지가 나왔네요. 떠나기 싫었던 걸까요 ,2555,19,0,0
2019-01-30 16:26:38.403541,13110532,13,11,2019-01-30 03:26:36, 꿈에서 죽은 강아지가 나왔네요. 떠나기 싫었던 걸까요 ,2565,10,0,0
2019-01-30 17:26:43.493114,13110532,13,11,2019-01-30 03:26:36, 꿈에서 죽은 강아지가 나왔네요. 떠나기 싫었던 걸까요 ,2571,6,0,0
2019-01-30 18:26:48.585784,13110532,13,11,2019-01-30 03:26:36, 꿈에서 죽은 강아지가 나왔네요. 떠나기 싫었던 걸까요 ,2578,7,0,0
2019-01-30 19:26:40.671905,13110532,13,11,2019-01-30 03:26:36, 꿈에서 죽은 강아지가 나왔네요. 떠나기 싫었던 걸까요 ,2581,3,0,0
2019-01-30 20:26:45.823065,13110532,13,11,2019-01-30 03:26:36, 꿈에서 죽은 강아지가 나왔네요. 떠나기 싫었던 걸까요 ,2584,3,0,0
2019-01-30 21:26:37.984797,13110532,13,11,2019-01-30 03:26:36, 꿈에서 죽은 강아지가 나왔네요. 떠나기 싫었던 걸까요 ,2585,1,0,0
2019-01-30 22:26:43.215493,13110532,13,11,2019-01-30 03:26:36, 꿈에서 죽은 강아지가 나왔네요. 떠나기 싫었던 걸까요 ,2588,3,0,0
2019-01-30 23:26:48.313067,13110532,13,11,2019-01-30 03:26:36, 꿈에서 죽은 강아지가 나왔네요. 떠나기 싫었던 걸까요 ,2591,3,0,0
2019-01-31 00:26:40.427022,13110532,13,11,2019-01-30 03:26:36, 꿈에서 죽은 강아지가 나왔네요. 떠나기 싫었던 걸까요 ,2592,1,0,0
2019-01-31 01:26:45.555321,13110532,13,11,2019-01-30 03:26:36, 꿈에서 죽은 강아지가 나왔네요. 떠나기 싫었던 걸까요 ,2594,2,0,0
2019-01-31 02:26:37.678033,13110532,13,11,2019-01-30 03:26:36, 꿈에서 죽은 강아지가 나왔네요. 떠나기 싫었던 걸까요 ,2596,2,0,0
2019-01-31 03:26:42.843975,13110532,13,11,2019-01-30 03:26:36, 꿈에서 죽은 강아지가 나왔네요. 떠나기 싫었던 걸까요 ,2598,2,0,0
