check_time,id,post_reply,post_symph,post_time,post_title,post_view,post_view_diff,post_reply_diff,post_symph_diff
2019-01-25 04:12:00.829651,13092211,15,4,2019-01-25 03:11:56, 사람 여럿 보내버린 댓가를 치루는 손폐미 사장 ,1066,1066,15,4
2019-01-25 05:12:06.164524,13092211,17,4,2019-01-25 03:11:56, 사람 여럿 보내버린 댓가를 치루는 손폐미 사장 ,1368,302,2,0
2019-01-25 06:11:58.731385,13092211,18,5,2019-01-25 03:11:56, 사람 여럿 보내버린 댓가를 치루는 손폐미 사장 ,1669,301,1,1
2019-01-25 07:12:03.859791,13092211,20,6,2019-01-25 03:11:56, 사람 여럿 보내버린 댓가를 치루는 손폐미 사장 ,2215,546,2,1
2019-01-25 08:11:56.199641,13092211,22,7,2019-01-25 03:11:56, 사람 여럿 보내버린 댓가를 치루는 손폐미 사장 ,2918,703,2,1
2019-01-25 09:12:01.519610,13092211,24,7,2019-01-25 03:11:56, 사람 여럿 보내버린 댓가를 치루는 손폐미 사장 ,3249,331,2,0
2019-01-25 10:12:06.792355,13092211,24,7,2019-01-25 03:11:56, 사람 여럿 보내버린 댓가를 치루는 손폐미 사장 ,3405,156,0,0
2019-01-25 11:11:59.557514,13092211,24,7,2019-01-25 03:11:56, 사람 여럿 보내버린 댓가를 치루는 손폐미 사장 ,3477,72,0,0
2019-01-25 12:12:04.635505,13092211,24,7,2019-01-25 03:11:56, 사람 여럿 보내버린 댓가를 치루는 손폐미 사장 ,3514,37,0,0
2019-01-25 13:11:58.521085,13092211,24,7,2019-01-25 03:11:56, 사람 여럿 보내버린 댓가를 치루는 손폐미 사장 ,3542,28,0,0
2019-01-25 14:12:03.902428,13092211,24,7,2019-01-25 03:11:56, 사람 여럿 보내버린 댓가를 치루는 손폐미 사장 ,3560,18,0,0
2019-01-25 15:11:56.716643,13092211,25,8,2019-01-25 03:11:56, 사람 여럿 보내버린 댓가를 치루는 손폐미 사장 ,3580,20,1,1
2019-01-25 16:12:01.743530,13092211,25,8,2019-01-25 03:11:56, 사람 여럿 보내버린 댓가를 치루는 손폐미 사장 ,3593,13,0,0
2019-01-25 17:12:06.755468,13092211,25,8,2019-01-25 03:11:56, 사람 여럿 보내버린 댓가를 치루는 손폐미 사장 ,3599,6,0,0
2019-01-25 18:11:58.823069,13092211,25,8,2019-01-25 03:11:56, 사람 여럿 보내버린 댓가를 치루는 손폐미 사장 ,3606,7,0,0
2019-01-25 19:12:03.930471,13092211,25,8,2019-01-25 03:11:56, 사람 여럿 보내버린 댓가를 치루는 손폐미 사장 ,3613,7,0,0
2019-01-25 20:12:08.983424,13092211,25,8,2019-01-25 03:11:56, 사람 여럿 보내버린 댓가를 치루는 손폐미 사장 ,3618,5,0,0
2019-01-25 21:12:01.053554,13092211,25,8,2019-01-25 03:11:56, 사람 여럿 보내버린 댓가를 치루는 손폐미 사장 ,3622,4,0,0
2019-01-25 22:12:06.110472,13092211,25,8,2019-01-25 03:11:56, 사람 여럿 보내버린 댓가를 치루는 손폐미 사장 ,3627,5,0,0
2019-01-25 23:11:58.163869,13092211,25,8,2019-01-25 03:11:56, 사람 여럿 보내버린 댓가를 치루는 손폐미 사장 ,3636,9,0,0
2019-01-26 00:12:03.364557,13092211,25,8,2019-01-25 03:11:56, 사람 여럿 보내버린 댓가를 치루는 손폐미 사장 ,3637,1,0,0
2019-01-26 01:12:08.510730,13092211,25,8,2019-01-25 03:11:56, 사람 여럿 보내버린 댓가를 치루는 손폐미 사장 ,3642,5,0,0
2019-01-26 02:12:00.557965,13092211,25,8,2019-01-25 03:11:56, 사람 여럿 보내버린 댓가를 치루는 손폐미 사장 ,3644,2,0,0
2019-01-26 03:12:05.624596,13092211,25,8,2019-01-25 03:11:56, 사람 여럿 보내버린 댓가를 치루는 손폐미 사장 ,3646,2,0,0
