check_time,id,post_reply,post_symph,post_time,post_title,post_view,post_view_diff,post_reply_diff,post_symph_diff
2019-01-24 04:36:40.390929,13087760,2,0,2019-01-24 03:36:29, 박수를 세상에서 제일 빨리치는 남자.avi ,595,595,2,0
2019-01-24 05:36:32.683913,13087760,3,0,2019-01-24 03:36:29, 박수를 세상에서 제일 빨리치는 남자.avi ,850,255,1,0
2019-01-24 06:36:37.834155,13087760,3,0,2019-01-24 03:36:29, 박수를 세상에서 제일 빨리치는 남자.avi ,1207,357,0,0
2019-01-24 07:36:29.880758,13087760,3,0,2019-01-24 03:36:29, 박수를 세상에서 제일 빨리치는 남자.avi ,1675,468,0,0
2019-01-24 08:36:35.163189,13087760,3,0,2019-01-24 03:36:29, 박수를 세상에서 제일 빨리치는 남자.avi ,2006,331,0,0
2019-01-24 09:36:40.285920,13087760,3,0,2019-01-24 03:36:29, 박수를 세상에서 제일 빨리치는 남자.avi ,2161,155,0,0
2019-01-24 10:36:32.386914,13087760,3,0,2019-01-24 03:36:29, 박수를 세상에서 제일 빨리치는 남자.avi ,2219,58,0,0
2019-01-24 11:36:37.520635,13087760,3,0,2019-01-24 03:36:29, 박수를 세상에서 제일 빨리치는 남자.avi ,2229,10,0,0
2019-01-24 12:36:29.538210,13087760,3,0,2019-01-24 03:36:29, 박수를 세상에서 제일 빨리치는 남자.avi ,2249,20,0,0
2019-01-24 13:36:34.555771,13087760,3,0,2019-01-24 03:36:29, 박수를 세상에서 제일 빨리치는 남자.avi ,2260,11,0,0
2019-01-24 14:36:39.612894,13087760,3,0,2019-01-24 03:36:29, 박수를 세상에서 제일 빨리치는 남자.avi ,2267,7,0,0
2019-01-24 15:36:31.719499,13087760,3,0,2019-01-24 03:36:29, 박수를 세상에서 제일 빨리치는 남자.avi ,2278,11,0,0
2019-01-24 16:36:36.721934,13087760,3,0,2019-01-24 03:36:29, 박수를 세상에서 제일 빨리치는 남자.avi ,2284,6,0,0
2019-01-24 17:36:41.778516,13087760,3,0,2019-01-24 03:36:29, 박수를 세상에서 제일 빨리치는 남자.avi ,2286,2,0,0
2019-01-24 18:36:34.033471,13087760,3,0,2019-01-24 03:36:29, 박수를 세상에서 제일 빨리치는 남자.avi ,2293,7,0,0
2019-01-24 19:36:39.066749,13087760,3,0,2019-01-24 03:36:29, 박수를 세상에서 제일 빨리치는 남자.avi ,2297,4,0,0
2019-01-24 20:36:31.048360,13087760,3,0,2019-01-24 03:36:29, 박수를 세상에서 제일 빨리치는 남자.avi ,2304,7,0,0
2019-01-24 21:36:36.201029,13087760,3,0,2019-01-24 03:36:29, 박수를 세상에서 제일 빨리치는 남자.avi ,2305,1,0,0
2019-01-24 22:36:41.292467,13087760,3,0,2019-01-24 03:36:29, 박수를 세상에서 제일 빨리치는 남자.avi ,2309,4,0,0
2019-01-24 23:36:33.290475,13087760,3,0,2019-01-24 03:36:29, 박수를 세상에서 제일 빨리치는 남자.avi ,2316,7,0,0
2019-01-25 00:36:38.297027,13087760,3,0,2019-01-24 03:36:29, 박수를 세상에서 제일 빨리치는 남자.avi ,2320,4,0,0
2019-01-25 01:36:30.306782,13087760,3,0,2019-01-24 03:36:29, 박수를 세상에서 제일 빨리치는 남자.avi ,2323,3,0,0
2019-01-25 02:36:35.365798,13087760,3,0,2019-01-24 03:36:29, 박수를 세상에서 제일 빨리치는 남자.avi ,2325,2,0,0
2019-01-25 03:36:40.387846,13087760,3,0,2019-01-24 03:36:29, 박수를 세상에서 제일 빨리치는 남자.avi ,2326,1,0,0
