check_time,id,post_reply,post_symph,post_time,post_title,post_view,post_view_diff,post_reply_diff,post_symph_diff
2019-01-30 04:39:37.690199,13110542,7,0,2019-01-30 03:39:36, 신기하게 롯데월드타워 맨꼭대기에는 난간도 없네요. ,824,824,7,0
2019-01-30 05:39:42.917488,13110542,7,0,2019-01-30 03:39:36, 신기하게 롯데월드타워 맨꼭대기에는 난간도 없네요. ,1257,433,0,0
2019-01-30 06:39:47.967275,13110542,7,0,2019-01-30 03:39:36, 신기하게 롯데월드타워 맨꼭대기에는 난간도 없네요. ,1928,671,0,0
2019-01-30 07:39:39.997675,13110542,8,0,2019-01-30 03:39:36, 신기하게 롯데월드타워 맨꼭대기에는 난간도 없네요. ,2817,889,1,0
2019-01-30 08:39:45.000291,13110542,8,0,2019-01-30 03:39:36, 신기하게 롯데월드타워 맨꼭대기에는 난간도 없네요. ,3565,748,0,0
2019-01-30 09:39:37.100922,13110542,8,0,2019-01-30 03:39:36, 신기하게 롯데월드타워 맨꼭대기에는 난간도 없네요. ,3870,305,0,0
2019-01-30 10:39:42.213563,13110542,8,0,2019-01-30 03:39:36, 신기하게 롯데월드타워 맨꼭대기에는 난간도 없네요. ,4016,146,0,0
2019-01-30 11:39:47.522515,13110542,8,0,2019-01-30 03:39:36, 신기하게 롯데월드타워 맨꼭대기에는 난간도 없네요. ,4092,76,0,0
2019-01-30 12:39:39.647812,13110542,8,0,2019-01-30 03:39:36, 신기하게 롯데월드타워 맨꼭대기에는 난간도 없네요. ,4145,53,0,0
2019-01-30 13:39:45.440212,13110542,8,0,2019-01-30 03:39:36, 신기하게 롯데월드타워 맨꼭대기에는 난간도 없네요. ,4201,56,0,0
2019-01-30 14:39:37.573466,13110542,8,0,2019-01-30 03:39:36, 신기하게 롯데월드타워 맨꼭대기에는 난간도 없네요. ,4225,24,0,0
2019-01-30 15:39:42.833925,13110542,8,0,2019-01-30 03:39:36, 신기하게 롯데월드타워 맨꼭대기에는 난간도 없네요. ,4237,12,0,0
2019-01-30 16:39:48.184245,13110542,8,0,2019-01-30 03:39:36, 신기하게 롯데월드타워 맨꼭대기에는 난간도 없네요. ,4247,10,0,0
2019-01-30 17:39:40.433450,13110542,8,0,2019-01-30 03:39:36, 신기하게 롯데월드타워 맨꼭대기에는 난간도 없네요. ,4250,3,0,0
2019-01-30 18:39:45.420017,13110542,8,0,2019-01-30 03:39:36, 신기하게 롯데월드타워 맨꼭대기에는 난간도 없네요. ,4257,7,0,0
2019-01-30 19:39:37.446666,13110542,8,0,2019-01-30 03:39:36, 신기하게 롯데월드타워 맨꼭대기에는 난간도 없네요. ,4259,2,0,0
2019-01-30 20:39:42.526222,13110542,8,0,2019-01-30 03:39:36, 신기하게 롯데월드타워 맨꼭대기에는 난간도 없네요. ,4263,4,0,0
2019-01-30 21:39:47.642861,13110542,8,0,2019-01-30 03:39:36, 신기하게 롯데월드타워 맨꼭대기에는 난간도 없네요. ,4265,2,0,0
2019-01-30 22:39:39.744695,13110542,8,0,2019-01-30 03:39:36, 신기하게 롯데월드타워 맨꼭대기에는 난간도 없네요. ,4268,3,0,0
2019-01-30 23:39:44.850335,13110542,8,0,2019-01-30 03:39:36, 신기하게 롯데월드타워 맨꼭대기에는 난간도 없네요. ,4269,1,0,0
2019-01-31 00:39:37.017710,13110542,8,0,2019-01-30 03:39:36, 신기하게 롯데월드타워 맨꼭대기에는 난간도 없네요. ,4274,5,0,0
2019-01-31 01:39:42.024075,13110542,8,0,2019-01-30 03:39:36, 신기하게 롯데월드타워 맨꼭대기에는 난간도 없네요. ,4276,2,0,0
2019-01-31 02:39:47.071938,13110542,8,0,2019-01-30 03:39:36, 신기하게 롯데월드타워 맨꼭대기에는 난간도 없네요. ,4277,1,0,0
2019-01-31 03:39:39.062801,13110542,8,0,2019-01-30 03:39:36, 신기하게 롯데월드타워 맨꼭대기에는 난간도 없네요. ,4280,3,0,0
