check_time,id,post_reply,post_symph,post_time,post_title,post_view,post_view_diff,post_reply_diff,post_symph_diff
2019-01-30 04:55:05.254852,13110552,3,0,2019-01-30 03:55:02, SKB 반기가 Fast.com ,370,370,3,0
2019-01-30 05:55:10.340761,13110552,3,0,2019-01-30 03:55:02, SKB 반기가 Fast.com ,552,182,0,0
2019-01-30 06:55:02.520033,13110552,3,0,2019-01-30 03:55:02, SKB 반기가 Fast.com ,813,261,0,0
2019-01-30 07:55:07.660269,13110552,3,0,2019-01-30 03:55:02, SKB 반기가 Fast.com ,1132,319,0,0
2019-01-30 08:55:12.790965,13110552,3,0,2019-01-30 03:55:02, SKB 반기가 Fast.com ,1305,173,0,0
2019-01-30 09:55:05.006382,13110552,3,0,2019-01-30 03:55:02, SKB 반기가 Fast.com ,1374,69,0,0
2019-01-30 10:55:10.084016,13110552,3,0,2019-01-30 03:55:02, SKB 반기가 Fast.com ,1390,16,0,0
2019-01-30 11:55:02.110624,13110552,3,0,2019-01-30 03:55:02, SKB 반기가 Fast.com ,1397,7,0,0
2019-01-30 12:55:07.244049,13110552,3,0,2019-01-30 03:55:02, SKB 반기가 Fast.com ,1403,6,0,0
2019-01-30 13:55:12.317609,13110552,3,0,2019-01-30 03:55:02, SKB 반기가 Fast.com ,1404,1,0,0
2019-01-30 14:55:04.319756,13110552,3,0,2019-01-30 03:55:02, SKB 반기가 Fast.com ,1410,6,0,0
2019-01-30 15:55:09.385937,13110552,3,0,2019-01-30 03:55:02, SKB 반기가 Fast.com ,1413,3,0,0
2019-01-30 16:55:14.512858,13110552,3,0,2019-01-30 03:55:02, SKB 반기가 Fast.com ,1415,2,0,0
2019-01-30 17:55:06.623365,13110552,3,0,2019-01-30 03:55:02, SKB 반기가 Fast.com ,1416,1,0,0
2019-01-30 18:55:11.716801,13110552,3,0,2019-01-30 03:55:02, SKB 반기가 Fast.com ,1419,3,0,0
2019-01-30 19:55:03.902895,13110552,3,0,2019-01-30 03:55:02, SKB 반기가 Fast.com ,1422,3,0,0
2019-01-30 20:55:09.205204,13110552,3,0,2019-01-30 03:55:02, SKB 반기가 Fast.com ,1424,2,0,0
2019-01-30 21:55:14.253918,13110552,3,0,2019-01-30 03:55:02, SKB 반기가 Fast.com ,1427,3,0,0
2019-01-30 22:55:06.280502,13110552,3,0,2019-01-30 03:55:02, SKB 반기가 Fast.com ,1429,2,0,0
2019-01-30 23:55:11.335319,13110552,3,0,2019-01-30 03:55:02, SKB 반기가 Fast.com ,1431,2,0,0
2019-01-31 00:55:03.392744,13110552,3,0,2019-01-30 03:55:02, SKB 반기가 Fast.com ,1434,3,0,0
2019-01-31 01:55:08.528316,13110552,3,0,2019-01-30 03:55:02, SKB 반기가 Fast.com ,1435,1,0,0
2019-01-31 02:55:13.670136,13110552,3,0,2019-01-30 03:55:02, SKB 반기가 Fast.com ,1436,1,0,0
2019-01-31 03:55:05.773031,13110552,3,0,2019-01-30 03:55:02, SKB 반기가 Fast.com ,1437,1,0,0
