check_time,id,post_reply,post_symph,post_time,post_title,post_view,post_view_diff,post_reply_diff,post_symph_diff
2019-01-30 04:04:32.063462,13110522,4,2,2019-01-30 03:04:24, 훌쩍 떠나고 싶네요 ,294,294,4,2
2019-01-30 05:04:24.041627,13110522,6,2,2019-01-30 03:04:24, 훌쩍 떠나고 싶네요 ,384,90,2,0
2019-01-30 06:04:29.045032,13110522,6,2,2019-01-30 03:04:24, 훌쩍 떠나고 싶네요 ,455,71,0,0
2019-01-30 07:04:34.083903,13110522,6,2,2019-01-30 03:04:24, 훌쩍 떠나고 싶네요 ,535,80,0,0
2019-01-30 08:04:26.100432,13110522,6,2,2019-01-30 03:04:24, 훌쩍 떠나고 싶네요 ,651,116,0,0
2019-01-30 09:04:31.240711,13110522,6,2,2019-01-30 03:04:24, 훌쩍 떠나고 싶네요 ,709,58,0,0
2019-01-30 10:04:36.378782,13110522,6,2,2019-01-30 03:04:24, 훌쩍 떠나고 싶네요 ,737,28,0,0
2019-01-30 11:04:28.462969,13110522,6,2,2019-01-30 03:04:24, 훌쩍 떠나고 싶네요 ,744,7,0,0
2019-01-30 12:04:33.566968,13110522,6,2,2019-01-30 03:04:24, 훌쩍 떠나고 싶네요 ,748,4,0,0
2019-01-30 13:04:25.657009,13110522,6,2,2019-01-30 03:04:24, 훌쩍 떠나고 싶네요 ,752,4,0,0
2019-01-30 14:04:30.683250,13110522,6,2,2019-01-30 03:04:24, 훌쩍 떠나고 싶네요 ,755,3,0,0
2019-01-30 15:04:35.721399,13110522,6,2,2019-01-30 03:04:24, 훌쩍 떠나고 싶네요 ,762,7,0,0
2019-01-30 16:04:27.730239,13110522,6,2,2019-01-30 03:04:24, 훌쩍 떠나고 싶네요 ,763,1,0,0
2019-01-30 17:04:32.755953,13110522,6,2,2019-01-30 03:04:24, 훌쩍 떠나고 싶네요 ,765,2,0,0
2019-01-30 18:04:24.836773,13110522,6,2,2019-01-30 03:04:24, 훌쩍 떠나고 싶네요 ,767,2,0,0
2019-01-30 19:04:30.225469,13110522,6,2,2019-01-30 03:04:24, 훌쩍 떠나고 싶네요 ,769,2,0,0
2019-01-30 20:04:35.329945,13110522,6,2,2019-01-30 03:04:24, 훌쩍 떠나고 싶네요 ,771,2,0,0
2019-01-30 21:04:27.419835,13110522,6,2,2019-01-30 03:04:24, 훌쩍 떠나고 싶네요 ,772,1,0,0
2019-01-30 22:04:32.580026,13110522,6,2,2019-01-30 03:04:24, 훌쩍 떠나고 싶네요 ,776,4,0,0
2019-01-30 23:04:24.608779,13110522,6,2,2019-01-30 03:04:24, 훌쩍 떠나고 싶네요 ,780,4,0,0
2019-01-31 00:04:29.751613,13110522,6,2,2019-01-30 03:04:24, 훌쩍 떠나고 싶네요 ,781,1,0,0
2019-01-31 01:04:34.889599,13110522,6,2,2019-01-30 03:04:24, 훌쩍 떠나고 싶네요 ,782,1,0,0
2019-01-31 02:04:26.958574,13110522,6,2,2019-01-30 03:04:24, 훌쩍 떠나고 싶네요 ,784,2,0,0
2019-01-31 03:04:32.091776,13110522,6,2,2019-01-30 03:04:24, 훌쩍 떠나고 싶네요 ,785,1,0,0
