check_time,id,post_reply,post_symph,post_time,post_title,post_view,post_view_diff,post_reply_diff,post_symph_diff
2019-01-30 04:51:54.652580,13110548,2,0,2019-01-30 03:51:48, 빅뱅에서 태양이 사고를 안쳤다거 생각하는 분들이 많으시네요 ,1330,1330,2,0
2019-01-30 05:51:59.744730,13110548,2,0,2019-01-30 03:51:48, 빅뱅에서 태양이 사고를 안쳤다거 생각하는 분들이 많으시네요 ,2153,823,0,0
2019-01-30 06:51:51.903736,13110548,3,0,2019-01-30 03:51:48, 빅뱅에서 태양이 사고를 안쳤다거 생각하는 분들이 많으시네요 ,3501,1348,1,0
2019-01-30 07:51:56.987084,13110548,3,0,2019-01-30 03:51:48, 빅뱅에서 태양이 사고를 안쳤다거 생각하는 분들이 많으시네요 ,5204,1703,0,0
2019-01-30 08:51:49.019555,13110548,3,0,2019-01-30 03:51:48, 빅뱅에서 태양이 사고를 안쳤다거 생각하는 분들이 많으시네요 ,6485,1281,0,0
2019-01-30 09:51:54.115945,13110548,3,0,2019-01-30 03:51:48, 빅뱅에서 태양이 사고를 안쳤다거 생각하는 분들이 많으시네요 ,7017,532,0,0
2019-01-30 10:51:59.102168,13110548,3,0,2019-01-30 03:51:48, 빅뱅에서 태양이 사고를 안쳤다거 생각하는 분들이 많으시네요 ,7234,217,0,0
2019-01-30 11:51:51.213496,13110548,3,0,2019-01-30 03:51:48, 빅뱅에서 태양이 사고를 안쳤다거 생각하는 분들이 많으시네요 ,7355,121,0,0
2019-01-30 12:51:56.268964,13110548,3,0,2019-01-30 03:51:48, 빅뱅에서 태양이 사고를 안쳤다거 생각하는 분들이 많으시네요 ,7462,107,0,0
2019-01-30 13:51:48.333622,13110548,3,0,2019-01-30 03:51:48, 빅뱅에서 태양이 사고를 안쳤다거 생각하는 분들이 많으시네요 ,7532,70,0,0
2019-01-30 14:51:53.340419,13110548,3,0,2019-01-30 03:51:48, 빅뱅에서 태양이 사고를 안쳤다거 생각하는 분들이 많으시네요 ,7579,47,0,0
2019-01-30 15:51:58.332509,13110548,3,0,2019-01-30 03:51:48, 빅뱅에서 태양이 사고를 안쳤다거 생각하는 분들이 많으시네요 ,7605,26,0,0
2019-01-30 16:51:50.331941,13110548,3,0,2019-01-30 03:51:48, 빅뱅에서 태양이 사고를 안쳤다거 생각하는 분들이 많으시네요 ,7614,9,0,0
2019-01-30 17:51:55.369976,13110548,3,0,2019-01-30 03:51:48, 빅뱅에서 태양이 사고를 안쳤다거 생각하는 분들이 많으시네요 ,7619,5,0,0
2019-01-30 18:52:00.409588,13110548,3,0,2019-01-30 03:51:48, 빅뱅에서 태양이 사고를 안쳤다거 생각하는 분들이 많으시네요 ,7626,7,0,0
2019-01-30 19:51:52.413488,13110548,3,0,2019-01-30 03:51:48, 빅뱅에서 태양이 사고를 안쳤다거 생각하는 분들이 많으시네요 ,7629,3,0,0
2019-01-30 20:51:57.442878,13110548,3,0,2019-01-30 03:51:48, 빅뱅에서 태양이 사고를 안쳤다거 생각하는 분들이 많으시네요 ,7631,2,0,0
2019-01-30 21:51:49.453356,13110548,3,0,2019-01-30 03:51:48, 빅뱅에서 태양이 사고를 안쳤다거 생각하는 분들이 많으시네요 ,7635,4,0,0
2019-01-30 22:51:54.584255,13110548,3,0,2019-01-30 03:51:48, 빅뱅에서 태양이 사고를 안쳤다거 생각하는 분들이 많으시네요 ,7641,6,0,0
2019-01-30 23:51:59.594052,13110548,3,0,2019-01-30 03:51:48, 빅뱅에서 태양이 사고를 안쳤다거 생각하는 분들이 많으시네요 ,7645,4,0,0
2019-01-31 00:51:51.699915,13110548,3,0,2019-01-30 03:51:48, 빅뱅에서 태양이 사고를 안쳤다거 생각하는 분들이 많으시네요 ,7648,3,0,0
2019-01-31 01:51:56.791466,13110548,3,0,2019-01-30 03:51:48, 빅뱅에서 태양이 사고를 안쳤다거 생각하는 분들이 많으시네요 ,7651,3,0,0
2019-01-31 02:51:48.843412,13110548,3,0,2019-01-30 03:51:48, 빅뱅에서 태양이 사고를 안쳤다거 생각하는 분들이 많으시네요 ,7652,1,0,0
2019-01-31 03:51:54.337218,13110548,3,0,2019-01-30 03:51:48, 빅뱅에서 태양이 사고를 안쳤다거 생각하는 분들이 많으시네요 ,7654,2,0,0
