check_time,id,post_reply,post_symph,post_time,post_title,post_view,post_view_diff,post_reply_diff,post_symph_diff
2019-01-27 04:55:34.569653,13100159,0,0,2019-01-27 03:55:22, 오늘 이이제이를 들으며 든 생각 2가지.. ,459,459,0,0
2019-01-27 05:55:26.639093,13100159,0,0,2019-01-27 03:55:22, 오늘 이이제이를 들으며 든 생각 2가지.. ,646,187,0,0
2019-01-27 06:55:31.617190,13100159,1,0,2019-01-27 03:55:22, 오늘 이이제이를 들으며 든 생각 2가지.. ,807,161,1,0
2019-01-27 07:55:23.632375,13100159,1,0,2019-01-27 03:55:22, 오늘 이이제이를 들으며 든 생각 2가지.. ,999,192,0,0
2019-01-27 08:55:28.709498,13100159,1,0,2019-01-27 03:55:22, 오늘 이이제이를 들으며 든 생각 2가지.. ,1280,281,0,0
2019-01-27 09:55:33.833692,13100159,1,0,2019-01-27 03:55:22, 오늘 이이제이를 들으며 든 생각 2가지.. ,1457,177,0,0
2019-01-27 10:55:25.873392,13100159,1,0,2019-01-27 03:55:22, 오늘 이이제이를 들으며 든 생각 2가지.. ,1518,61,0,0
2019-01-27 11:55:30.961518,13100159,1,0,2019-01-27 03:55:22, 오늘 이이제이를 들으며 든 생각 2가지.. ,1564,46,0,0
2019-01-27 12:55:23.175856,13100159,1,0,2019-01-27 03:55:22, 오늘 이이제이를 들으며 든 생각 2가지.. ,1582,18,0,0
2019-01-27 13:55:28.476111,13100159,1,0,2019-01-27 03:55:22, 오늘 이이제이를 들으며 든 생각 2가지.. ,1592,10,0,0
2019-01-27 14:55:33.609599,13100159,1,0,2019-01-27 03:55:22, 오늘 이이제이를 들으며 든 생각 2가지.. ,1594,2,0,0
2019-01-27 15:55:25.649288,13100159,1,0,2019-01-27 03:55:22, 오늘 이이제이를 들으며 든 생각 2가지.. ,1597,3,0,0
2019-01-27 16:55:30.698845,13100159,1,0,2019-01-27 03:55:22, 오늘 이이제이를 들으며 든 생각 2가지.. ,1602,5,0,0
2019-01-27 17:55:22.787228,13100159,1,0,2019-01-27 03:55:22, 오늘 이이제이를 들으며 든 생각 2가지.. ,1609,7,0,0
2019-01-27 18:55:27.846822,13100159,1,0,2019-01-27 03:55:22, 오늘 이이제이를 들으며 든 생각 2가지.. ,1613,4,0,0
2019-01-27 19:55:32.985666,13100159,1,0,2019-01-27 03:55:22, 오늘 이이제이를 들으며 든 생각 2가지.. ,1616,3,0,0
2019-01-27 20:55:25.146943,13100159,1,0,2019-01-27 03:55:22, 오늘 이이제이를 들으며 든 생각 2가지.. ,1621,5,0,0
2019-01-27 21:55:30.305488,13100159,1,0,2019-01-27 03:55:22, 오늘 이이제이를 들으며 든 생각 2가지.. ,1622,1,0,0
2019-01-27 22:55:22.449933,13100159,1,0,2019-01-27 03:55:22, 오늘 이이제이를 들으며 든 생각 2가지.. ,1626,4,0,0
2019-01-27 23:55:27.533155,13100159,1,0,2019-01-27 03:55:22, 오늘 이이제이를 들으며 든 생각 2가지.. ,1630,4,0,0
2019-01-28 00:55:32.627120,13100159,1,0,2019-01-27 03:55:22, 오늘 이이제이를 들으며 든 생각 2가지.. ,1631,1,0,0
2019-01-28 01:55:24.623578,13100159,1,0,2019-01-27 03:55:22, 오늘 이이제이를 들으며 든 생각 2가지.. ,1634,3,0,0
2019-01-28 02:55:29.636704,13100159,1,0,2019-01-27 03:55:22, 오늘 이이제이를 들으며 든 생각 2가지.. ,1638,4,0,0
2019-01-28 03:55:34.860208,13100159,1,0,2019-01-27 03:55:22, 오늘 이이제이를 들으며 든 생각 2가지.. ,1638,0,0,0
