check_time,id,post_reply,post_symph,post_time,post_title,post_view,post_view_diff,post_reply_diff,post_symph_diff
2019-01-28 04:11:13.422418,13103124,2,0,2019-01-28 03:11:04, 와.. 아마존 giveaway가 당첨되기도 하는군요. ,743,743,2,0
2019-01-28 05:11:05.532801,13103124,2,0,2019-01-28 03:11:04, 와.. 아마존 giveaway가 당첨되기도 하는군요. ,942,199,0,0
2019-01-28 06:11:10.557927,13103124,2,0,2019-01-28 03:11:04, 와.. 아마존 giveaway가 당첨되기도 하는군요. ,1130,188,0,0
2019-01-28 07:11:15.597517,13103124,2,0,2019-01-28 03:11:04, 와.. 아마존 giveaway가 당첨되기도 하는군요. ,1353,223,0,0
2019-01-28 08:11:07.567310,13103124,2,0,2019-01-28 03:11:04, 와.. 아마존 giveaway가 당첨되기도 하는군요. ,1617,264,0,0
2019-01-28 09:11:12.589338,13103124,2,0,2019-01-28 03:11:04, 와.. 아마존 giveaway가 당첨되기도 하는군요. ,1781,164,0,0
2019-01-28 10:11:04.642965,13103124,2,0,2019-01-28 03:11:04, 와.. 아마존 giveaway가 당첨되기도 하는군요. ,1825,44,0,0
2019-01-28 11:11:09.768696,13103124,2,0,2019-01-28 03:11:04, 와.. 아마존 giveaway가 당첨되기도 하는군요. ,1847,22,0,0
2019-01-28 12:11:14.910637,13103124,2,0,2019-01-28 03:11:04, 와.. 아마존 giveaway가 당첨되기도 하는군요. ,1854,7,0,0
2019-01-28 13:11:07.047915,13103124,2,0,2019-01-28 03:11:04, 와.. 아마존 giveaway가 당첨되기도 하는군요. ,1865,11,0,0
2019-01-28 14:11:12.169637,13103124,2,0,2019-01-28 03:11:04, 와.. 아마존 giveaway가 당첨되기도 하는군요. ,1869,4,0,0
2019-01-28 15:11:04.283114,13103124,2,0,2019-01-28 03:11:04, 와.. 아마존 giveaway가 당첨되기도 하는군요. ,1871,2,0,0
2019-01-28 16:11:09.302348,13103124,2,0,2019-01-28 03:11:04, 와.. 아마존 giveaway가 당첨되기도 하는군요. ,1873,2,0,0
2019-01-28 17:11:14.425465,13103124,2,0,2019-01-28 03:11:04, 와.. 아마존 giveaway가 당첨되기도 하는군요. ,1875,2,0,0
2019-01-28 18:11:06.783603,13103124,2,0,2019-01-28 03:11:04, 와.. 아마존 giveaway가 당첨되기도 하는군요. ,1879,4,0,0
2019-01-28 19:11:11.922711,13103124,2,0,2019-01-28 03:11:04, 와.. 아마존 giveaway가 당첨되기도 하는군요. ,1881,2,0,0
2019-01-28 20:11:04.054107,13103124,2,0,2019-01-28 03:11:04, 와.. 아마존 giveaway가 당첨되기도 하는군요. ,1883,2,0,0
2019-01-28 21:11:09.156299,13103124,2,0,2019-01-28 03:11:04, 와.. 아마존 giveaway가 당첨되기도 하는군요. ,1887,4,0,0
2019-01-28 22:11:14.288710,13103124,2,0,2019-01-28 03:11:04, 와.. 아마존 giveaway가 당첨되기도 하는군요. ,1887,0,0,0
2019-01-28 23:11:06.330526,13103124,2,0,2019-01-28 03:11:04, 와.. 아마존 giveaway가 당첨되기도 하는군요. ,1889,2,0,0
2019-01-29 00:11:11.361027,13103124,2,0,2019-01-28 03:11:04, 와.. 아마존 giveaway가 당첨되기도 하는군요. ,1889,0,0,0
2019-01-29 01:11:16.436505,13103124,2,0,2019-01-28 03:11:04, 와.. 아마존 giveaway가 당첨되기도 하는군요. ,1893,4,0,0
2019-01-29 02:11:08.493905,13103124,2,0,2019-01-28 03:11:04, 와.. 아마존 giveaway가 당첨되기도 하는군요. ,1893,0,0,0
2019-01-29 03:11:13.767641,13103124,2,0,2019-01-28 03:11:04, 와.. 아마존 giveaway가 당첨되기도 하는군요. ,1894,1,0,0
