check_time,id,post_reply,post_symph,post_time,post_title,post_view,post_view_diff,post_reply_diff,post_symph_diff
2019-01-27 04:36:52.339632,13100148,3,0,2019-01-27 03:36:40, 스카이캐슬...넷플릭스에 바로 안 올라오네요 ㅠㅠ ,389,389,3,0
2019-01-27 05:36:44.608236,13100148,3,0,2019-01-27 03:36:40, 스카이캐슬...넷플릭스에 바로 안 올라오네요 ㅠㅠ ,602,213,0,0
2019-01-27 06:36:49.881622,13100148,3,0,2019-01-27 03:36:40, 스카이캐슬...넷플릭스에 바로 안 올라오네요 ㅠㅠ ,767,165,0,0
2019-01-27 07:36:41.910510,13100148,3,0,2019-01-27 03:36:40, 스카이캐슬...넷플릭스에 바로 안 올라오네요 ㅠㅠ ,933,166,0,0
2019-01-27 08:36:47.253065,13100148,4,0,2019-01-27 03:36:40, 스카이캐슬...넷플릭스에 바로 안 올라오네요 ㅠㅠ ,1139,206,1,0
2019-01-27 09:36:52.546685,13100148,4,0,2019-01-27 03:36:40, 스카이캐슬...넷플릭스에 바로 안 올라오네요 ㅠㅠ ,1301,162,0,0
2019-01-27 10:36:44.762393,13100148,4,0,2019-01-27 03:36:40, 스카이캐슬...넷플릭스에 바로 안 올라오네요 ㅠㅠ ,1383,82,0,0
2019-01-27 11:36:49.880361,13100148,4,0,2019-01-27 03:36:40, 스카이캐슬...넷플릭스에 바로 안 올라오네요 ㅠㅠ ,1432,49,0,0
2019-01-27 12:36:41.927180,13100148,4,0,2019-01-27 03:36:40, 스카이캐슬...넷플릭스에 바로 안 올라오네요 ㅠㅠ ,1469,37,0,0
2019-01-27 13:36:46.993205,13100148,4,0,2019-01-27 03:36:40, 스카이캐슬...넷플릭스에 바로 안 올라오네요 ㅠㅠ ,1491,22,0,0
2019-01-27 14:36:52.007178,13100148,4,0,2019-01-27 03:36:40, 스카이캐슬...넷플릭스에 바로 안 올라오네요 ㅠㅠ ,1502,11,0,0
2019-01-27 15:36:44.243806,13100148,4,0,2019-01-27 03:36:40, 스카이캐슬...넷플릭스에 바로 안 올라오네요 ㅠㅠ ,1512,10,0,0
2019-01-27 16:36:49.414359,13100148,4,0,2019-01-27 03:36:40, 스카이캐슬...넷플릭스에 바로 안 올라오네요 ㅠㅠ ,1521,9,0,0
2019-01-27 17:36:41.427486,13100148,4,0,2019-01-27 03:36:40, 스카이캐슬...넷플릭스에 바로 안 올라오네요 ㅠㅠ ,1530,9,0,0
2019-01-27 18:36:46.468468,13100148,4,0,2019-01-27 03:36:40, 스카이캐슬...넷플릭스에 바로 안 올라오네요 ㅠㅠ ,1540,10,0,0
2019-01-27 19:36:51.641793,13100148,4,0,2019-01-27 03:36:40, 스카이캐슬...넷플릭스에 바로 안 올라오네요 ㅠㅠ ,1549,9,0,0
2019-01-27 20:36:43.668572,13100148,4,0,2019-01-27 03:36:40, 스카이캐슬...넷플릭스에 바로 안 올라오네요 ㅠㅠ ,1554,5,0,0
2019-01-27 21:36:48.676584,13100148,4,0,2019-01-27 03:36:40, 스카이캐슬...넷플릭스에 바로 안 올라오네요 ㅠㅠ ,1560,6,0,0
2019-01-27 22:36:40.716588,13100148,4,0,2019-01-27 03:36:40, 스카이캐슬...넷플릭스에 바로 안 올라오네요 ㅠㅠ ,1567,7,0,0
2019-01-27 23:36:45.742659,13100148,4,0,2019-01-27 03:36:40, 스카이캐슬...넷플릭스에 바로 안 올라오네요 ㅠㅠ ,1573,6,0,0
2019-01-28 00:36:51.017666,13100148,4,0,2019-01-27 03:36:40, 스카이캐슬...넷플릭스에 바로 안 올라오네요 ㅠㅠ ,1577,4,0,0
2019-01-28 01:36:43.046123,13100148,4,0,2019-01-27 03:36:40, 스카이캐슬...넷플릭스에 바로 안 올라오네요 ㅠㅠ ,1583,6,0,0
2019-01-28 02:36:48.198454,13100148,4,0,2019-01-27 03:36:40, 스카이캐슬...넷플릭스에 바로 안 올라오네요 ㅠㅠ ,1587,4,0,0
2019-01-28 03:36:40.315119,13100148,4,0,2019-01-27 03:36:40, 스카이캐슬...넷플릭스에 바로 안 올라오네요 ㅠㅠ ,1593,6,0,0
