check_time,id,post_reply,post_symph,post_time,post_title,post_view,post_view_diff,post_reply_diff,post_symph_diff
2019-01-31 04:21:10.373222,13114954,4,0,2019-01-31 03:21:08, 클량분들중에 5~6평 원룸에 사시는분들 옷은 어떻게 관리하시나요? ,765,765,4,0
2019-01-31 05:21:15.416363,13114954,9,0,2019-01-31 03:21:08, 클량분들중에 5~6평 원룸에 사시는분들 옷은 어떻게 관리하시나요? ,1177,412,5,0
2019-01-31 06:21:20.545688,13114954,9,0,2019-01-31 03:21:08, 클량분들중에 5~6평 원룸에 사시는분들 옷은 어떻게 관리하시나요? ,1632,455,0,0
2019-01-31 07:21:12.597239,13114954,10,0,2019-01-31 03:21:08, 클량분들중에 5~6평 원룸에 사시는분들 옷은 어떻게 관리하시나요? ,2153,521,1,0
2019-01-31 08:21:17.650090,13114954,12,0,2019-01-31 03:21:08, 클량분들중에 5~6평 원룸에 사시는분들 옷은 어떻게 관리하시나요? ,2654,501,2,0
2019-01-31 09:21:09.689471,13114954,12,0,2019-01-31 03:21:08, 클량분들중에 5~6평 원룸에 사시는분들 옷은 어떻게 관리하시나요? ,2858,204,0,0
2019-01-31 10:21:14.860336,13114954,12,0,2019-01-31 03:21:08, 클량분들중에 5~6평 원룸에 사시는분들 옷은 어떻게 관리하시나요? ,2932,74,0,0
2019-01-31 11:21:20.110667,13114954,13,0,2019-01-31 03:21:08, 클량분들중에 5~6평 원룸에 사시는분들 옷은 어떻게 관리하시나요? ,2962,30,1,0
2019-01-31 12:21:12.163110,13114954,13,0,2019-01-31 03:21:08, 클량분들중에 5~6평 원룸에 사시는분들 옷은 어떻게 관리하시나요? ,2979,17,0,0
2019-01-31 13:21:17.210408,13114954,13,0,2019-01-31 03:21:08, 클량분들중에 5~6평 원룸에 사시는분들 옷은 어떻게 관리하시나요? ,3002,23,0,0
2019-01-31 14:21:09.559285,13114954,13,0,2019-01-31 03:21:08, 클량분들중에 5~6평 원룸에 사시는분들 옷은 어떻게 관리하시나요? ,3009,7,0,0
2019-01-31 15:21:14.662595,13114954,13,0,2019-01-31 03:21:08, 클량분들중에 5~6평 원룸에 사시는분들 옷은 어떻게 관리하시나요? ,3015,6,0,0
2019-01-31 16:21:19.702954,13114954,13,0,2019-01-31 03:21:08, 클량분들중에 5~6평 원룸에 사시는분들 옷은 어떻게 관리하시나요? ,3021,6,0,0
2019-01-31 17:21:11.766852,13114954,13,0,2019-01-31 03:21:08, 클량분들중에 5~6평 원룸에 사시는분들 옷은 어떻게 관리하시나요? ,3026,5,0,0
2019-01-31 18:21:17.049123,13114954,13,0,2019-01-31 03:21:08, 클량분들중에 5~6평 원룸에 사시는분들 옷은 어떻게 관리하시나요? ,3030,4,0,0
2019-01-31 19:21:09.102388,13114954,13,0,2019-01-31 03:21:08, 클량분들중에 5~6평 원룸에 사시는분들 옷은 어떻게 관리하시나요? ,3033,3,0,0
2019-01-31 20:21:14.430338,13114954,13,0,2019-01-31 03:21:08, 클량분들중에 5~6평 원룸에 사시는분들 옷은 어떻게 관리하시나요? ,3040,7,0,0
2019-01-31 21:21:19.557257,13114954,13,0,2019-01-31 03:21:08, 클량분들중에 5~6평 원룸에 사시는분들 옷은 어떻게 관리하시나요? ,3043,3,0,0
2019-01-31 22:21:11.552954,13114954,13,0,2019-01-31 03:21:08, 클량분들중에 5~6평 원룸에 사시는분들 옷은 어떻게 관리하시나요? ,3047,4,0,0
2019-01-31 23:21:16.597007,13114954,13,0,2019-01-31 03:21:08, 클량분들중에 5~6평 원룸에 사시는분들 옷은 어떻게 관리하시나요? ,3049,2,0,0
2019-02-01 00:21:08.610248,13114954,13,0,2019-01-31 03:21:08, 클량분들중에 5~6평 원룸에 사시는분들 옷은 어떻게 관리하시나요? ,3049,0,0,0
2019-02-01 01:21:13.822829,13114954,13,0,2019-01-31 03:21:08, 클량분들중에 5~6평 원룸에 사시는분들 옷은 어떻게 관리하시나요? ,3053,4,0,0
2019-02-01 02:21:18.905897,13114954,13,0,2019-01-31 03:21:08, 클량분들중에 5~6평 원룸에 사시는분들 옷은 어떻게 관리하시나요? ,3054,1,0,0
2019-02-01 03:21:11.052481,13114954,13,0,2019-01-31 03:21:08, 클량분들중에 5~6평 원룸에 사시는분들 옷은 어떻게 관리하시나요? ,3058,4,0,0
