check_time,id,post_reply,post_symph,post_time,post_title,post_view,post_view_diff,post_reply_diff,post_symph_diff
2019-01-24 04:56:38.917807,13087767,6,0,2019-01-24 03:56:33, 그랜드캐년 사건 보니까 얼마전 비슷한 상황으로 나라 도움을 받은 게 생각납니다. ,781,781,6,0
2019-01-24 05:56:43.990767,13087767,8,0,2019-01-24 03:56:33, 그랜드캐년 사건 보니까 얼마전 비슷한 상황으로 나라 도움을 받은 게 생각납니다. ,1266,485,2,0
2019-01-24 06:56:36.059118,13087767,8,0,2019-01-24 03:56:33, 그랜드캐년 사건 보니까 얼마전 비슷한 상황으로 나라 도움을 받은 게 생각납니다. ,1949,683,0,0
2019-01-24 07:56:41.226665,13087767,8,0,2019-01-24 03:56:33, 그랜드캐년 사건 보니까 얼마전 비슷한 상황으로 나라 도움을 받은 게 생각납니다. ,2549,600,0,0
2019-01-24 08:56:33.342242,13087767,8,0,2019-01-24 03:56:33, 그랜드캐년 사건 보니까 얼마전 비슷한 상황으로 나라 도움을 받은 게 생각납니다. ,2888,339,0,0
2019-01-24 09:56:38.733941,13087767,8,0,2019-01-24 03:56:33, 그랜드캐년 사건 보니까 얼마전 비슷한 상황으로 나라 도움을 받은 게 생각납니다. ,3007,119,0,0
2019-01-24 10:56:43.831045,13087767,8,0,2019-01-24 03:56:33, 그랜드캐년 사건 보니까 얼마전 비슷한 상황으로 나라 도움을 받은 게 생각납니다. ,3046,39,0,0
2019-01-24 11:56:35.839098,13087767,8,0,2019-01-24 03:56:33, 그랜드캐년 사건 보니까 얼마전 비슷한 상황으로 나라 도움을 받은 게 생각납니다. ,3084,38,0,0
2019-01-24 12:56:40.883979,13087767,8,0,2019-01-24 03:56:33, 그랜드캐년 사건 보니까 얼마전 비슷한 상황으로 나라 도움을 받은 게 생각납니다. ,3103,19,0,0
2019-01-24 13:56:45.930521,13087767,8,0,2019-01-24 03:56:33, 그랜드캐년 사건 보니까 얼마전 비슷한 상황으로 나라 도움을 받은 게 생각납니다. ,3120,17,0,0
2019-01-24 14:56:38.285021,13087767,8,0,2019-01-24 03:56:33, 그랜드캐년 사건 보니까 얼마전 비슷한 상황으로 나라 도움을 받은 게 생각납니다. ,3131,11,0,0
2019-01-24 15:56:43.334061,13087767,8,0,2019-01-24 03:56:33, 그랜드캐년 사건 보니까 얼마전 비슷한 상황으로 나라 도움을 받은 게 생각납니다. ,3141,10,0,0
2019-01-24 16:56:35.367285,13087767,8,0,2019-01-24 03:56:33, 그랜드캐년 사건 보니까 얼마전 비슷한 상황으로 나라 도움을 받은 게 생각납니다. ,3149,8,0,0
2019-01-24 17:56:40.400528,13087767,8,0,2019-01-24 03:56:33, 그랜드캐년 사건 보니까 얼마전 비슷한 상황으로 나라 도움을 받은 게 생각납니다. ,3153,4,0,0
2019-01-24 18:56:45.520968,13087767,8,0,2019-01-24 03:56:33, 그랜드캐년 사건 보니까 얼마전 비슷한 상황으로 나라 도움을 받은 게 생각납니다. ,3162,9,0,0
2019-01-24 19:56:37.869012,13087767,8,0,2019-01-24 03:56:33, 그랜드캐년 사건 보니까 얼마전 비슷한 상황으로 나라 도움을 받은 게 생각납니다. ,3168,6,0,0
2019-01-24 20:56:43.024434,13087767,8,0,2019-01-24 03:56:33, 그랜드캐년 사건 보니까 얼마전 비슷한 상황으로 나라 도움을 받은 게 생각납니다. ,3174,6,0,0
2019-01-24 21:56:35.154898,13087767,8,0,2019-01-24 03:56:33, 그랜드캐년 사건 보니까 얼마전 비슷한 상황으로 나라 도움을 받은 게 생각납니다. ,3177,3,0,0
2019-01-24 22:56:40.242735,13087767,8,0,2019-01-24 03:56:33, 그랜드캐년 사건 보니까 얼마전 비슷한 상황으로 나라 도움을 받은 게 생각납니다. ,3184,7,0,0
2019-01-24 23:56:45.769263,13087767,8,0,2019-01-24 03:56:33, 그랜드캐년 사건 보니까 얼마전 비슷한 상황으로 나라 도움을 받은 게 생각납니다. ,3188,4,0,0
2019-01-25 00:56:37.980057,13087767,8,0,2019-01-24 03:56:33, 그랜드캐년 사건 보니까 얼마전 비슷한 상황으로 나라 도움을 받은 게 생각납니다. ,3192,4,0,0
2019-01-25 01:56:43.019302,13087767,8,0,2019-01-24 03:56:33, 그랜드캐년 사건 보니까 얼마전 비슷한 상황으로 나라 도움을 받은 게 생각납니다. ,3196,4,0,0
2019-01-25 02:56:35.070519,13087767,8,0,2019-01-24 03:56:33, 그랜드캐년 사건 보니까 얼마전 비슷한 상황으로 나라 도움을 받은 게 생각납니다. ,3201,5,0,0
2019-01-25 03:56:40.110667,13087767,8,0,2019-01-24 03:56:33, 그랜드캐년 사건 보니까 얼마전 비슷한 상황으로 나라 도움을 받은 게 생각납니다. ,3205,4,0,0
