check_time,id,post_reply,post_symph,post_time,post_title,post_view,post_view_diff,post_reply_diff,post_symph_diff
2019-01-24 04:50:56.939804,13087765,7,0,2019-01-24 03:50:48, 이쯤에서 보는 ps4 pro 세대별 소음비교 영상 ,598,598,7,0
2019-01-24 05:50:48.913250,13087765,8,0,2019-01-24 03:50:48, 이쯤에서 보는 ps4 pro 세대별 소음비교 영상 ,864,266,1,0
2019-01-24 06:50:54.136996,13087765,8,0,2019-01-24 03:50:48, 이쯤에서 보는 ps4 pro 세대별 소음비교 영상 ,1286,422,0,0
2019-01-24 07:50:59.123989,13087765,8,0,2019-01-24 03:50:48, 이쯤에서 보는 ps4 pro 세대별 소음비교 영상 ,1848,562,0,0
2019-01-24 08:50:51.177047,13087765,8,0,2019-01-24 03:50:48, 이쯤에서 보는 ps4 pro 세대별 소음비교 영상 ,2211,363,0,0
2019-01-24 09:50:56.217283,13087765,8,0,2019-01-24 03:50:48, 이쯤에서 보는 ps4 pro 세대별 소음비교 영상 ,2350,139,0,0
2019-01-24 10:50:48.273184,13087765,8,0,2019-01-24 03:50:48, 이쯤에서 보는 ps4 pro 세대별 소음비교 영상 ,2379,29,0,0
2019-01-24 11:50:53.273278,13087765,8,0,2019-01-24 03:50:48, 이쯤에서 보는 ps4 pro 세대별 소음비교 영상 ,2405,26,0,0
2019-01-24 12:50:58.435476,13087765,8,0,2019-01-24 03:50:48, 이쯤에서 보는 ps4 pro 세대별 소음비교 영상 ,2413,8,0,0
2019-01-24 13:50:50.693821,13087765,8,0,2019-01-24 03:50:48, 이쯤에서 보는 ps4 pro 세대별 소음비교 영상 ,2420,7,0,0
2019-01-24 14:50:55.884176,13087765,8,0,2019-01-24 03:50:48, 이쯤에서 보는 ps4 pro 세대별 소음비교 영상 ,2428,8,0,0
2019-01-24 15:50:48.043594,13087765,8,0,2019-01-24 03:50:48, 이쯤에서 보는 ps4 pro 세대별 소음비교 영상 ,2430,2,0,0
2019-01-24 16:50:53.149534,13087765,8,0,2019-01-24 03:50:48, 이쯤에서 보는 ps4 pro 세대별 소음비교 영상 ,2436,6,0,0
2019-01-24 17:50:58.224896,13087765,8,0,2019-01-24 03:50:48, 이쯤에서 보는 ps4 pro 세대별 소음비교 영상 ,2439,3,0,0
2019-01-24 18:50:50.269343,13087765,8,0,2019-01-24 03:50:48, 이쯤에서 보는 ps4 pro 세대별 소음비교 영상 ,2444,5,0,0
2019-01-24 19:50:55.282766,13087765,8,0,2019-01-24 03:50:48, 이쯤에서 보는 ps4 pro 세대별 소음비교 영상 ,2449,5,0,0
2019-01-24 20:51:00.362901,13087765,8,0,2019-01-24 03:50:48, 이쯤에서 보는 ps4 pro 세대별 소음비교 영상 ,2454,5,0,0
2019-01-24 21:50:52.378280,13087765,8,0,2019-01-24 03:50:48, 이쯤에서 보는 ps4 pro 세대별 소음비교 영상 ,2458,4,0,0
2019-01-24 22:50:57.428941,13087765,8,0,2019-01-24 03:50:48, 이쯤에서 보는 ps4 pro 세대별 소음비교 영상 ,2460,2,0,0
2019-01-24 23:50:49.547094,13087765,8,0,2019-01-24 03:50:48, 이쯤에서 보는 ps4 pro 세대별 소음비교 영상 ,2461,1,0,0
2019-01-25 00:50:54.627321,13087765,8,0,2019-01-24 03:50:48, 이쯤에서 보는 ps4 pro 세대별 소음비교 영상 ,2468,7,0,0
2019-01-25 01:50:59.721029,13087765,8,0,2019-01-24 03:50:48, 이쯤에서 보는 ps4 pro 세대별 소음비교 영상 ,2471,3,0,0
2019-01-25 02:50:51.757204,13087765,8,0,2019-01-24 03:50:48, 이쯤에서 보는 ps4 pro 세대별 소음비교 영상 ,2474,3,0,0
2019-01-25 03:50:56.839138,13087765,8,0,2019-01-24 03:50:48, 이쯤에서 보는 ps4 pro 세대별 소음비교 영상 ,2476,2,0,0
