check_time,id,post_reply,post_symph,post_time,post_title,post_view,post_view_diff,post_reply_diff,post_symph_diff
2019-01-28 04:54:15.734198,13103140,24,0,2019-01-28 03:54:09, 유튜버 허팝님 최근 컨텐츠.. ,1139,1139,24,0
2019-01-28 05:54:20.748337,13103140,28,0,2019-01-28 03:54:09, 유튜버 허팝님 최근 컨텐츠.. ,1814,675,4,0
2019-01-28 06:54:12.803571,13103140,29,0,2019-01-28 03:54:09, 유튜버 허팝님 최근 컨텐츠.. ,2864,1050,1,0
2019-01-28 07:54:17.856491,13103140,30,0,2019-01-28 03:54:09, 유튜버 허팝님 최근 컨텐츠.. ,4128,1264,1,0
2019-01-28 08:54:09.914553,13103140,32,0,2019-01-28 03:54:09, 유튜버 허팝님 최근 컨텐츠.. ,5079,951,2,0
2019-01-28 09:54:15.036193,13103140,33,0,2019-01-28 03:54:09, 유튜버 허팝님 최근 컨텐츠.. ,5412,333,1,0
2019-01-28 10:54:20.458082,13103140,33,0,2019-01-28 03:54:09, 유튜버 허팝님 최근 컨텐츠.. ,5582,170,0,0
2019-01-28 11:54:12.490201,13103140,33,0,2019-01-28 03:54:09, 유튜버 허팝님 최근 컨텐츠.. ,5665,83,0,0
2019-01-28 12:54:17.507098,13103140,33,0,2019-01-28 03:54:09, 유튜버 허팝님 최근 컨텐츠.. ,5723,58,0,0
2019-01-28 13:54:09.547277,13103140,33,0,2019-01-28 03:54:09, 유튜버 허팝님 최근 컨텐츠.. ,5761,38,0,0
2019-01-28 14:54:14.806114,13103140,33,0,2019-01-28 03:54:09, 유튜버 허팝님 최근 컨텐츠.. ,5788,27,0,0
2019-01-28 15:54:19.893782,13103140,33,0,2019-01-28 03:54:09, 유튜버 허팝님 최근 컨텐츠.. ,5806,18,0,0
2019-01-28 16:54:12.030882,13103140,33,0,2019-01-28 03:54:09, 유튜버 허팝님 최근 컨텐츠.. ,5815,9,0,0
2019-01-28 17:54:17.233622,13103140,33,0,2019-01-28 03:54:09, 유튜버 허팝님 최근 컨텐츠.. ,5827,12,0,0
2019-01-28 18:54:09.260093,13103140,33,0,2019-01-28 03:54:09, 유튜버 허팝님 최근 컨텐츠.. ,5830,3,0,0
2019-01-28 19:54:14.340828,13103140,33,0,2019-01-28 03:54:09, 유튜버 허팝님 최근 컨텐츠.. ,5835,5,0,0
2019-01-28 20:54:19.377498,13103140,33,0,2019-01-28 03:54:09, 유튜버 허팝님 최근 컨텐츠.. ,5842,7,0,0
2019-01-28 21:54:11.381242,13103140,33,0,2019-01-28 03:54:09, 유튜버 허팝님 최근 컨텐츠.. ,5844,2,0,0
2019-01-28 22:54:16.512783,13103140,33,0,2019-01-28 03:54:09, 유튜버 허팝님 최근 컨텐츠.. ,5847,3,0,0
2019-01-28 23:54:09.084888,13103140,33,0,2019-01-28 03:54:09, 유튜버 허팝님 최근 컨텐츠.. ,5850,3,0,0
2019-01-29 00:54:14.067324,13103140,33,0,2019-01-28 03:54:09, 유튜버 허팝님 최근 컨텐츠.. ,5855,5,0,0
2019-01-29 01:54:19.333979,13103140,33,0,2019-01-28 03:54:09, 유튜버 허팝님 최근 컨텐츠.. ,5856,1,0,0
2019-01-29 02:54:11.401239,13103140,33,0,2019-01-28 03:54:09, 유튜버 허팝님 최근 컨텐츠.. ,5862,6,0,0
2019-01-29 03:54:16.679765,13103140,33,0,2019-01-28 03:54:09, 유튜버 허팝님 최근 컨텐츠.. ,5863,1,0,0
