check_time,id,post_reply,post_symph,post_time,post_title,post_view,post_view_diff,post_reply_diff,post_symph_diff
2019-01-27 04:44:22.885151,13100155,10,0,2019-01-27 03:44:17, 캐나다 600억 호화고급주택 ,2183,2183,10,0
2019-01-27 05:44:27.953906,13100155,13,0,2019-01-27 03:44:17, 캐나다 600억 호화고급주택 ,3306,1123,3,0
2019-01-27 06:44:20.058606,13100155,14,0,2019-01-27 03:44:17, 캐나다 600억 호화고급주택 ,4379,1073,1,0
2019-01-27 07:44:25.204023,13100155,16,0,2019-01-27 03:44:17, 캐나다 600억 호화고급주택 ,5683,1304,2,0
2019-01-27 08:44:17.320961,13100155,17,0,2019-01-27 03:44:17, 캐나다 600억 호화고급주택 ,7625,1942,1,0
2019-01-27 09:44:22.308326,13100155,17,0,2019-01-27 03:44:17, 캐나다 600억 호화고급주택 ,9424,1799,0,0
2019-01-27 10:44:27.387291,13100155,18,0,2019-01-27 03:44:17, 캐나다 600억 호화고급주택 ,10837,1413,1,0
2019-01-27 11:44:19.597940,13100155,25,0,2019-01-27 03:44:17, 캐나다 600억 호화고급주택 ,12447,1610,7,0
2019-01-27 12:44:24.690482,13100155,48,0,2019-01-27 03:44:17, 캐나다 600억 호화고급주택 ,13950,1503,23,0
2019-01-27 13:44:29.743254,13100155,55,0,2019-01-27 03:44:17, 캐나다 600억 호화고급주택 ,18505,4555,7,0
2019-01-27 14:44:21.821109,13100155,66,1,2019-01-27 03:44:17, 캐나다 600억 호화고급주택 ,22140,3635,11,1
2019-01-27 15:44:26.886821,13100155,70,2,2019-01-27 03:44:17, 캐나다 600억 호화고급주택 ,25182,3042,4,1
2019-01-27 16:44:18.893580,13100155,72,3,2019-01-27 03:44:17, 캐나다 600억 호화고급주택 ,25383,201,2,1
2019-01-27 17:44:23.952940,13100155,72,3,2019-01-27 03:44:17, 캐나다 600억 호화고급주택 ,25431,48,0,0
2019-01-27 18:44:29.069050,13100155,72,3,2019-01-27 03:44:17, 캐나다 600억 호화고급주택 ,25469,38,0,0
2019-01-27 19:44:21.091216,13100155,73,3,2019-01-27 03:44:17, 캐나다 600억 호화고급주택 ,25503,34,1,0
2019-01-27 20:44:26.139507,13100155,73,3,2019-01-27 03:44:17, 캐나다 600억 호화고급주택 ,25529,26,0,0
2019-01-27 21:44:18.214133,13100155,73,3,2019-01-27 03:44:17, 캐나다 600억 호화고급주택 ,25559,30,0,0
2019-01-27 22:44:23.280196,13100155,73,3,2019-01-27 03:44:17, 캐나다 600억 호화고급주택 ,25583,24,0,0
2019-01-27 23:44:28.244334,13100155,73,3,2019-01-27 03:44:17, 캐나다 600억 호화고급주택 ,25620,37,0,0
2019-01-28 00:44:20.296227,13100155,73,3,2019-01-27 03:44:17, 캐나다 600억 호화고급주택 ,25651,31,0,0
2019-01-28 01:44:25.334276,13100155,73,3,2019-01-27 03:44:17, 캐나다 600억 호화고급주택 ,25669,18,0,0
2019-01-28 02:44:17.488834,13100155,73,3,2019-01-27 03:44:17, 캐나다 600억 호화고급주택 ,25679,10,0,0
2019-01-28 03:44:22.454194,13100155,73,3,2019-01-27 03:44:17, 캐나다 600억 호화고급주택 ,25685,6,0,0
