check_time,id,post_reply,post_symph,post_time,post_title,post_view,post_view_diff,post_reply_diff,post_symph_diff
2019-01-24 04:31:24.803864,13087758,24,30,2019-01-24 03:31:23," [글이 깁니다] 변호사 구하실 때 정말 조심하고, 신경 많이 쓰세요. ",1564,1564,24,30
2019-01-24 05:31:29.917203,13087758,25,44,2019-01-24 03:31:23," [글이 깁니다] 변호사 구하실 때 정말 조심하고, 신경 많이 쓰세요. ",2355,791,1,14
2019-01-24 06:31:35.023274,13087758,25,53,2019-01-24 03:31:23," [글이 깁니다] 변호사 구하실 때 정말 조심하고, 신경 많이 쓰세요. ",3582,1227,0,9
2019-01-24 07:31:27.103840,13087758,29,88,2019-01-24 03:31:23," [글이 깁니다] 변호사 구하실 때 정말 조심하고, 신경 많이 쓰세요. ",6592,3010,4,35
2019-01-24 08:31:32.206419,13087758,39,129,2019-01-24 03:31:23," [글이 깁니다] 변호사 구하실 때 정말 조심하고, 신경 많이 쓰세요. ",11132,4540,10,41
2019-01-24 09:31:24.243721,13087758,54,188,2019-01-24 03:31:23," [글이 깁니다] 변호사 구하실 때 정말 조심하고, 신경 많이 쓰세요. ",15270,4138,15,59
2019-01-24 10:31:29.424822,13087758,73,256,2019-01-24 03:31:23," [글이 깁니다] 변호사 구하실 때 정말 조심하고, 신경 많이 쓰세요. ",19972,4702,19,68
2019-01-24 11:31:34.563408,13087758,88,310,2019-01-24 03:31:23," [글이 깁니다] 변호사 구하실 때 정말 조심하고, 신경 많이 쓰세요. ",23573,3601,15,54
2019-01-24 12:31:26.741635,13087758,99,344,2019-01-24 03:31:23," [글이 깁니다] 변호사 구하실 때 정말 조심하고, 신경 많이 쓰세요. ",26506,2933,11,34
2019-01-24 13:31:31.917130,13087758,108,364,2019-01-24 03:31:23," [글이 깁니다] 변호사 구하실 때 정말 조심하고, 신경 많이 쓰세요. ",29388,2882,9,20
2019-01-24 14:31:24.330558,13087758,112,381,2019-01-24 03:31:23," [글이 깁니다] 변호사 구하실 때 정말 조심하고, 신경 많이 쓰세요. ",31474,2086,4,17
2019-01-24 15:31:29.463138,13087758,113,404,2019-01-24 03:31:23," [글이 깁니다] 변호사 구하실 때 정말 조심하고, 신경 많이 쓰세요. ",33166,1692,1,23
2019-01-24 16:31:34.641747,13087758,117,408,2019-01-24 03:31:23," [글이 깁니다] 변호사 구하실 때 정말 조심하고, 신경 많이 쓰세요. ",33369,203,4,4
2019-01-24 17:31:26.842999,13087758,117,409,2019-01-24 03:31:23," [글이 깁니다] 변호사 구하실 때 정말 조심하고, 신경 많이 쓰세요. ",33441,72,0,1
2019-01-24 18:31:32.145827,13087758,117,410,2019-01-24 03:31:23," [글이 깁니다] 변호사 구하실 때 정말 조심하고, 신경 많이 쓰세요. ",33527,86,0,1
2019-01-24 19:31:24.279664,13087758,117,410,2019-01-24 03:31:23," [글이 깁니다] 변호사 구하실 때 정말 조심하고, 신경 많이 쓰세요. ",33605,78,0,0
2019-01-24 20:31:29.400203,13087758,117,411,2019-01-24 03:31:23," [글이 깁니다] 변호사 구하실 때 정말 조심하고, 신경 많이 쓰세요. ",33692,87,0,1
2019-01-24 21:31:34.555420,13087758,117,411,2019-01-24 03:31:23," [글이 깁니다] 변호사 구하실 때 정말 조심하고, 신경 많이 쓰세요. ",33776,84,0,0
2019-01-24 22:31:26.703719,13087758,117,411,2019-01-24 03:31:23," [글이 깁니다] 변호사 구하실 때 정말 조심하고, 신경 많이 쓰세요. ",33867,91,0,0
2019-01-24 23:31:31.821745,13087758,117,412,2019-01-24 03:31:23," [글이 깁니다] 변호사 구하실 때 정말 조심하고, 신경 많이 쓰세요. ",33952,85,0,1
2019-01-25 00:31:24.014352,13087758,117,412,2019-01-24 03:31:23," [글이 깁니다] 변호사 구하실 때 정말 조심하고, 신경 많이 쓰세요. ",33994,42,0,0
2019-01-25 01:31:29.124481,13087758,117,412,2019-01-24 03:31:23," [글이 깁니다] 변호사 구하실 때 정말 조심하고, 신경 많이 쓰세요. ",34020,26,0,0
2019-01-25 02:31:34.203185,13087758,117,412,2019-01-24 03:31:23," [글이 깁니다] 변호사 구하실 때 정말 조심하고, 신경 많이 쓰세요. ",34032,12,0,0
2019-01-25 03:31:26.270159,13087758,117,412,2019-01-24 03:31:23," [글이 깁니다] 변호사 구하실 때 정말 조심하고, 신경 많이 쓰세요. ",34048,16,0,0
