check_time,id,post_reply,post_symph,post_time,post_title,post_view,post_view_diff,post_reply_diff,post_symph_diff
2019-01-31 04:36:16.145016,13114959,0,0,2019-01-31 03:36:11, mp3 / 카메라 다 따로 쓰니 용량이 남네요 ,150,150,0,0
2019-01-31 05:36:21.274295,13114959,0,0,2019-01-31 03:36:11, mp3 / 카메라 다 따로 쓰니 용량이 남네요 ,218,68,0,0
2019-01-31 06:36:13.278496,13114959,0,0,2019-01-31 03:36:11, mp3 / 카메라 다 따로 쓰니 용량이 남네요 ,287,69,0,0
2019-01-31 07:36:18.651629,13114959,0,0,2019-01-31 03:36:11, mp3 / 카메라 다 따로 쓰니 용량이 남네요 ,366,79,0,0
2019-01-31 08:36:23.930081,13114959,0,0,2019-01-31 03:36:11, mp3 / 카메라 다 따로 쓰니 용량이 남네요 ,412,46,0,0
2019-01-31 09:36:16.274888,13114959,0,0,2019-01-31 03:36:11, mp3 / 카메라 다 따로 쓰니 용량이 남네요 ,436,24,0,0
2019-01-31 10:36:21.256627,13114959,0,0,2019-01-31 03:36:11, mp3 / 카메라 다 따로 쓰니 용량이 남네요 ,445,9,0,0
2019-01-31 11:36:13.261984,13114959,0,0,2019-01-31 03:36:11, mp3 / 카메라 다 따로 쓰니 용량이 남네요 ,449,4,0,0
2019-01-31 12:36:18.690705,13114959,0,0,2019-01-31 03:36:11, mp3 / 카메라 다 따로 쓰니 용량이 남네요 ,451,2,0,0
2019-01-31 13:36:23.703835,13114959,0,0,2019-01-31 03:36:11, mp3 / 카메라 다 따로 쓰니 용량이 남네요 ,457,6,0,0
2019-01-31 14:36:15.773895,13114959,0,0,2019-01-31 03:36:11, mp3 / 카메라 다 따로 쓰니 용량이 남네요 ,458,1,0,0
2019-01-31 15:36:20.913127,13114959,0,0,2019-01-31 03:36:11, mp3 / 카메라 다 따로 쓰니 용량이 남네요 ,460,2,0,0
2019-01-31 16:36:12.992890,13114959,0,0,2019-01-31 03:36:11, mp3 / 카메라 다 따로 쓰니 용량이 남네요 ,461,1,0,0
2019-01-31 17:36:18.343711,13114959,0,0,2019-01-31 03:36:11, mp3 / 카메라 다 따로 쓰니 용량이 남네요 ,463,2,0,0
2019-01-31 18:36:23.462462,13114959,0,0,2019-01-31 03:36:11, mp3 / 카메라 다 따로 쓰니 용량이 남네요 ,465,2,0,0
2019-01-31 19:36:15.814847,13114959,0,0,2019-01-31 03:36:11, mp3 / 카메라 다 따로 쓰니 용량이 남네요 ,467,2,0,0
2019-01-31 20:36:20.966113,13114959,0,0,2019-01-31 03:36:11, mp3 / 카메라 다 따로 쓰니 용량이 남네요 ,468,1,0,0
2019-01-31 21:36:13.164637,13114959,0,0,2019-01-31 03:36:11, mp3 / 카메라 다 따로 쓰니 용량이 남네요 ,470,2,0,0
2019-01-31 22:36:18.298568,13114959,0,0,2019-01-31 03:36:11, mp3 / 카메라 다 따로 쓰니 용량이 남네요 ,471,1,0,0
2019-01-31 23:36:23.379862,13114959,0,0,2019-01-31 03:36:11, mp3 / 카메라 다 따로 쓰니 용량이 남네요 ,472,1,0,0
2019-02-01 00:36:15.379895,13114959,0,0,2019-01-31 03:36:11, mp3 / 카메라 다 따로 쓰니 용량이 남네요 ,473,1,0,0
2019-02-01 01:36:20.537222,13114959,0,0,2019-01-31 03:36:11, mp3 / 카메라 다 따로 쓰니 용량이 남네요 ,476,3,0,0
2019-02-01 02:36:12.571192,13114959,0,0,2019-01-31 03:36:11, mp3 / 카메라 다 따로 쓰니 용량이 남네요 ,477,1,0,0
2019-02-01 03:36:17.640682,13114959,0,0,2019-01-31 03:36:11, mp3 / 카메라 다 따로 쓰니 용량이 남네요 ,478,1,0,0
