check_time,id,post_reply,post_symph,post_time,post_title,post_view,post_view_diff,post_reply_diff,post_symph_diff
2019-01-25 04:49:49.753855,13092239,13,0,2019-01-25 03:49:41, 알파스타는 여러모로 실망 + 안심이네요. ,932,932,13,0
2019-01-25 05:49:41.818023,13092239,13,0,2019-01-25 03:49:41, 알파스타는 여러모로 실망 + 안심이네요. ,1261,329,0,0
2019-01-25 06:49:46.879565,13092239,13,0,2019-01-25 03:49:41, 알파스타는 여러모로 실망 + 안심이네요. ,1727,466,0,0
2019-01-25 07:49:51.861244,13092239,13,0,2019-01-25 03:49:41, 알파스타는 여러모로 실망 + 안심이네요. ,2458,731,0,0
2019-01-25 08:49:44.090879,13092239,13,0,2019-01-25 03:49:41, 알파스타는 여러모로 실망 + 안심이네요. ,3050,592,0,0
2019-01-25 09:49:49.124281,13092239,13,0,2019-01-25 03:49:41, 알파스타는 여러모로 실망 + 안심이네요. ,3321,271,0,0
2019-01-25 10:49:41.368617,13092239,13,0,2019-01-25 03:49:41, 알파스타는 여러모로 실망 + 안심이네요. ,3424,103,0,0
2019-01-25 11:49:46.624781,13092239,13,0,2019-01-25 03:49:41, 알파스타는 여러모로 실망 + 안심이네요. ,3493,69,0,0
2019-01-25 12:49:51.671157,13092239,13,0,2019-01-25 03:49:41, 알파스타는 여러모로 실망 + 안심이네요. ,3538,45,0,0
2019-01-25 13:49:44.014169,13092239,13,0,2019-01-25 03:49:41, 알파스타는 여러모로 실망 + 안심이네요. ,3573,35,0,0
2019-01-25 14:49:49.057004,13092239,13,0,2019-01-25 03:49:41, 알파스타는 여러모로 실망 + 안심이네요. ,3600,27,0,0
2019-01-25 15:49:41.167776,13092239,13,0,2019-01-25 03:49:41, 알파스타는 여러모로 실망 + 안심이네요. ,3617,17,0,0
2019-01-25 16:49:46.515109,13092239,13,0,2019-01-25 03:49:41, 알파스타는 여러모로 실망 + 안심이네요. ,3633,16,0,0
2019-01-25 17:49:51.711266,13092239,13,0,2019-01-25 03:49:41, 알파스타는 여러모로 실망 + 안심이네요. ,3652,19,0,0
2019-01-25 18:49:43.829376,13092239,13,0,2019-01-25 03:49:41, 알파스타는 여러모로 실망 + 안심이네요. ,3666,14,0,0
2019-01-25 19:49:48.986460,13092239,13,0,2019-01-25 03:49:41, 알파스타는 여러모로 실망 + 안심이네요. ,3676,10,0,0
2019-01-25 20:49:41.099701,13092239,13,0,2019-01-25 03:49:41, 알파스타는 여러모로 실망 + 안심이네요. ,3685,9,0,0
2019-01-25 21:49:46.216825,13092239,13,0,2019-01-25 03:49:41, 알파스타는 여러모로 실망 + 안심이네요. ,3693,8,0,0
2019-01-25 22:49:51.343033,13092239,13,0,2019-01-25 03:49:41, 알파스타는 여러모로 실망 + 안심이네요. ,3698,5,0,0
2019-01-25 23:49:43.534039,13092239,13,0,2019-01-25 03:49:41, 알파스타는 여러모로 실망 + 안심이네요. ,3703,5,0,0
2019-01-26 00:49:48.893015,13092239,13,0,2019-01-25 03:49:41, 알파스타는 여러모로 실망 + 안심이네요. ,3706,3,0,0
2019-01-26 01:49:41.043968,13092239,13,0,2019-01-25 03:49:41, 알파스타는 여러모로 실망 + 안심이네요. ,3711,5,0,0
2019-01-26 02:49:46.194942,13092239,13,0,2019-01-25 03:49:41, 알파스타는 여러모로 실망 + 안심이네요. ,3717,6,0,0
2019-01-26 03:49:51.376241,13092239,13,0,2019-01-25 03:49:41, 알파스타는 여러모로 실망 + 안심이네요. ,3723,6,0,0
