check_time,id,post_reply,post_symph,post_time,post_title,post_view,post_view_diff,post_reply_diff,post_symph_diff
2019-01-25 04:30:41.549208,13092225,6,0,2019-01-25 03:30:29, 세계 각국의 군대 군인들 경례 모습 비교 .jpg ,1070,1070,6,0
2019-01-25 05:30:33.698245,13092225,7,0,2019-01-25 03:30:29, 세계 각국의 군대 군인들 경례 모습 비교 .jpg ,1458,388,1,0
2019-01-25 06:30:38.779418,13092225,7,0,2019-01-25 03:30:29, 세계 각국의 군대 군인들 경례 모습 비교 .jpg ,2077,619,0,0
2019-01-25 07:30:31.109760,13092225,8,0,2019-01-25 03:30:29, 세계 각국의 군대 군인들 경례 모습 비교 .jpg ,3165,1088,1,0
2019-01-25 08:30:36.299681,13092225,10,0,2019-01-25 03:30:29, 세계 각국의 군대 군인들 경례 모습 비교 .jpg ,4271,1106,2,0
2019-01-25 09:30:41.387891,13092225,10,0,2019-01-25 03:30:29, 세계 각국의 군대 군인들 경례 모습 비교 .jpg ,4924,653,0,0
2019-01-25 10:30:33.558819,13092225,11,0,2019-01-25 03:30:29, 세계 각국의 군대 군인들 경례 모습 비교 .jpg ,5144,220,1,0
2019-01-25 11:30:38.681906,13092225,11,0,2019-01-25 03:30:29, 세계 각국의 군대 군인들 경례 모습 비교 .jpg ,5252,108,0,0
2019-01-25 12:30:30.783565,13092225,11,0,2019-01-25 03:30:29, 세계 각국의 군대 군인들 경례 모습 비교 .jpg ,5319,67,0,0
2019-01-25 13:30:35.874830,13092225,11,0,2019-01-25 03:30:29, 세계 각국의 군대 군인들 경례 모습 비교 .jpg ,5355,36,0,0
2019-01-25 14:30:29.849563,13092225,11,0,2019-01-25 03:30:29, 세계 각국의 군대 군인들 경례 모습 비교 .jpg ,5379,24,0,0
2019-01-25 15:30:34.999069,13092225,11,0,2019-01-25 03:30:29, 세계 각국의 군대 군인들 경례 모습 비교 .jpg ,5398,19,0,0
2019-01-25 16:30:40.058435,13092225,11,0,2019-01-25 03:30:29, 세계 각국의 군대 군인들 경례 모습 비교 .jpg ,5408,10,0,0
2019-01-25 17:30:32.143146,13092225,11,0,2019-01-25 03:30:29, 세계 각국의 군대 군인들 경례 모습 비교 .jpg ,5419,11,0,0
2019-01-25 18:30:37.536616,13092225,11,0,2019-01-25 03:30:29, 세계 각국의 군대 군인들 경례 모습 비교 .jpg ,5430,11,0,0
2019-01-25 19:30:29.518444,13092225,11,0,2019-01-25 03:30:29, 세계 각국의 군대 군인들 경례 모습 비교 .jpg ,5435,5,0,0
2019-01-25 20:30:34.828556,13092225,11,0,2019-01-25 03:30:29, 세계 각국의 군대 군인들 경례 모습 비교 .jpg ,5439,4,0,0
2019-01-25 21:30:39.914305,13092225,11,0,2019-01-25 03:30:29, 세계 각국의 군대 군인들 경례 모습 비교 .jpg ,5449,10,0,0
2019-01-25 22:30:31.981758,13092225,11,0,2019-01-25 03:30:29, 세계 각국의 군대 군인들 경례 모습 비교 .jpg ,5450,1,0,0
2019-01-25 23:30:37.236257,13092225,11,0,2019-01-25 03:30:29, 세계 각국의 군대 군인들 경례 모습 비교 .jpg ,5454,4,0,0
2019-01-26 00:30:29.440610,13092225,11,0,2019-01-25 03:30:29, 세계 각국의 군대 군인들 경례 모습 비교 .jpg ,5456,2,0,0
2019-01-26 01:30:34.614733,13092225,11,0,2019-01-25 03:30:29, 세계 각국의 군대 군인들 경례 모습 비교 .jpg ,5459,3,0,0
2019-01-26 02:30:39.691925,13092225,11,0,2019-01-25 03:30:29, 세계 각국의 군대 군인들 경례 모습 비교 .jpg ,5461,2,0,0
2019-01-26 03:30:31.704116,13092225,11,0,2019-01-25 03:30:29, 세계 각국의 군대 군인들 경례 모습 비교 .jpg ,5462,1,0,0
