check_time,id,post_reply,post_symph,post_time,post_title,post_view,post_view_diff,post_reply_diff,post_symph_diff
2019-01-24 04:26:20.876672,13087756,1,0,2019-01-24 03:26:19, 잠도 안오고 바탕화면 할만한 그림을 찾아 돌아다니다 발견한 그림...jpg ,474,474,1,0
2019-01-24 05:26:25.984600,13087756,1,0,2019-01-24 03:26:19, 잠도 안오고 바탕화면 할만한 그림을 찾아 돌아다니다 발견한 그림...jpg ,644,170,0,0
2019-01-24 06:26:31.104580,13087756,1,0,2019-01-24 03:26:19, 잠도 안오고 바탕화면 할만한 그림을 찾아 돌아다니다 발견한 그림...jpg ,810,166,0,0
2019-01-24 07:26:23.373547,13087756,1,0,2019-01-24 03:26:19, 잠도 안오고 바탕화면 할만한 그림을 찾아 돌아다니다 발견한 그림...jpg ,1060,250,0,0
2019-01-24 08:26:28.470498,13087756,1,0,2019-01-24 03:26:19, 잠도 안오고 바탕화면 할만한 그림을 찾아 돌아다니다 발견한 그림...jpg ,1265,205,0,0
2019-01-24 09:26:20.551790,13087756,1,0,2019-01-24 03:26:19, 잠도 안오고 바탕화면 할만한 그림을 찾아 돌아다니다 발견한 그림...jpg ,1358,93,0,0
2019-01-24 10:26:25.799523,13087756,1,0,2019-01-24 03:26:19, 잠도 안오고 바탕화면 할만한 그림을 찾아 돌아다니다 발견한 그림...jpg ,1394,36,0,0
2019-01-24 11:26:30.959489,13087756,1,0,2019-01-24 03:26:19, 잠도 안오고 바탕화면 할만한 그림을 찾아 돌아다니다 발견한 그림...jpg ,1405,11,0,0
2019-01-24 12:26:23.520809,13087756,1,0,2019-01-24 03:26:19, 잠도 안오고 바탕화면 할만한 그림을 찾아 돌아다니다 발견한 그림...jpg ,1414,9,0,0
2019-01-24 13:26:28.570705,13087756,1,0,2019-01-24 03:26:19, 잠도 안오고 바탕화면 할만한 그림을 찾아 돌아다니다 발견한 그림...jpg ,1421,7,0,0
2019-01-24 14:26:20.583529,13087756,1,0,2019-01-24 03:26:19, 잠도 안오고 바탕화면 할만한 그림을 찾아 돌아다니다 발견한 그림...jpg ,1424,3,0,0
2019-01-24 15:26:25.662830,13087756,1,0,2019-01-24 03:26:19, 잠도 안오고 바탕화면 할만한 그림을 찾아 돌아다니다 발견한 그림...jpg ,1428,4,0,0
2019-01-24 16:26:30.994430,13087756,1,0,2019-01-24 03:26:19, 잠도 안오고 바탕화면 할만한 그림을 찾아 돌아다니다 발견한 그림...jpg ,1436,8,0,0
2019-01-24 17:26:23.269746,13087756,1,0,2019-01-24 03:26:19, 잠도 안오고 바탕화면 할만한 그림을 찾아 돌아다니다 발견한 그림...jpg ,1440,4,0,0
2019-01-24 18:26:28.424350,13087756,1,0,2019-01-24 03:26:19, 잠도 안오고 바탕화면 할만한 그림을 찾아 돌아다니다 발견한 그림...jpg ,1442,2,0,0
2019-01-24 19:26:20.533740,13087756,1,0,2019-01-24 03:26:19, 잠도 안오고 바탕화면 할만한 그림을 찾아 돌아다니다 발견한 그림...jpg ,1445,3,0,0
2019-01-24 20:26:25.714766,13087756,1,0,2019-01-24 03:26:19, 잠도 안오고 바탕화면 할만한 그림을 찾아 돌아다니다 발견한 그림...jpg ,1447,2,0,0
2019-01-24 21:26:30.855187,13087756,1,0,2019-01-24 03:26:19, 잠도 안오고 바탕화면 할만한 그림을 찾아 돌아다니다 발견한 그림...jpg ,1450,3,0,0
2019-01-24 22:26:23.109700,13087756,1,0,2019-01-24 03:26:19, 잠도 안오고 바탕화면 할만한 그림을 찾아 돌아다니다 발견한 그림...jpg ,1452,2,0,0
2019-01-24 23:26:28.426323,13087756,1,0,2019-01-24 03:26:19, 잠도 안오고 바탕화면 할만한 그림을 찾아 돌아다니다 발견한 그림...jpg ,1453,1,0,0
2019-01-25 00:26:20.546046,13087756,1,0,2019-01-24 03:26:19, 잠도 안오고 바탕화면 할만한 그림을 찾아 돌아다니다 발견한 그림...jpg ,1456,3,0,0
2019-01-25 01:26:25.557494,13087756,1,0,2019-01-24 03:26:19, 잠도 안오고 바탕화면 할만한 그림을 찾아 돌아다니다 발견한 그림...jpg ,1459,3,0,0
2019-01-25 02:26:30.597402,13087756,1,0,2019-01-24 03:26:19, 잠도 안오고 바탕화면 할만한 그림을 찾아 돌아다니다 발견한 그림...jpg ,1461,2,0,0
2019-01-25 03:26:22.971356,13087756,1,0,2019-01-24 03:26:19, 잠도 안오고 바탕화면 할만한 그림을 찾아 돌아다니다 발견한 그림...jpg ,1463,2,0,0
