check_time,id,post_reply,post_symph,post_time,post_title,post_view,post_view_diff,post_reply_diff,post_symph_diff
2019-01-28 04:16:26.784552,13103128,3,0,2019-01-28 03:16:25, 심쿵.gif ,1175,1175,3,0
2019-01-28 05:16:32.109290,13103128,3,1,2019-01-28 03:16:25, 심쿵.gif ,1665,490,0,1
2019-01-28 06:16:37.208405,13103128,4,1,2019-01-28 03:16:25, 심쿵.gif ,2295,630,1,0
2019-01-28 07:16:29.261650,13103128,4,1,2019-01-28 03:16:25, 심쿵.gif ,3207,912,0,0
2019-01-28 08:16:34.283864,13103128,5,1,2019-01-28 03:16:25, 심쿵.gif ,4275,1068,1,0
2019-01-28 09:16:26.348879,13103128,5,1,2019-01-28 03:16:25, 심쿵.gif ,4985,710,0,0
2019-01-28 10:16:31.418847,13103128,5,1,2019-01-28 03:16:25, 심쿵.gif ,5251,266,0,0
2019-01-28 11:16:36.568437,13103128,5,1,2019-01-28 03:16:25, 심쿵.gif ,5375,124,0,0
2019-01-28 12:16:28.698706,13103128,5,1,2019-01-28 03:16:25, 심쿵.gif ,5444,69,0,0
2019-01-28 13:16:33.894227,13103128,5,1,2019-01-28 03:16:25, 심쿵.gif ,5520,76,0,0
2019-01-28 14:16:25.905819,13103128,5,1,2019-01-28 03:16:25, 심쿵.gif ,5552,32,0,0
2019-01-28 15:16:30.927632,13103128,5,1,2019-01-28 03:16:25, 심쿵.gif ,5570,18,0,0
2019-01-28 16:16:35.953248,13103128,5,1,2019-01-28 03:16:25, 심쿵.gif ,5591,21,0,0
2019-01-28 17:16:27.980057,13103128,5,1,2019-01-28 03:16:25, 심쿵.gif ,5620,29,0,0
2019-01-28 18:16:33.097610,13103128,5,1,2019-01-28 03:16:25, 심쿵.gif ,5636,16,0,0
2019-01-28 19:16:25.144401,13103128,5,1,2019-01-28 03:16:25, 심쿵.gif ,5642,6,0,0
2019-01-28 20:16:30.190427,13103128,5,1,2019-01-28 03:16:25, 심쿵.gif ,5648,6,0,0
2019-01-28 21:16:35.453856,13103128,5,1,2019-01-28 03:16:25, 심쿵.gif ,5659,11,0,0
2019-01-28 22:16:27.481368,13103128,5,1,2019-01-28 03:16:25, 심쿵.gif ,5666,7,0,0
2019-01-28 23:16:32.496630,13103128,5,1,2019-01-28 03:16:25, 심쿵.gif ,5671,5,0,0
2019-01-29 00:16:37.587032,13103128,5,1,2019-01-28 03:16:25, 심쿵.gif ,5674,3,0,0
2019-01-29 01:16:29.649151,13103128,5,1,2019-01-28 03:16:25, 심쿵.gif ,5682,8,0,0
2019-01-29 02:16:34.711843,13103128,5,1,2019-01-28 03:16:25, 심쿵.gif ,5686,4,0,0
2019-01-29 03:16:26.715626,13103128,5,1,2019-01-28 03:16:25, 심쿵.gif ,5687,1,0,0
