check_time,id,post_reply,post_symph,post_time,post_title,post_view,post_view_diff,post_reply_diff,post_symph_diff
2019-01-29 04:46:46.776679,13106965,3,0,2019-01-29 03:46:37, 직장 생활넘나 행벅행 ,921,921,3,0
2019-01-29 05:46:38.864404,13106965,3,0,2019-01-29 03:46:37, 직장 생활넘나 행벅행 ,1529,608,0,0
2019-01-29 06:46:44.217093,13106965,3,0,2019-01-29 03:46:37, 직장 생활넘나 행벅행 ,2439,910,0,0
2019-01-29 07:46:49.233450,13106965,3,0,2019-01-29 03:46:37, 직장 생활넘나 행벅행 ,3558,1119,0,0
2019-01-29 08:46:41.430146,13106965,3,0,2019-01-29 03:46:37, 직장 생활넘나 행벅행 ,4567,1009,0,0
2019-01-29 09:46:46.484490,13106965,3,0,2019-01-29 03:46:37, 직장 생활넘나 행벅행 ,5067,500,0,0
2019-01-29 10:46:38.537544,13106965,3,0,2019-01-29 03:46:37, 직장 생활넘나 행벅행 ,5254,187,0,0
2019-01-29 11:46:44.032306,13106965,3,0,2019-01-29 03:46:37, 직장 생활넘나 행벅행 ,5356,102,0,0
2019-01-29 12:46:49.070460,13106965,3,0,2019-01-29 03:46:37, 직장 생활넘나 행벅행 ,5400,44,0,0
2019-01-29 13:46:41.926501,13106965,3,0,2019-01-29 03:46:37, 직장 생활넘나 행벅행 ,5432,32,0,0
2019-01-29 14:46:47.002185,13106965,3,0,2019-01-29 03:46:37, 직장 생활넘나 행벅행 ,5452,20,0,0
2019-01-29 15:46:39.018978,13106965,3,0,2019-01-29 03:46:37, 직장 생활넘나 행벅행 ,5467,15,0,0
2019-01-29 16:46:44.057278,13106965,3,0,2019-01-29 03:46:37, 직장 생활넘나 행벅행 ,5481,14,0,0
2019-01-29 17:46:49.160941,13106965,3,0,2019-01-29 03:46:37, 직장 생활넘나 행벅행 ,5491,10,0,0
2019-01-29 18:46:41.386680,13106965,3,0,2019-01-29 03:46:37, 직장 생활넘나 행벅행 ,5496,5,0,0
2019-01-29 19:46:46.399916,13106965,3,0,2019-01-29 03:46:37, 직장 생활넘나 행벅행 ,5502,6,0,0
2019-01-29 20:46:38.387924,13106965,3,0,2019-01-29 03:46:37, 직장 생활넘나 행벅행 ,5507,5,0,0
2019-01-29 21:46:43.386743,13106965,3,0,2019-01-29 03:46:37, 직장 생활넘나 행벅행 ,5514,7,0,0
2019-01-29 22:46:48.423464,13106965,3,0,2019-01-29 03:46:37, 직장 생활넘나 행벅행 ,5517,3,0,0
2019-01-29 23:46:40.466020,13106965,3,0,2019-01-29 03:46:37, 직장 생활넘나 행벅행 ,5519,2,0,0
2019-01-30 00:46:45.803231,13106965,3,0,2019-01-29 03:46:37, 직장 생활넘나 행벅행 ,5520,1,0,0
2019-01-30 01:46:37.903684,13106965,3,0,2019-01-29 03:46:37, 직장 생활넘나 행벅행 ,5525,5,0,0
2019-01-30 02:46:43.735302,13106965,3,0,2019-01-29 03:46:37, 직장 생활넘나 행벅행 ,5528,3,0,0
2019-01-30 03:46:48.750527,13106965,3,0,2019-01-29 03:46:37, 직장 생활넘나 행벅행 ,5530,2,0,0
