check_time,id,post_reply,post_symph,post_time,post_title,post_view,post_view_diff,post_reply_diff,post_symph_diff
2019-01-25 04:20:49.630867,13092218,3,0,2019-01-25 03:20:40, 급격하게 빠른 한국의 고령화 속도.JPG ,1264,1264,3,0
2019-01-25 05:20:41.638777,13092218,3,0,2019-01-25 03:20:40, 급격하게 빠른 한국의 고령화 속도.JPG ,1668,404,0,0
2019-01-25 06:20:46.597998,13092218,4,0,2019-01-25 03:20:40, 급격하게 빠른 한국의 고령화 속도.JPG ,2252,584,1,0
2019-01-25 07:20:51.604218,13092218,6,1,2019-01-25 03:20:40, 급격하게 빠른 한국의 고령화 속도.JPG ,3211,959,2,1
2019-01-25 08:20:43.596899,13092218,6,1,2019-01-25 03:20:40, 급격하게 빠른 한국의 고령화 속도.JPG ,4432,1221,0,0
2019-01-25 09:20:48.651214,13092218,6,1,2019-01-25 03:20:40, 급격하게 빠른 한국의 고령화 속도.JPG ,5192,760,0,0
2019-01-25 10:20:40.783006,13092218,6,1,2019-01-25 03:20:40, 급격하게 빠른 한국의 고령화 속도.JPG ,5482,290,0,0
2019-01-25 11:20:45.743526,13092218,6,1,2019-01-25 03:20:40, 급격하게 빠른 한국의 고령화 속도.JPG ,5602,120,0,0
2019-01-25 12:20:51.066257,13092218,6,1,2019-01-25 03:20:40, 급격하게 빠른 한국의 고령화 속도.JPG ,5667,65,0,0
2019-01-25 13:20:43.167275,13092218,6,1,2019-01-25 03:20:40, 급격하게 빠른 한국의 고령화 속도.JPG ,5710,43,0,0
2019-01-25 14:20:48.177323,13092218,6,1,2019-01-25 03:20:40, 급격하게 빠른 한국의 고령화 속도.JPG ,5731,21,0,0
2019-01-25 15:20:40.181925,13092218,6,1,2019-01-25 03:20:40, 급격하게 빠른 한국의 고령화 속도.JPG ,5749,18,0,0
2019-01-25 16:20:45.617167,13092218,6,1,2019-01-25 03:20:40, 급격하게 빠른 한국의 고령화 속도.JPG ,5761,12,0,0
2019-01-25 17:20:50.696719,13092218,6,1,2019-01-25 03:20:40, 급격하게 빠른 한국의 고령화 속도.JPG ,5772,11,0,0
2019-01-25 18:20:42.842657,13092218,6,1,2019-01-25 03:20:40, 급격하게 빠른 한국의 고령화 속도.JPG ,5789,17,0,0
2019-01-25 19:20:47.958503,13092218,6,1,2019-01-25 03:20:40, 급격하게 빠른 한국의 고령화 속도.JPG ,5795,6,0,0
2019-01-25 20:20:40.119239,13092218,6,1,2019-01-25 03:20:40, 급격하게 빠른 한국의 고령화 속도.JPG ,5801,6,0,0
2019-01-25 21:20:45.447220,13092218,6,1,2019-01-25 03:20:40, 급격하게 빠른 한국의 고령화 속도.JPG ,5811,10,0,0
2019-01-25 22:20:50.594271,13092218,6,1,2019-01-25 03:20:40, 급격하게 빠른 한국의 고령화 속도.JPG ,5813,2,0,0
2019-01-25 23:20:49.796849,13092218,6,1,2019-01-25 03:20:40, 급격하게 빠른 한국의 고령화 속도.JPG ,5820,7,0,0
2019-01-26 00:20:41.993309,13092218,6,1,2019-01-25 03:20:40, 급격하게 빠른 한국의 고령화 속도.JPG ,5823,3,0,0
2019-01-26 01:20:47.135101,13092218,6,1,2019-01-25 03:20:40, 급격하게 빠른 한국의 고령화 속도.JPG ,5826,3,0,0
2019-01-26 02:20:52.268866,13092218,6,1,2019-01-25 03:20:40, 급격하게 빠른 한국의 고령화 속도.JPG ,5828,2,0,0
2019-01-26 03:20:44.354290,13092218,6,1,2019-01-25 03:20:40, 급격하게 빠른 한국의 고령화 속도.JPG ,5831,3,0,0
