check_time,id,post_reply,post_symph,post_time,post_title,post_view,post_view_diff,post_reply_diff,post_symph_diff
2019-01-29 04:17:21.105264,13106955,8,0,2019-01-29 03:17:11, 라쿤의 본능과 지능.gif ,1668,1668,8,0
2019-01-29 05:17:13.129668,13106955,11,0,2019-01-29 03:17:11, 라쿤의 본능과 지능.gif ,2639,971,3,0
2019-01-29 06:17:18.221466,13106955,12,0,2019-01-29 03:17:11, 라쿤의 본능과 지능.gif ,3960,1321,1,0
2019-01-29 07:17:23.169996,13106955,12,0,2019-01-29 03:17:11, 라쿤의 본능과 지능.gif ,6175,2215,0,0
2019-01-29 08:17:15.209681,13106955,12,0,2019-01-29 03:17:11, 라쿤의 본능과 지능.gif ,8827,2652,0,0
2019-01-29 09:17:20.228409,13106955,13,1,2019-01-29 03:17:11, 라쿤의 본능과 지능.gif ,10507,1680,1,1
2019-01-29 10:17:12.241404,13106955,13,1,2019-01-29 03:17:11, 라쿤의 본능과 지능.gif ,11096,589,0,0
2019-01-29 11:17:17.298309,13106955,13,1,2019-01-29 03:17:11, 라쿤의 본능과 지능.gif ,11377,281,0,0
2019-01-29 12:17:22.909969,13106955,13,1,2019-01-29 03:17:11, 라쿤의 본능과 지능.gif ,11483,106,0,0
2019-01-29 13:17:15.092266,13106955,13,1,2019-01-29 03:17:11, 라쿤의 본능과 지능.gif ,11546,63,0,0
2019-01-29 14:17:20.307327,13106955,13,1,2019-01-29 03:17:11, 라쿤의 본능과 지능.gif ,11606,60,0,0
2019-01-29 15:17:12.428012,13106955,13,1,2019-01-29 03:17:11, 라쿤의 본능과 지능.gif ,11633,27,0,0
2019-01-29 16:17:17.989991,13106955,13,1,2019-01-29 03:17:11, 라쿤의 본능과 지능.gif ,11657,24,0,0
2019-01-29 17:17:23.300633,13106955,13,1,2019-01-29 03:17:11, 라쿤의 본능과 지능.gif ,11692,35,0,0
2019-01-29 18:17:15.419401,13106955,13,1,2019-01-29 03:17:11, 라쿤의 본능과 지능.gif ,11703,11,0,0
2019-01-29 19:17:21.010342,13106955,13,1,2019-01-29 03:17:11, 라쿤의 본능과 지능.gif ,11727,24,0,0
2019-01-29 20:17:13.070825,13106955,13,1,2019-01-29 03:17:11, 라쿤의 본능과 지능.gif ,11741,14,0,0
2019-01-29 21:17:18.103956,13106955,13,1,2019-01-29 03:17:11, 라쿤의 본능과 지능.gif ,11753,12,0,0
2019-01-29 22:17:23.307269,13106955,13,1,2019-01-29 03:17:11, 라쿤의 본능과 지능.gif ,11756,3,0,0
2019-01-29 23:17:15.360567,13106955,13,1,2019-01-29 03:17:11, 라쿤의 본능과 지능.gif ,11763,7,0,0
2019-01-30 00:17:20.466961,13106955,13,1,2019-01-29 03:17:11, 라쿤의 본능과 지능.gif ,11769,6,0,0
2019-01-30 01:17:12.760555,13106955,13,1,2019-01-29 03:17:11, 라쿤의 본능과 지능.gif ,11779,10,0,0
2019-01-30 02:17:17.830909,13106955,13,1,2019-01-29 03:17:11, 라쿤의 본능과 지능.gif ,11787,8,0,0
2019-01-30 03:17:22.961837,13106955,13,1,2019-01-29 03:17:11, 라쿤의 본능과 지능.gif ,11789,2,0,0
