check_time,id,post_reply,post_symph,post_time,post_title,post_view,post_view_diff,post_reply_diff,post_symph_diff
2019-01-31 04:07:03.512774,13114948,0,0,2019-01-31 03:07:02, 바이오하자드 RE:2 다회차 소감 ,527,527,0,0
2019-01-31 05:07:08.570484,13114948,1,0,2019-01-31 03:07:02, 바이오하자드 RE:2 다회차 소감 ,756,229,1,0
2019-01-31 06:07:13.749577,13114948,1,0,2019-01-31 03:07:02, 바이오하자드 RE:2 다회차 소감 ,1014,258,0,0
2019-01-31 07:07:05.855474,13114948,1,0,2019-01-31 03:07:02, 바이오하자드 RE:2 다회차 소감 ,1398,384,0,0
2019-01-31 08:07:11.423050,13114948,1,0,2019-01-31 03:07:02, 바이오하자드 RE:2 다회차 소감 ,1849,451,0,0
2019-01-31 09:07:03.863541,13114948,1,0,2019-01-31 03:07:02, 바이오하자드 RE:2 다회차 소감 ,2087,238,0,0
2019-01-31 10:07:09.139181,13114948,1,0,2019-01-31 03:07:02, 바이오하자드 RE:2 다회차 소감 ,2185,98,0,0
2019-01-31 11:07:14.546299,13114948,1,0,2019-01-31 03:07:02, 바이오하자드 RE:2 다회차 소감 ,2216,31,0,0
2019-01-31 12:07:06.546062,13114948,1,0,2019-01-31 03:07:02, 바이오하자드 RE:2 다회차 소감 ,2227,11,0,0
2019-01-31 13:07:11.929858,13114948,1,0,2019-01-31 03:07:02, 바이오하자드 RE:2 다회차 소감 ,2235,8,0,0
2019-01-31 14:07:03.970955,13114948,1,0,2019-01-31 03:07:02, 바이오하자드 RE:2 다회차 소감 ,2242,7,0,0
2019-01-31 15:07:09.125703,13114948,1,0,2019-01-31 03:07:02, 바이오하자드 RE:2 다회차 소감 ,2244,2,0,0
2019-01-31 16:07:14.758312,13114948,1,0,2019-01-31 03:07:02, 바이오하자드 RE:2 다회차 소감 ,2247,3,0,0
2019-01-31 17:07:06.848545,13114948,1,0,2019-01-31 03:07:02, 바이오하자드 RE:2 다회차 소감 ,2250,3,0,0
2019-01-31 18:07:11.873682,13114948,1,0,2019-01-31 03:07:02, 바이오하자드 RE:2 다회차 소감 ,2254,4,0,0
2019-01-31 19:07:03.873922,13114948,1,0,2019-01-31 03:07:02, 바이오하자드 RE:2 다회차 소감 ,2255,1,0,0
2019-01-31 20:07:09.223501,13114948,1,0,2019-01-31 03:07:02, 바이오하자드 RE:2 다회차 소감 ,2257,2,0,0
2019-01-31 21:07:14.323884,13114948,1,0,2019-01-31 03:07:02, 바이오하자드 RE:2 다회차 소감 ,2263,6,0,0
2019-01-31 22:07:06.453561,13114948,1,0,2019-01-31 03:07:02, 바이오하자드 RE:2 다회차 소감 ,2265,2,0,0
2019-01-31 23:07:12.245610,13114948,1,0,2019-01-31 03:07:02, 바이오하자드 RE:2 다회차 소감 ,2269,4,0,0
2019-02-01 00:07:04.494297,13114948,1,0,2019-01-31 03:07:02, 바이오하자드 RE:2 다회차 소감 ,2271,2,0,0
2019-02-01 01:07:09.603010,13114948,1,0,2019-01-31 03:07:02, 바이오하자드 RE:2 다회차 소감 ,2275,4,0,0
2019-02-01 02:07:14.752611,13114948,1,0,2019-01-31 03:07:02, 바이오하자드 RE:2 다회차 소감 ,2278,3,0,0
2019-02-01 03:07:07.052967,13114948,1,0,2019-01-31 03:07:02, 바이오하자드 RE:2 다회차 소감 ,2278,0,0,0
