check_time,id,post_reply,post_symph,post_time,post_title,post_view,post_view_diff,post_reply_diff,post_symph_diff
2019-01-31 04:15:38.961576,13114952,4,0,2019-01-31 03:15:26, 요즘 취하면 듣는 승환옹 노래.. ,246,246,4,0
2019-01-31 05:15:31.224658,13114952,4,0,2019-01-31 03:15:26, 요즘 취하면 듣는 승환옹 노래.. ,358,112,0,0
2019-01-31 06:15:36.254352,13114952,4,0,2019-01-31 03:15:26, 요즘 취하면 듣는 승환옹 노래.. ,497,139,0,0
2019-01-31 07:15:28.397369,13114952,4,0,2019-01-31 03:15:26, 요즘 취하면 듣는 승환옹 노래.. ,687,190,0,0
2019-01-31 08:15:33.419104,13114952,4,1,2019-01-31 03:15:26, 요즘 취하면 듣는 승환옹 노래.. ,871,184,0,1
2019-01-31 09:15:38.434620,13114952,4,1,2019-01-31 03:15:26, 요즘 취하면 듣는 승환옹 노래.. ,941,70,0,0
2019-01-31 10:15:30.507351,13114952,4,1,2019-01-31 03:15:26, 요즘 취하면 듣는 승환옹 노래.. ,965,24,0,0
2019-01-31 11:15:35.560394,13114952,4,1,2019-01-31 03:15:26, 요즘 취하면 듣는 승환옹 노래.. ,977,12,0,0
2019-01-31 12:15:27.578391,13114952,4,1,2019-01-31 03:15:26, 요즘 취하면 듣는 승환옹 노래.. ,985,8,0,0
2019-01-31 13:15:32.797480,13114952,4,1,2019-01-31 03:15:26, 요즘 취하면 듣는 승환옹 노래.. ,990,5,0,0
2019-01-31 14:15:37.874204,13114952,4,1,2019-01-31 03:15:26, 요즘 취하면 듣는 승환옹 노래.. ,996,6,0,0
2019-01-31 15:15:29.960287,13114952,4,1,2019-01-31 03:15:26, 요즘 취하면 듣는 승환옹 노래.. ,1002,6,0,0
2019-01-31 16:15:35.038267,13114952,4,1,2019-01-31 03:15:26, 요즘 취하면 듣는 승환옹 노래.. ,1003,1,0,0
2019-01-31 17:15:27.151350,13114952,4,1,2019-01-31 03:15:26, 요즘 취하면 듣는 승환옹 노래.. ,1009,6,0,0
2019-01-31 18:15:32.303529,13114952,4,1,2019-01-31 03:15:26, 요즘 취하면 듣는 승환옹 노래.. ,1012,3,0,0
2019-01-31 19:15:37.387035,13114952,4,1,2019-01-31 03:15:26, 요즘 취하면 듣는 승환옹 노래.. ,1014,2,0,0
2019-01-31 20:15:29.415626,13114952,4,1,2019-01-31 03:15:26, 요즘 취하면 듣는 승환옹 노래.. ,1016,2,0,0
2019-01-31 21:15:34.452975,13114952,4,1,2019-01-31 03:15:26, 요즘 취하면 듣는 승환옹 노래.. ,1018,2,0,0
2019-01-31 22:15:26.493576,13114952,4,1,2019-01-31 03:15:26, 요즘 취하면 듣는 승환옹 노래.. ,1019,1,0,0
2019-01-31 23:15:31.413571,13114952,4,1,2019-01-31 03:15:26, 요즘 취하면 듣는 승환옹 노래.. ,1020,1,0,0
2019-02-01 00:15:36.428466,13114952,4,1,2019-01-31 03:15:26, 요즘 취하면 듣는 승환옹 노래.. ,1021,1,0,0
2019-02-01 01:15:28.519759,13114952,4,1,2019-01-31 03:15:26, 요즘 취하면 듣는 승환옹 노래.. ,1025,4,0,0
2019-02-01 02:15:33.546954,13114952,4,1,2019-01-31 03:15:26, 요즘 취하면 듣는 승환옹 노래.. ,1026,1,0,0
2019-02-01 03:15:38.572275,13114952,4,1,2019-01-31 03:15:26, 요즘 취하면 듣는 승환옹 노래.. ,1028,2,0,0
