check_time,id,post_reply,post_symph,post_time,post_title,post_view,post_view_diff,post_reply_diff,post_symph_diff
2019-01-28 04:41:19.613839,13103135,19,1,2019-01-28 03:41:11, 현직 택시기사 주말 수입입니다 혹시 모를 질문도 받습니다 ,1093,1093,19,1
2019-01-28 05:41:11.867137,13103135,21,1,2019-01-28 03:41:11, 현직 택시기사 주말 수입입니다 혹시 모를 질문도 받습니다 ,1760,667,2,0
2019-01-28 06:41:16.887568,13103135,21,1,2019-01-28 03:41:11, 현직 택시기사 주말 수입입니다 혹시 모를 질문도 받습니다 ,2650,890,0,0
2019-01-28 07:41:22.009283,13103135,24,1,2019-01-28 03:41:11, 현직 택시기사 주말 수입입니다 혹시 모를 질문도 받습니다 ,3978,1328,3,0
2019-01-28 08:41:14.290740,13103135,33,1,2019-01-28 03:41:11, 현직 택시기사 주말 수입입니다 혹시 모를 질문도 받습니다 ,5200,1222,9,0
2019-01-28 09:41:19.313735,13103135,37,1,2019-01-28 03:41:11, 현직 택시기사 주말 수입입니다 혹시 모를 질문도 받습니다 ,5697,497,4,0
2019-01-28 10:41:11.342787,13103135,38,1,2019-01-28 03:41:11, 현직 택시기사 주말 수입입니다 혹시 모를 질문도 받습니다 ,5883,186,1,0
2019-01-28 11:41:16.340515,13103135,38,1,2019-01-28 03:41:11, 현직 택시기사 주말 수입입니다 혹시 모를 질문도 받습니다 ,5977,94,0,0
2019-01-28 12:41:21.649793,13103135,38,1,2019-01-28 03:41:11, 현직 택시기사 주말 수입입니다 혹시 모를 질문도 받습니다 ,6047,70,0,0
2019-01-28 13:41:13.624260,13103135,39,1,2019-01-28 03:41:11, 현직 택시기사 주말 수입입니다 혹시 모를 질문도 받습니다 ,6113,66,1,0
2019-01-28 14:41:18.751049,13103135,40,1,2019-01-28 03:41:11, 현직 택시기사 주말 수입입니다 혹시 모를 질문도 받습니다 ,6134,21,1,0
2019-01-28 15:41:23.758262,13103135,42,1,2019-01-28 03:41:11, 현직 택시기사 주말 수입입니다 혹시 모를 질문도 받습니다 ,6155,21,2,0
2019-01-28 16:41:15.790552,13103135,42,1,2019-01-28 03:41:11, 현직 택시기사 주말 수입입니다 혹시 모를 질문도 받습니다 ,6172,17,0,0
2019-01-28 17:41:20.823820,13103135,42,1,2019-01-28 03:41:11, 현직 택시기사 주말 수입입니다 혹시 모를 질문도 받습니다 ,6184,12,0,0
2019-01-28 18:41:12.842357,13103135,42,1,2019-01-28 03:41:11, 현직 택시기사 주말 수입입니다 혹시 모를 질문도 받습니다 ,6191,7,0,0
2019-01-28 19:41:17.922264,13103135,42,1,2019-01-28 03:41:11, 현직 택시기사 주말 수입입니다 혹시 모를 질문도 받습니다 ,6196,5,0,0
2019-01-28 20:41:23.229416,13103135,42,1,2019-01-28 03:41:11, 현직 택시기사 주말 수입입니다 혹시 모를 질문도 받습니다 ,6202,6,0,0
2019-01-28 21:41:15.243283,13103135,42,1,2019-01-28 03:41:11, 현직 택시기사 주말 수입입니다 혹시 모를 질문도 받습니다 ,6211,9,0,0
2019-01-28 22:41:20.295655,13103135,42,1,2019-01-28 03:41:11, 현직 택시기사 주말 수입입니다 혹시 모를 질문도 받습니다 ,6215,4,0,0
2019-01-28 23:41:12.344333,13103135,42,1,2019-01-28 03:41:11, 현직 택시기사 주말 수입입니다 혹시 모를 질문도 받습니다 ,6222,7,0,0
2019-01-29 00:41:17.462303,13103135,42,1,2019-01-28 03:41:11, 현직 택시기사 주말 수입입니다 혹시 모를 질문도 받습니다 ,6227,5,0,0
2019-01-29 01:41:22.518090,13103135,42,1,2019-01-28 03:41:11, 현직 택시기사 주말 수입입니다 혹시 모를 질문도 받습니다 ,6231,4,0,0
2019-01-29 02:41:14.553888,13103135,42,1,2019-01-28 03:41:11, 현직 택시기사 주말 수입입니다 혹시 모를 질문도 받습니다 ,6236,5,0,0
2019-01-29 03:41:19.539696,13103135,42,1,2019-01-28 03:41:11, 현직 택시기사 주말 수입입니다 혹시 모를 질문도 받습니다 ,6238,2,0,0
