check_time,id,post_reply,post_symph,post_time,post_title,post_view,post_view_diff,post_reply_diff,post_symph_diff
2019-01-28 20:17:11.123526,13105717,3,0,2019-01-28 19:17:05, 손혜원 의원 관련 새로운 사실처럼 보도하는 매체들 ,1140,1140,3,0
2019-01-28 21:17:16.321225,13105717,3,0,2019-01-28 19:17:05, 손혜원 의원 관련 새로운 사실처럼 보도하는 매체들 ,1275,135,0,0
2019-01-28 22:17:08.320480,13105717,3,0,2019-01-28 19:17:05, 손혜원 의원 관련 새로운 사실처럼 보도하는 매체들 ,1332,57,0,0
2019-01-28 23:17:13.361299,13105717,3,0,2019-01-28 19:17:05, 손혜원 의원 관련 새로운 사실처럼 보도하는 매체들 ,1363,31,0,0
2019-01-29 00:17:05.387938,13105717,3,0,2019-01-28 19:17:05, 손혜원 의원 관련 새로운 사실처럼 보도하는 매체들 ,1379,16,0,0
2019-01-29 01:17:10.557487,13105717,3,0,2019-01-28 19:17:05, 손혜원 의원 관련 새로운 사실처럼 보도하는 매체들 ,1386,7,0,0
2019-01-29 02:17:15.623674,13105717,3,0,2019-01-28 19:17:05, 손혜원 의원 관련 새로운 사실처럼 보도하는 매체들 ,1390,4,0,0
2019-01-29 03:17:07.694718,13105717,3,0,2019-01-28 19:17:05, 손혜원 의원 관련 새로운 사실처럼 보도하는 매체들 ,1394,4,0,0
2019-01-29 04:17:12.765912,13105717,3,0,2019-01-28 19:17:05, 손혜원 의원 관련 새로운 사실처럼 보도하는 매체들 ,1397,3,0,0
2019-01-29 05:17:17.879577,13105717,3,0,2019-01-28 19:17:05, 손혜원 의원 관련 새로운 사실처럼 보도하는 매체들 ,1399,2,0,0
2019-01-29 06:17:09.866131,13105717,3,0,2019-01-28 19:17:05, 손혜원 의원 관련 새로운 사실처럼 보도하는 매체들 ,1403,4,0,0
2019-01-29 07:17:14.871610,13105717,3,0,2019-01-28 19:17:05, 손혜원 의원 관련 새로운 사실처럼 보도하는 매체들 ,1404,1,0,0
2019-01-29 08:17:06.840058,13105717,3,0,2019-01-28 19:17:05, 손혜원 의원 관련 새로운 사실처럼 보도하는 매체들 ,1406,2,0,0
2019-01-29 09:17:11.962182,13105717,3,0,2019-01-28 19:17:05, 손혜원 의원 관련 새로운 사실처럼 보도하는 매체들 ,1408,2,0,0
2019-01-29 10:17:17.093140,13105717,3,0,2019-01-28 19:17:05, 손혜원 의원 관련 새로운 사실처럼 보도하는 매체들 ,1411,3,0,0
2019-01-29 11:17:09.169064,13105717,3,0,2019-01-28 19:17:05, 손혜원 의원 관련 새로운 사실처럼 보도하는 매체들 ,1416,5,0,0
2019-01-29 12:17:14.299135,13105717,3,0,2019-01-28 19:17:05, 손혜원 의원 관련 새로운 사실처럼 보도하는 매체들 ,1418,2,0,0
2019-01-29 13:17:06.389140,13105717,3,0,2019-01-28 19:17:05, 손혜원 의원 관련 새로운 사실처럼 보도하는 매체들 ,1423,5,0,0
2019-01-29 14:17:11.493920,13105717,3,0,2019-01-28 19:17:05, 손혜원 의원 관련 새로운 사실처럼 보도하는 매체들 ,1425,2,0,0
2019-01-29 15:17:16.505790,13105717,3,0,2019-01-28 19:17:05, 손혜원 의원 관련 새로운 사실처럼 보도하는 매체들 ,1428,3,0,0
2019-01-29 16:17:08.545855,13105717,3,0,2019-01-28 19:17:05, 손혜원 의원 관련 새로운 사실처럼 보도하는 매체들 ,1433,5,0,0
2019-01-29 17:17:13.602131,13105717,3,0,2019-01-28 19:17:05, 손혜원 의원 관련 새로운 사실처럼 보도하는 매체들 ,1439,6,0,0
2019-01-29 18:17:05.813811,13105717,3,0,2019-01-28 19:17:05, 손혜원 의원 관련 새로운 사실처럼 보도하는 매체들 ,1441,2,0,0
2019-01-29 19:17:10.877305,13105717,3,0,2019-01-28 19:17:05, 손혜원 의원 관련 새로운 사실처럼 보도하는 매체들 ,1443,2,0,0
