check_time,id,post_reply,post_symph,post_time,post_title,post_view,post_view_diff,post_reply_diff,post_symph_diff
2019-01-24 20:27:16.301464,13090716,2,0,2019-01-24 19:27:08, 손석희 사장 후임으로 조갑제씨 추천합니다 ,1034,1034,2,0
2019-01-24 21:27:08.334545,13090716,2,0,2019-01-24 19:27:08, 손석희 사장 후임으로 조갑제씨 추천합니다 ,1083,49,0,0
2019-01-24 22:27:13.403454,13090716,2,0,2019-01-24 19:27:08, 손석희 사장 후임으로 조갑제씨 추천합니다 ,1101,18,0,0
2019-01-24 23:27:18.498633,13090716,2,0,2019-01-24 19:27:08, 손석희 사장 후임으로 조갑제씨 추천합니다 ,1111,10,0,0
2019-01-25 00:27:10.551963,13090716,2,0,2019-01-24 19:27:08, 손석희 사장 후임으로 조갑제씨 추천합니다 ,1117,6,0,0
2019-01-25 01:27:16.076150,13090716,2,0,2019-01-24 19:27:08, 손석희 사장 후임으로 조갑제씨 추천합니다 ,1125,8,0,0
2019-01-25 02:27:08.084825,13090716,2,0,2019-01-24 19:27:08, 손석희 사장 후임으로 조갑제씨 추천합니다 ,1128,3,0,0
2019-01-25 03:27:13.077233,13090716,2,0,2019-01-24 19:27:08, 손석희 사장 후임으로 조갑제씨 추천합니다 ,1132,4,0,0
2019-01-25 04:27:18.100327,13090716,2,0,2019-01-24 19:27:08, 손석희 사장 후임으로 조갑제씨 추천합니다 ,1134,2,0,0
2019-01-25 05:27:10.096490,13090716,2,0,2019-01-24 19:27:08, 손석희 사장 후임으로 조갑제씨 추천합니다 ,1136,2,0,0
2019-01-25 06:27:15.057843,13090716,2,0,2019-01-24 19:27:08, 손석희 사장 후임으로 조갑제씨 추천합니다 ,1138,2,0,0
2019-01-25 07:27:20.285314,13090716,2,0,2019-01-24 19:27:08, 손석희 사장 후임으로 조갑제씨 추천합니다 ,1140,2,0,0
2019-01-25 08:27:12.352877,13090716,2,0,2019-01-24 19:27:08, 손석희 사장 후임으로 조갑제씨 추천합니다 ,1141,1,0,0
2019-01-25 09:27:17.367122,13090716,2,0,2019-01-24 19:27:08, 손석희 사장 후임으로 조갑제씨 추천합니다 ,1142,1,0,0
2019-01-25 10:27:09.357445,13090716,2,0,2019-01-24 19:27:08, 손석희 사장 후임으로 조갑제씨 추천합니다 ,1146,4,0,0
2019-01-25 11:27:14.584305,13090716,2,0,2019-01-24 19:27:08, 손석희 사장 후임으로 조갑제씨 추천합니다 ,1150,4,0,0
2019-01-25 12:27:19.616492,13090716,2,0,2019-01-24 19:27:08, 손석희 사장 후임으로 조갑제씨 추천합니다 ,1151,1,0,0
2019-01-25 13:27:11.682906,13090716,2,0,2019-01-24 19:27:08, 손석희 사장 후임으로 조갑제씨 추천합니다 ,1155,4,0,0
2019-01-25 14:27:16.724587,13090716,2,0,2019-01-24 19:27:08, 손석희 사장 후임으로 조갑제씨 추천합니다 ,1157,2,0,0
2019-01-25 15:27:08.774326,13090716,2,0,2019-01-24 19:27:08, 손석희 사장 후임으로 조갑제씨 추천합니다 ,1160,3,0,0
2019-01-25 16:27:14.041475,13090716,2,0,2019-01-24 19:27:08, 손석희 사장 후임으로 조갑제씨 추천합니다 ,1161,1,0,0
2019-01-25 17:27:19.097155,13090716,2,0,2019-01-24 19:27:08, 손석희 사장 후임으로 조갑제씨 추천합니다 ,1163,2,0,0
2019-01-25 18:27:11.131249,13090716,2,0,2019-01-24 19:27:08, 손석희 사장 후임으로 조갑제씨 추천합니다 ,1164,1,0,0
2019-01-25 19:27:16.191450,13090716,2,0,2019-01-24 19:27:08, 손석희 사장 후임으로 조갑제씨 추천합니다 ,1166,2,0,0
