check_time,id,post_reply,post_symph,post_time,post_title,post_view,post_view_diff,post_reply_diff,post_symph_diff
2019-01-26 20:27:36.942407,13098839,4,0,2019-01-26 19:27:25, 첫 파스타 데뷔입니다. ,1290,1290,4,0
2019-01-26 21:27:29.181423,13098839,4,0,2019-01-26 19:27:25, 첫 파스타 데뷔입니다. ,1573,283,0,0
2019-01-26 22:27:34.320465,13098839,4,0,2019-01-26 19:27:25, 첫 파스타 데뷔입니다. ,1676,103,0,0
2019-01-26 23:27:26.378360,13098839,4,0,2019-01-26 19:27:25, 첫 파스타 데뷔입니다. ,1729,53,0,0
2019-01-27 00:27:31.428294,13098839,4,0,2019-01-26 19:27:25, 첫 파스타 데뷔입니다. ,1748,19,0,0
2019-01-27 01:27:36.521829,13098839,4,0,2019-01-26 19:27:25, 첫 파스타 데뷔입니다. ,1762,14,0,0
2019-01-27 02:27:28.538256,13098839,4,0,2019-01-26 19:27:25, 첫 파스타 데뷔입니다. ,1765,3,0,0
2019-01-27 03:27:33.558332,13098839,4,0,2019-01-26 19:27:25, 첫 파스타 데뷔입니다. ,1776,11,0,0
2019-01-27 04:27:25.586973,13098839,4,0,2019-01-26 19:27:25, 첫 파스타 데뷔입니다. ,1779,3,0,0
2019-01-27 05:27:30.833693,13098839,4,0,2019-01-26 19:27:25, 첫 파스타 데뷔입니다. ,1782,3,0,0
2019-01-27 06:27:36.087991,13098839,4,0,2019-01-26 19:27:25, 첫 파스타 데뷔입니다. ,1785,3,0,0
2019-01-27 07:27:28.160810,13098839,4,0,2019-01-26 19:27:25, 첫 파스타 데뷔입니다. ,1787,2,0,0
2019-01-27 08:27:33.430518,13098839,4,0,2019-01-26 19:27:25, 첫 파스타 데뷔입니다. ,1793,6,0,0
2019-01-27 09:27:25.539630,13098839,4,0,2019-01-26 19:27:25, 첫 파스타 데뷔입니다. ,1795,2,0,0
2019-01-27 10:27:30.553093,13098839,4,0,2019-01-26 19:27:25, 첫 파스타 데뷔입니다. ,1797,2,0,0
2019-01-27 11:27:35.990118,13098839,4,0,2019-01-26 19:27:25, 첫 파스타 데뷔입니다. ,1801,4,0,0
2019-01-27 12:27:28.039809,13098839,4,0,2019-01-26 19:27:25, 첫 파스타 데뷔입니다. ,1803,2,0,0
2019-01-27 13:27:33.151317,13098839,4,0,2019-01-26 19:27:25, 첫 파스타 데뷔입니다. ,1804,1,0,0
2019-01-27 14:27:25.207164,13098839,4,0,2019-01-26 19:27:25, 첫 파스타 데뷔입니다. ,1806,2,0,0
2019-01-27 15:27:30.366719,13098839,4,0,2019-01-26 19:27:25, 첫 파스타 데뷔입니다. ,1809,3,0,0
2019-01-27 16:27:35.420290,13098839,4,0,2019-01-26 19:27:25, 첫 파스타 데뷔입니다. ,1810,1,0,0
2019-01-27 17:27:27.460087,13098839,4,0,2019-01-26 19:27:25, 첫 파스타 데뷔입니다. ,1811,1,0,0
2019-01-27 18:27:33.387149,13098839,4,0,2019-01-26 19:27:25, 첫 파스타 데뷔입니다. ,1813,2,0,0
2019-01-27 19:27:25.496249,13098839,4,0,2019-01-26 19:27:25, 첫 파스타 데뷔입니다. ,1817,4,0,0
