check_time,id,post_reply,post_symph,post_time,post_title,post_view,post_view_diff,post_reply_diff,post_symph_diff
2019-01-30 20:22:09.658989,13113757,5,0,2019-01-30 19:22:01, Sbs끝까지 파는 넘들부터 수상합니다 ,957,957,5,0
2019-01-30 21:22:01.653744,13113757,5,0,2019-01-30 19:22:01, Sbs끝까지 파는 넘들부터 수상합니다 ,1055,98,0,0
2019-01-30 22:22:06.773642,13113757,5,0,2019-01-30 19:22:01, Sbs끝까지 파는 넘들부터 수상합니다 ,1084,29,0,0
2019-01-30 23:22:11.788824,13113757,5,0,2019-01-30 19:22:01, Sbs끝까지 파는 넘들부터 수상합니다 ,1099,15,0,0
2019-01-31 00:22:03.805541,13113757,5,0,2019-01-30 19:22:01, Sbs끝까지 파는 넘들부터 수상합니다 ,1106,7,0,0
2019-01-31 01:22:08.877534,13113757,5,0,2019-01-30 19:22:01, Sbs끝까지 파는 넘들부터 수상합니다 ,1120,14,0,0
2019-01-31 02:22:13.986652,13113757,5,0,2019-01-30 19:22:01, Sbs끝까지 파는 넘들부터 수상합니다 ,1123,3,0,0
2019-01-31 03:22:05.967791,13113757,5,0,2019-01-30 19:22:01, Sbs끝까지 파는 넘들부터 수상합니다 ,1126,3,0,0
2019-01-31 04:22:10.968477,13113757,5,0,2019-01-30 19:22:01, Sbs끝까지 파는 넘들부터 수상합니다 ,1132,6,0,0
2019-01-31 05:22:02.973898,13113757,5,0,2019-01-30 19:22:01, Sbs끝까지 파는 넘들부터 수상합니다 ,1132,0,0,0
2019-01-31 06:22:07.952826,13113757,5,0,2019-01-30 19:22:01, Sbs끝까지 파는 넘들부터 수상합니다 ,1133,1,0,0
2019-01-31 07:22:13.097177,13113757,5,0,2019-01-30 19:22:01, Sbs끝까지 파는 넘들부터 수상합니다 ,1137,4,0,0
2019-01-31 08:22:04.993207,13113757,5,0,2019-01-30 19:22:01, Sbs끝까지 파는 넘들부터 수상합니다 ,1140,3,0,0
2019-01-31 09:22:09.993743,13113757,5,0,2019-01-30 19:22:01, Sbs끝까지 파는 넘들부터 수상합니다 ,1145,5,0,0
2019-01-31 10:22:02.033041,13113757,5,0,2019-01-30 19:22:01, Sbs끝까지 파는 넘들부터 수상합니다 ,1150,5,0,0
2019-01-31 11:22:07.137685,13113757,5,0,2019-01-30 19:22:01, Sbs끝까지 파는 넘들부터 수상합니다 ,1152,2,0,0
2019-01-31 12:22:12.381511,13113757,5,0,2019-01-30 19:22:01, Sbs끝까지 파는 넘들부터 수상합니다 ,1156,4,0,0
2019-01-31 13:22:04.460042,13113757,5,0,2019-01-30 19:22:01, Sbs끝까지 파는 넘들부터 수상합니다 ,1158,2,0,0
2019-01-31 14:22:09.568737,13113757,5,0,2019-01-30 19:22:01, Sbs끝까지 파는 넘들부터 수상합니다 ,1160,2,0,0
2019-01-31 15:22:01.636646,13113757,5,0,2019-01-30 19:22:01, Sbs끝까지 파는 넘들부터 수상합니다 ,1162,2,0,0
2019-01-31 16:22:06.660679,13113757,5,0,2019-01-30 19:22:01, Sbs끝까지 파는 넘들부터 수상합니다 ,1162,0,0,0
2019-01-31 17:22:11.651577,13113757,5,0,2019-01-30 19:22:01, Sbs끝까지 파는 넘들부터 수상합니다 ,1163,1,0,0
2019-01-31 18:22:03.689545,13113757,5,0,2019-01-30 19:22:01, Sbs끝까지 파는 넘들부터 수상합니다 ,1165,2,0,0
2019-01-31 19:22:08.757578,13113757,5,0,2019-01-30 19:22:01, Sbs끝까지 파는 넘들부터 수상합니다 ,1167,2,0,0
