check_time,id,post_reply,post_symph,post_time,post_title,post_view,post_view_diff,post_reply_diff,post_symph_diff
2019-01-26 20:47:24.148742,13098893,3,0,2019-01-26 19:47:12, 어제 오늘 소개팅 하신분들 모여보십니다. ,742,742,3,0
2019-01-26 21:47:16.245226,13098893,3,0,2019-01-26 19:47:12, 어제 오늘 소개팅 하신분들 모여보십니다. ,876,134,0,0
2019-01-26 22:47:21.410347,13098893,3,0,2019-01-26 19:47:12, 어제 오늘 소개팅 하신분들 모여보십니다. ,978,102,0,0
2019-01-26 23:47:13.745944,13098893,3,0,2019-01-26 19:47:12, 어제 오늘 소개팅 하신분들 모여보십니다. ,1004,26,0,0
2019-01-27 00:47:18.910066,13098893,3,0,2019-01-26 19:47:12, 어제 오늘 소개팅 하신분들 모여보십니다. ,1017,13,0,0
2019-01-27 01:47:24.036356,13098893,3,0,2019-01-26 19:47:12, 어제 오늘 소개팅 하신분들 모여보십니다. ,1027,10,0,0
2019-01-27 02:47:16.181615,13098893,3,0,2019-01-26 19:47:12, 어제 오늘 소개팅 하신분들 모여보십니다. ,1034,7,0,0
2019-01-27 03:47:21.327350,13098893,3,0,2019-01-26 19:47:12, 어제 오늘 소개팅 하신분들 모여보십니다. ,1039,5,0,0
2019-01-27 04:47:14.507482,13098893,3,0,2019-01-26 19:47:12, 어제 오늘 소개팅 하신분들 모여보십니다. ,1043,4,0,0
2019-01-27 05:47:19.636395,13098893,3,0,2019-01-26 19:47:12, 어제 오늘 소개팅 하신분들 모여보십니다. ,1044,1,0,0
2019-01-27 06:47:12.097273,13098893,3,0,2019-01-26 19:47:12, 어제 오늘 소개팅 하신분들 모여보십니다. ,1046,2,0,0
2019-01-27 07:47:17.291774,13098893,3,0,2019-01-26 19:47:12, 어제 오늘 소개팅 하신분들 모여보십니다. ,1048,2,0,0
2019-01-27 08:47:22.432292,13098893,3,0,2019-01-26 19:47:12, 어제 오늘 소개팅 하신분들 모여보십니다. ,1051,3,0,0
2019-01-27 09:47:14.448406,13098893,3,0,2019-01-26 19:47:12, 어제 오늘 소개팅 하신분들 모여보십니다. ,1053,2,0,0
2019-01-27 10:47:19.515510,13098893,3,0,2019-01-26 19:47:12, 어제 오늘 소개팅 하신분들 모여보십니다. ,1058,5,0,0
2019-01-27 11:47:24.579377,13098893,3,0,2019-01-26 19:47:12, 어제 오늘 소개팅 하신분들 모여보십니다. ,1065,7,0,0
2019-01-27 12:47:16.668882,13098893,3,0,2019-01-26 19:47:12, 어제 오늘 소개팅 하신분들 모여보십니다. ,1069,4,0,0
2019-01-27 13:47:21.946856,13098893,3,0,2019-01-26 19:47:12, 어제 오늘 소개팅 하신분들 모여보십니다. ,1075,6,0,0
2019-01-27 14:47:14.013545,13098893,3,0,2019-01-26 19:47:12, 어제 오늘 소개팅 하신분들 모여보십니다. ,1076,1,0,0
2019-01-27 15:47:19.090646,13098893,3,0,2019-01-26 19:47:12, 어제 오늘 소개팅 하신분들 모여보십니다. ,1079,3,0,0
2019-01-27 16:47:24.156969,13098893,3,0,2019-01-26 19:47:12, 어제 오늘 소개팅 하신분들 모여보십니다. ,1086,7,0,0
2019-01-27 17:47:16.200869,13098893,3,0,2019-01-26 19:47:12, 어제 오늘 소개팅 하신분들 모여보십니다. ,1088,2,0,0
2019-01-27 18:47:21.234427,13098893,3,0,2019-01-26 19:47:12, 어제 오늘 소개팅 하신분들 모여보십니다. ,1095,7,0,0
2019-01-27 19:47:13.307866,13098893,3,0,2019-01-26 19:47:12, 어제 오늘 소개팅 하신분들 모여보십니다. ,1103,8,0,0
