check_time,id,post_reply,post_symph,post_time,post_title,post_view,post_view_diff,post_reply_diff,post_symph_diff
2019-01-29 20:26:58.255691,13109407,4,0,2019-01-29 19:26:48, 이번분기 애니작화 최강은 이거 아닌가요?? ,523,523,4,0
2019-01-29 21:26:50.596775,13109407,4,0,2019-01-29 19:26:48, 이번분기 애니작화 최강은 이거 아닌가요?? ,591,68,0,0
2019-01-29 22:26:55.746490,13109407,4,0,2019-01-29 19:26:48, 이번분기 애니작화 최강은 이거 아닌가요?? ,625,34,0,0
2019-01-29 23:27:00.822751,13109407,4,0,2019-01-29 19:26:48, 이번분기 애니작화 최강은 이거 아닌가요?? ,653,28,0,0
2019-01-30 00:26:53.080840,13109407,4,0,2019-01-29 19:26:48, 이번분기 애니작화 최강은 이거 아닌가요?? ,663,10,0,0
2019-01-30 01:26:58.300918,13109407,4,0,2019-01-29 19:26:48, 이번분기 애니작화 최강은 이거 아닌가요?? ,669,6,0,0
2019-01-30 02:26:50.413386,13109407,4,0,2019-01-29 19:26:48, 이번분기 애니작화 최강은 이거 아닌가요?? ,670,1,0,0
2019-01-30 03:26:55.558361,13109407,4,0,2019-01-29 19:26:48, 이번분기 애니작화 최강은 이거 아닌가요?? ,672,2,0,0
2019-01-30 04:27:00.696267,13109407,4,0,2019-01-29 19:26:48, 이번분기 애니작화 최강은 이거 아닌가요?? ,676,4,0,0
2019-01-30 05:26:52.744376,13109407,4,0,2019-01-29 19:26:48, 이번분기 애니작화 최강은 이거 아닌가요?? ,677,1,0,0
2019-01-30 06:26:57.837737,13109407,4,0,2019-01-29 19:26:48, 이번분기 애니작화 최강은 이거 아닌가요?? ,679,2,0,0
2019-01-30 07:26:49.855742,13109407,4,0,2019-01-29 19:26:48, 이번분기 애니작화 최강은 이거 아닌가요?? ,682,3,0,0
2019-01-30 08:26:55.241565,13109407,4,0,2019-01-29 19:26:48, 이번분기 애니작화 최강은 이거 아닌가요?? ,683,1,0,0
2019-01-30 09:27:00.266117,13109407,4,0,2019-01-29 19:26:48, 이번분기 애니작화 최강은 이거 아닌가요?? ,689,6,0,0
2019-01-30 10:26:52.292560,13109407,4,0,2019-01-29 19:26:48, 이번분기 애니작화 최강은 이거 아닌가요?? ,691,2,0,0
2019-01-30 11:26:57.511253,13109407,4,0,2019-01-29 19:26:48, 이번분기 애니작화 최강은 이거 아닌가요?? ,695,4,0,0
2019-01-30 12:26:49.605425,13109407,4,0,2019-01-29 19:26:48, 이번분기 애니작화 최강은 이거 아닌가요?? ,697,2,0,0
2019-01-30 13:26:54.809825,13109407,4,0,2019-01-29 19:26:48, 이번분기 애니작화 최강은 이거 아닌가요?? ,698,1,0,0
2019-01-30 14:26:59.812892,13109407,4,0,2019-01-29 19:26:48, 이번분기 애니작화 최강은 이거 아닌가요?? ,700,2,0,0
2019-01-30 15:26:51.850500,13109407,4,0,2019-01-29 19:26:48, 이번분기 애니작화 최강은 이거 아닌가요?? ,703,3,0,0
2019-01-30 16:26:57.083761,13109407,4,0,2019-01-29 19:26:48, 이번분기 애니작화 최강은 이거 아닌가요?? ,705,2,0,0
2019-01-30 17:26:49.221709,13109407,4,0,2019-01-29 19:26:48, 이번분기 애니작화 최강은 이거 아닌가요?? ,706,1,0,0
2019-01-30 18:26:54.538970,13109407,4,0,2019-01-29 19:26:48, 이번분기 애니작화 최강은 이거 아닌가요?? ,708,2,0,0
2019-01-30 19:26:59.582680,13109407,4,0,2019-01-29 19:26:48, 이번분기 애니작화 최강은 이거 아닌가요?? ,710,2,0,0
