check_time,id,post_reply,post_symph,post_time,post_title,post_view,post_view_diff,post_reply_diff,post_symph_diff
2019-01-24 20:22:42.537842,13090697,2,0,2019-01-24 19:22:30," 오늘 플스 성공하신 유부들, 전직의 기회를 얻으셨습니다 ",745,745,2,0
2019-01-24 21:22:34.869435,13090697,2,0,2019-01-24 19:22:30," 오늘 플스 성공하신 유부들, 전직의 기회를 얻으셨습니다 ",835,90,0,0
2019-01-24 22:22:39.973394,13090697,2,0,2019-01-24 19:22:30," 오늘 플스 성공하신 유부들, 전직의 기회를 얻으셨습니다 ",873,38,0,0
2019-01-24 23:22:32.080146,13090697,2,0,2019-01-24 19:22:30," 오늘 플스 성공하신 유부들, 전직의 기회를 얻으셨습니다 ",901,28,0,0
2019-01-25 00:22:37.232231,13090697,2,0,2019-01-24 19:22:30," 오늘 플스 성공하신 유부들, 전직의 기회를 얻으셨습니다 ",921,20,0,0
2019-01-25 01:22:42.372892,13090697,2,0,2019-01-24 19:22:30," 오늘 플스 성공하신 유부들, 전직의 기회를 얻으셨습니다 ",938,17,0,0
2019-01-25 02:22:34.579094,13090697,2,0,2019-01-24 19:22:30," 오늘 플스 성공하신 유부들, 전직의 기회를 얻으셨습니다 ",949,11,0,0
2019-01-25 03:22:39.617124,13090697,2,0,2019-01-24 19:22:30," 오늘 플스 성공하신 유부들, 전직의 기회를 얻으셨습니다 ",957,8,0,0
2019-01-25 04:22:31.669871,13090697,2,0,2019-01-24 19:22:30," 오늘 플스 성공하신 유부들, 전직의 기회를 얻으셨습니다 ",957,0,0,0
2019-01-25 05:22:36.679312,13090697,2,0,2019-01-24 19:22:30," 오늘 플스 성공하신 유부들, 전직의 기회를 얻으셨습니다 ",959,2,0,0
2019-01-25 06:22:41.695851,13090697,2,0,2019-01-24 19:22:30," 오늘 플스 성공하신 유부들, 전직의 기회를 얻으셨습니다 ",961,2,0,0
2019-01-25 07:22:33.714697,13090697,2,0,2019-01-24 19:22:30," 오늘 플스 성공하신 유부들, 전직의 기회를 얻으셨습니다 ",968,7,0,0
2019-01-25 08:22:38.863346,13090697,2,0,2019-01-24 19:22:30," 오늘 플스 성공하신 유부들, 전직의 기회를 얻으셨습니다 ",970,2,0,0
2019-01-25 09:22:30.967261,13090697,2,0,2019-01-24 19:22:30," 오늘 플스 성공하신 유부들, 전직의 기회를 얻으셨습니다 ",979,9,0,0
2019-01-25 10:22:36.189899,13090697,2,0,2019-01-24 19:22:30," 오늘 플스 성공하신 유부들, 전직의 기회를 얻으셨습니다 ",985,6,0,0
2019-01-25 11:22:41.389037,13090697,2,0,2019-01-24 19:22:30," 오늘 플스 성공하신 유부들, 전직의 기회를 얻으셨습니다 ",987,2,0,0
2019-01-25 12:22:33.453736,13090697,2,0,2019-01-24 19:22:30," 오늘 플스 성공하신 유부들, 전직의 기회를 얻으셨습니다 ",991,4,0,0
2019-01-25 13:22:38.426666,13090697,2,0,2019-01-24 19:22:30," 오늘 플스 성공하신 유부들, 전직의 기회를 얻으셨습니다 ",994,3,0,0
2019-01-25 14:22:30.453129,13090697,2,0,2019-01-24 19:22:30," 오늘 플스 성공하신 유부들, 전직의 기회를 얻으셨습니다 ",995,1,0,0
2019-01-25 15:22:36.802861,13090697,2,0,2019-01-24 19:22:30," 오늘 플스 성공하신 유부들, 전직의 기회를 얻으셨습니다 ",1000,5,0,0
2019-01-25 16:22:42.640768,13090697,2,0,2019-01-24 19:22:30," 오늘 플스 성공하신 유부들, 전직의 기회를 얻으셨습니다 ",1001,1,0,0
2019-01-25 17:22:35.007883,13090697,2,0,2019-01-24 19:22:30," 오늘 플스 성공하신 유부들, 전직의 기회를 얻으셨습니다 ",1003,2,0,0
2019-01-25 18:22:40.929863,13090697,2,0,2019-01-24 19:22:30," 오늘 플스 성공하신 유부들, 전직의 기회를 얻으셨습니다 ",1005,2,0,0
2019-01-25 19:22:33.583775,13090697,2,0,2019-01-24 19:22:30," 오늘 플스 성공하신 유부들, 전직의 기회를 얻으셨습니다 ",1007,2,0,0
