check_time,id,post_reply,post_symph,post_time,post_title,post_view,post_view_diff,post_reply_diff,post_symph_diff
2019-01-28 20:46:02.142271,13105799,24,0,2019-01-28 19:46:00, 여장갤러리 레전드.jpg ,6203,6203,24,0
2019-01-28 21:46:07.285819,13105799,26,0,2019-01-28 19:46:00, 여장갤러리 레전드.jpg ,7765,1562,2,0
2019-01-28 22:46:12.391612,13105799,26,0,2019-01-28 19:46:00, 여장갤러리 레전드.jpg ,8930,1165,0,0
2019-01-28 23:46:04.533258,13105799,26,0,2019-01-28 19:46:00, 여장갤러리 레전드.jpg ,9399,469,0,0
2019-01-29 00:46:09.738089,13105799,26,0,2019-01-28 19:46:00, 여장갤러리 레전드.jpg ,9849,450,0,0
2019-01-29 01:46:01.847309,13105799,26,0,2019-01-28 19:46:00, 여장갤러리 레전드.jpg ,10118,269,0,0
2019-01-29 02:46:06.970718,13105799,26,0,2019-01-28 19:46:00, 여장갤러리 레전드.jpg ,10256,138,0,0
2019-01-29 03:46:12.083325,13105799,26,0,2019-01-28 19:46:00, 여장갤러리 레전드.jpg ,10355,99,0,0
2019-01-29 04:46:04.407991,13105799,26,0,2019-01-28 19:46:00, 여장갤러리 레전드.jpg ,10442,87,0,0
2019-01-29 05:46:09.555040,13105799,28,0,2019-01-28 19:46:00, 여장갤러리 레전드.jpg ,10772,330,2,0
2019-01-29 06:46:01.592181,13105799,28,0,2019-01-28 19:46:00, 여장갤러리 레전드.jpg ,11197,425,0,0
2019-01-29 07:46:06.757151,13105799,28,0,2019-01-28 19:46:00, 여장갤러리 레전드.jpg ,13846,2649,0,0
2019-01-29 08:46:11.704111,13105799,28,0,2019-01-28 19:46:00, 여장갤러리 레전드.jpg ,14097,251,0,0
2019-01-29 09:46:03.716684,13105799,28,0,2019-01-28 19:46:00, 여장갤러리 레전드.jpg ,14138,41,0,0
2019-01-29 10:46:08.756120,13105799,28,0,2019-01-28 19:46:00, 여장갤러리 레전드.jpg ,14170,32,0,0
2019-01-29 11:46:00.807239,13105799,28,0,2019-01-28 19:46:00, 여장갤러리 레전드.jpg ,14191,21,0,0
2019-01-29 12:46:05.873619,13105799,28,0,2019-01-28 19:46:00, 여장갤러리 레전드.jpg ,14209,18,0,0
2019-01-29 13:46:10.952971,13105799,28,0,2019-01-28 19:46:00, 여장갤러리 레전드.jpg ,14239,30,0,0
2019-01-29 14:46:02.993367,13105799,28,0,2019-01-28 19:46:00, 여장갤러리 레전드.jpg ,14260,21,0,0
2019-01-29 15:46:08.069990,13105799,28,0,2019-01-28 19:46:00, 여장갤러리 레전드.jpg ,14269,9,0,0
2019-01-29 16:46:00.073719,13105799,28,0,2019-01-28 19:46:00, 여장갤러리 레전드.jpg ,14283,14,0,0
2019-01-29 17:46:05.205699,13105799,28,0,2019-01-28 19:46:00, 여장갤러리 레전드.jpg ,14292,9,0,0
2019-01-29 18:46:10.256361,13105799,28,0,2019-01-28 19:46:00, 여장갤러리 레전드.jpg ,14317,25,0,0
2019-01-29 19:46:02.248385,13105799,28,0,2019-01-28 19:46:00, 여장갤러리 레전드.jpg ,14327,10,0,0
