check_time,id,post_reply,post_symph,post_time,post_title,post_view,post_view_diff,post_reply_diff,post_symph_diff
2019-01-26 20:16:27.295806,13098816,4,0,2019-01-26 19:16:27, qcy t1 알구게에 그 폼팁인가? 얼마전에 구입해서 팁을 바꿨더니 엄청나네요 ㄷㄷ ,665,665,4,0
2019-01-26 21:16:32.296115,13098816,4,0,2019-01-26 19:16:27, qcy t1 알구게에 그 폼팁인가? 얼마전에 구입해서 팁을 바꿨더니 엄청나네요 ㄷㄷ ,787,122,0,0
2019-01-26 22:16:37.361561,13098816,4,0,2019-01-26 19:16:27, qcy t1 알구게에 그 폼팁인가? 얼마전에 구입해서 팁을 바꿨더니 엄청나네요 ㄷㄷ ,855,68,0,0
2019-01-26 23:16:29.428296,13098816,4,0,2019-01-26 19:16:27, qcy t1 알구게에 그 폼팁인가? 얼마전에 구입해서 팁을 바꿨더니 엄청나네요 ㄷㄷ ,887,32,0,0
2019-01-27 00:16:34.507666,13098816,4,0,2019-01-26 19:16:27, qcy t1 알구게에 그 폼팁인가? 얼마전에 구입해서 팁을 바꿨더니 엄청나네요 ㄷㄷ ,900,13,0,0
2019-01-27 01:16:39.533963,13098816,4,0,2019-01-26 19:16:27, qcy t1 알구게에 그 폼팁인가? 얼마전에 구입해서 팁을 바꿨더니 엄청나네요 ㄷㄷ ,912,12,0,0
2019-01-27 02:16:31.557450,13098816,4,0,2019-01-26 19:16:27, qcy t1 알구게에 그 폼팁인가? 얼마전에 구입해서 팁을 바꿨더니 엄청나네요 ㄷㄷ ,917,5,0,0
2019-01-27 03:16:36.571546,13098816,4,0,2019-01-26 19:16:27, qcy t1 알구게에 그 폼팁인가? 얼마전에 구입해서 팁을 바꿨더니 엄청나네요 ㄷㄷ ,923,6,0,0
2019-01-27 04:16:28.680656,13098816,4,0,2019-01-26 19:16:27, qcy t1 알구게에 그 폼팁인가? 얼마전에 구입해서 팁을 바꿨더니 엄청나네요 ㄷㄷ ,927,4,0,0
2019-01-27 05:16:33.817225,13098816,4,0,2019-01-26 19:16:27, qcy t1 알구게에 그 폼팁인가? 얼마전에 구입해서 팁을 바꿨더니 엄청나네요 ㄷㄷ ,928,1,0,0
2019-01-27 06:16:38.913821,13098816,4,0,2019-01-26 19:16:27, qcy t1 알구게에 그 폼팁인가? 얼마전에 구입해서 팁을 바꿨더니 엄청나네요 ㄷㄷ ,929,1,0,0
2019-01-27 07:16:30.966284,13098816,4,0,2019-01-26 19:16:27, qcy t1 알구게에 그 폼팁인가? 얼마전에 구입해서 팁을 바꿨더니 엄청나네요 ㄷㄷ ,931,2,0,0
2019-01-27 08:16:36.269225,13098816,4,0,2019-01-26 19:16:27, qcy t1 알구게에 그 폼팁인가? 얼마전에 구입해서 팁을 바꿨더니 엄청나네요 ㄷㄷ ,933,2,0,0
2019-01-27 09:16:28.321082,13098816,4,0,2019-01-26 19:16:27, qcy t1 알구게에 그 폼팁인가? 얼마전에 구입해서 팁을 바꿨더니 엄청나네요 ㄷㄷ ,934,1,0,0
2019-01-27 10:16:33.504155,13098816,4,0,2019-01-26 19:16:27, qcy t1 알구게에 그 폼팁인가? 얼마전에 구입해서 팁을 바꿨더니 엄청나네요 ㄷㄷ ,937,3,0,0
2019-01-27 11:16:38.833801,13098816,4,0,2019-01-26 19:16:27, qcy t1 알구게에 그 폼팁인가? 얼마전에 구입해서 팁을 바꿨더니 엄청나네요 ㄷㄷ ,942,5,0,0
2019-01-27 12:16:30.860728,13098816,4,0,2019-01-26 19:16:27, qcy t1 알구게에 그 폼팁인가? 얼마전에 구입해서 팁을 바꿨더니 엄청나네요 ㄷㄷ ,945,3,0,0
2019-01-27 13:16:35.899880,13098816,4,0,2019-01-26 19:16:27, qcy t1 알구게에 그 폼팁인가? 얼마전에 구입해서 팁을 바꿨더니 엄청나네요 ㄷㄷ ,951,6,0,0
2019-01-27 14:16:28.136708,13098816,4,0,2019-01-26 19:16:27, qcy t1 알구게에 그 폼팁인가? 얼마전에 구입해서 팁을 바꿨더니 엄청나네요 ㄷㄷ ,959,8,0,0
2019-01-27 15:16:33.177726,13098816,4,0,2019-01-26 19:16:27, qcy t1 알구게에 그 폼팁인가? 얼마전에 구입해서 팁을 바꿨더니 엄청나네요 ㄷㄷ ,966,7,0,0
2019-01-27 16:16:38.243372,13098816,4,0,2019-01-26 19:16:27, qcy t1 알구게에 그 폼팁인가? 얼마전에 구입해서 팁을 바꿨더니 엄청나네요 ㄷㄷ ,971,5,0,0
2019-01-27 17:16:30.321085,13098816,4,0,2019-01-26 19:16:27, qcy t1 알구게에 그 폼팁인가? 얼마전에 구입해서 팁을 바꿨더니 엄청나네요 ㄷㄷ ,973,2,0,0
2019-01-27 18:16:35.368796,13098816,4,0,2019-01-26 19:16:27, qcy t1 알구게에 그 폼팁인가? 얼마전에 구입해서 팁을 바꿨더니 엄청나네요 ㄷㄷ ,975,2,0,0
2019-01-27 19:16:27.459137,13098816,4,0,2019-01-26 19:16:27, qcy t1 알구게에 그 폼팁인가? 얼마전에 구입해서 팁을 바꿨더니 엄청나네요 ㄷㄷ ,979,4,0,0
