check_time,id,post_reply,post_symph,post_time,post_title,post_view,post_view_diff,post_reply_diff,post_symph_diff
2019-01-25 20:11:57.493225,13094955,9,0,2019-01-25 19:11:50, 그런데 클량분들은 우리나라를 범서방권이랑 제3세계국가중 어느쪽에 더 ,350,350,9,0
2019-01-25 21:12:02.639675,13094955,9,0,2019-01-25 19:11:50, 그런데 클량분들은 우리나라를 범서방권이랑 제3세계국가중 어느쪽에 더 ,379,29,0,0
2019-01-25 22:11:54.650981,13094955,9,0,2019-01-25 19:11:50, 그런데 클량분들은 우리나라를 범서방권이랑 제3세계국가중 어느쪽에 더 ,387,8,0,0
2019-01-25 23:11:59.768144,13094955,9,0,2019-01-25 19:11:50, 그런데 클량분들은 우리나라를 범서방권이랑 제3세계국가중 어느쪽에 더 ,391,4,0,0
2019-01-26 00:11:51.889053,13094955,9,0,2019-01-25 19:11:50, 그런데 클량분들은 우리나라를 범서방권이랑 제3세계국가중 어느쪽에 더 ,395,4,0,0
2019-01-26 01:11:56.881225,13094955,9,0,2019-01-25 19:11:50, 그런데 클량분들은 우리나라를 범서방권이랑 제3세계국가중 어느쪽에 더 ,400,5,0,0
2019-01-26 02:12:01.940299,13094955,9,0,2019-01-25 19:11:50, 그런데 클량분들은 우리나라를 범서방권이랑 제3세계국가중 어느쪽에 더 ,402,2,0,0
2019-01-26 03:11:53.983354,13094955,9,0,2019-01-25 19:11:50, 그런데 클량분들은 우리나라를 범서방권이랑 제3세계국가중 어느쪽에 더 ,404,2,0,0
2019-01-26 04:11:58.996514,13094955,9,0,2019-01-25 19:11:50, 그런데 클량분들은 우리나라를 범서방권이랑 제3세계국가중 어느쪽에 더 ,407,3,0,0
2019-01-26 05:11:50.998632,13094955,9,0,2019-01-25 19:11:50, 그런데 클량분들은 우리나라를 범서방권이랑 제3세계국가중 어느쪽에 더 ,407,0,0,0
2019-01-26 06:11:56.031144,13094955,9,0,2019-01-25 19:11:50, 그런데 클량분들은 우리나라를 범서방권이랑 제3세계국가중 어느쪽에 더 ,408,1,0,0
2019-01-26 07:12:01.150781,13094955,9,0,2019-01-25 19:11:50, 그런데 클량분들은 우리나라를 범서방권이랑 제3세계국가중 어느쪽에 더 ,410,2,0,0
2019-01-26 08:11:54.002803,13094955,9,0,2019-01-25 19:11:50, 그런데 클량분들은 우리나라를 범서방권이랑 제3세계국가중 어느쪽에 더 ,411,1,0,0
2019-01-26 09:12:01.516013,13094955,9,0,2019-01-25 19:11:50, 그런데 클량분들은 우리나라를 범서방권이랑 제3세계국가중 어느쪽에 더 ,412,1,0,0
2019-01-26 10:11:53.553918,13094955,9,0,2019-01-25 19:11:50, 그런데 클량분들은 우리나라를 범서방권이랑 제3세계국가중 어느쪽에 더 ,414,2,0,0
2019-01-26 11:11:58.580044,13094955,9,0,2019-01-25 19:11:50, 그런데 클량분들은 우리나라를 범서방권이랑 제3세계국가중 어느쪽에 더 ,416,2,0,0
2019-01-26 12:11:50.699700,13094955,9,0,2019-01-25 19:11:50, 그런데 클량분들은 우리나라를 범서방권이랑 제3세계국가중 어느쪽에 더 ,417,1,0,0
2019-01-26 13:11:55.826097,13094955,9,0,2019-01-25 19:11:50, 그런데 클량분들은 우리나라를 범서방권이랑 제3세계국가중 어느쪽에 더 ,418,1,0,0
2019-01-26 14:12:00.913873,13094955,9,0,2019-01-25 19:11:50, 그런데 클량분들은 우리나라를 범서방권이랑 제3세계국가중 어느쪽에 더 ,419,1,0,0
2019-01-26 15:11:53.040470,13094955,9,0,2019-01-25 19:11:50, 그런데 클량분들은 우리나라를 범서방권이랑 제3세계국가중 어느쪽에 더 ,421,2,0,0
2019-01-26 16:11:58.194194,13094955,9,0,2019-01-25 19:11:50, 그런데 클량분들은 우리나라를 범서방권이랑 제3세계국가중 어느쪽에 더 ,422,1,0,0
2019-01-26 17:11:50.394614,13094955,9,0,2019-01-25 19:11:50, 그런데 클량분들은 우리나라를 범서방권이랑 제3세계국가중 어느쪽에 더 ,423,1,0,0
2019-01-26 18:11:55.973982,13094955,9,0,2019-01-25 19:11:50, 그런데 클량분들은 우리나라를 범서방권이랑 제3세계국가중 어느쪽에 더 ,424,1,0,0
2019-01-26 19:12:01.132117,13094955,9,0,2019-01-25 19:11:50, 그런데 클량분들은 우리나라를 범서방권이랑 제3세계국가중 어느쪽에 더 ,425,1,0,0
