check_time,id,post_reply,post_symph,post_time,post_title,post_view,post_view_diff,post_reply_diff,post_symph_diff
2019-01-30 20:32:04.763249,13113816,4,11,2019-01-30 19:31:53, 돌이켜 보면...특검이 이상하리 만큼 자신만만 했음... ,1198,1198,4,11
2019-01-30 21:31:57.049631,13113816,4,12,2019-01-30 19:31:53, 돌이켜 보면...특검이 이상하리 만큼 자신만만 했음... ,1312,114,0,1
2019-01-30 22:32:02.457379,13113816,4,12,2019-01-30 19:31:53, 돌이켜 보면...특검이 이상하리 만큼 자신만만 했음... ,1420,108,0,0
2019-01-30 23:31:54.623458,13113816,4,12,2019-01-30 19:31:53, 돌이켜 보면...특검이 이상하리 만큼 자신만만 했음... ,1476,56,0,0
2019-01-31 00:31:59.779076,13113816,4,12,2019-01-30 19:31:53, 돌이켜 보면...특검이 이상하리 만큼 자신만만 했음... ,1507,31,0,0
2019-01-31 01:32:04.948125,13113816,4,13,2019-01-30 19:31:53, 돌이켜 보면...특검이 이상하리 만큼 자신만만 했음... ,1544,37,0,1
2019-01-31 02:31:57.024546,13113816,4,13,2019-01-30 19:31:53, 돌이켜 보면...특검이 이상하리 만큼 자신만만 했음... ,1565,21,0,0
2019-01-31 03:32:02.115925,13113816,4,13,2019-01-30 19:31:53, 돌이켜 보면...특검이 이상하리 만큼 자신만만 했음... ,1581,16,0,0
2019-01-31 04:31:54.121535,13113816,4,13,2019-01-30 19:31:53, 돌이켜 보면...특검이 이상하리 만큼 자신만만 했음... ,1586,5,0,0
2019-01-31 05:31:59.245093,13113816,4,13,2019-01-30 19:31:53, 돌이켜 보면...특검이 이상하리 만큼 자신만만 했음... ,1588,2,0,0
2019-01-31 06:32:04.293781,13113816,4,13,2019-01-30 19:31:53, 돌이켜 보면...특검이 이상하리 만큼 자신만만 했음... ,1599,11,0,0
2019-01-31 07:31:56.342579,13113816,4,13,2019-01-30 19:31:53, 돌이켜 보면...특검이 이상하리 만큼 자신만만 했음... ,1604,5,0,0
2019-01-31 08:32:01.378297,13113816,4,13,2019-01-30 19:31:53, 돌이켜 보면...특검이 이상하리 만큼 자신만만 했음... ,1613,9,0,0
2019-01-31 09:31:53.636403,13113816,4,13,2019-01-30 19:31:53, 돌이켜 보면...특검이 이상하리 만큼 자신만만 했음... ,1620,7,0,0
2019-01-31 10:31:58.681367,13113816,4,13,2019-01-30 19:31:53, 돌이켜 보면...특검이 이상하리 만큼 자신만만 했음... ,1624,4,0,0
2019-01-31 11:32:03.849725,13113816,4,13,2019-01-30 19:31:53, 돌이켜 보면...특검이 이상하리 만큼 자신만만 했음... ,1626,2,0,0
2019-01-31 12:31:55.913167,13113816,4,13,2019-01-30 19:31:53, 돌이켜 보면...특검이 이상하리 만큼 자신만만 했음... ,1630,4,0,0
2019-01-31 13:32:00.967329,13113816,4,13,2019-01-30 19:31:53, 돌이켜 보면...특검이 이상하리 만큼 자신만만 했음... ,1634,4,0,0
2019-01-31 14:32:05.979545,13113816,4,13,2019-01-30 19:31:53, 돌이켜 보면...특검이 이상하리 만큼 자신만만 했음... ,1637,3,0,0
2019-01-31 15:31:57.952920,13113816,4,13,2019-01-30 19:31:53, 돌이켜 보면...특검이 이상하리 만큼 자신만만 했음... ,1639,2,0,0
2019-01-31 16:32:03.100114,13113816,4,13,2019-01-30 19:31:53, 돌이켜 보면...특검이 이상하리 만큼 자신만만 했음... ,1640,1,0,0
2019-01-31 17:31:55.137476,13113816,4,13,2019-01-30 19:31:53, 돌이켜 보면...특검이 이상하리 만큼 자신만만 했음... ,1643,3,0,0
2019-01-31 18:32:00.223003,13113816,4,13,2019-01-30 19:31:53, 돌이켜 보면...특검이 이상하리 만큼 자신만만 했음... ,1645,2,0,0
2019-01-31 19:32:05.369967,13113816,4,13,2019-01-30 19:31:53, 돌이켜 보면...특검이 이상하리 만큼 자신만만 했음... ,1647,2,0,0
