check_time,id,post_reply,post_symph,post_time,post_title,post_view,post_view_diff,post_reply_diff,post_symph_diff
2019-01-27 20:17:13.237037,13101858,7,0,2019-01-27 19:17:13," 성경을 간만에 읽는데(구약), 도둑의 침입에 관한 법... ",951,951,7,0
2019-01-27 21:17:18.368363,13101858,7,0,2019-01-27 19:17:13," 성경을 간만에 읽는데(구약), 도둑의 침입에 관한 법... ",1113,162,0,0
2019-01-27 22:17:23.445601,13101858,7,0,2019-01-27 19:17:13," 성경을 간만에 읽는데(구약), 도둑의 침입에 관한 법... ",1180,67,0,0
2019-01-27 23:17:15.724733,13101858,7,0,2019-01-27 19:17:13," 성경을 간만에 읽는데(구약), 도둑의 침입에 관한 법... ",1204,24,0,0
2019-01-28 00:17:20.833775,13101858,7,0,2019-01-27 19:17:13," 성경을 간만에 읽는데(구약), 도둑의 침입에 관한 법... ",1217,13,0,0
2019-01-28 01:17:25.800316,13101858,7,0,2019-01-27 19:17:13," 성경을 간만에 읽는데(구약), 도둑의 침입에 관한 법... ",1235,18,0,0
2019-01-28 02:17:17.825587,13101858,7,0,2019-01-27 19:17:13," 성경을 간만에 읽는데(구약), 도둑의 침입에 관한 법... ",1240,5,0,0
2019-01-28 03:17:23.139947,13101858,7,0,2019-01-27 19:17:13," 성경을 간만에 읽는데(구약), 도둑의 침입에 관한 법... ",1247,7,0,0
2019-01-28 04:17:15.264728,13101858,7,0,2019-01-27 19:17:13," 성경을 간만에 읽는데(구약), 도둑의 침입에 관한 법... ",1249,2,0,0
2019-01-28 05:17:20.421941,13101858,7,0,2019-01-27 19:17:13," 성경을 간만에 읽는데(구약), 도둑의 침입에 관한 법... ",1249,0,0,0
2019-01-28 06:17:25.480520,13101858,7,0,2019-01-27 19:17:13," 성경을 간만에 읽는데(구약), 도둑의 침입에 관한 법... ",1252,3,0,0
2019-01-28 07:17:17.536447,13101858,7,0,2019-01-27 19:17:13," 성경을 간만에 읽는데(구약), 도둑의 침입에 관한 법... ",1260,8,0,0
2019-01-28 08:17:22.813185,13101858,7,0,2019-01-27 19:17:13," 성경을 간만에 읽는데(구약), 도둑의 침입에 관한 법... ",1261,1,0,0
2019-01-28 09:17:14.880315,13101858,7,0,2019-01-27 19:17:13," 성경을 간만에 읽는데(구약), 도둑의 침입에 관한 법... ",1264,3,0,0
2019-01-28 10:17:20.570480,13101858,7,0,2019-01-27 19:17:13," 성경을 간만에 읽는데(구약), 도둑의 침입에 관한 법... ",1266,2,0,0
2019-01-28 11:17:25.637307,13101858,7,0,2019-01-27 19:17:13," 성경을 간만에 읽는데(구약), 도둑의 침입에 관한 법... ",1275,9,0,0
2019-01-28 12:17:17.796210,13101858,7,0,2019-01-27 19:17:13," 성경을 간만에 읽는데(구약), 도둑의 침입에 관한 법... ",1275,0,0,0
2019-01-28 13:17:23.068693,13101858,7,0,2019-01-27 19:17:13," 성경을 간만에 읽는데(구약), 도둑의 침입에 관한 법... ",1277,2,0,0
2019-01-28 14:17:15.161729,13101858,7,0,2019-01-27 19:17:13," 성경을 간만에 읽는데(구약), 도둑의 침입에 관한 법... ",1279,2,0,0
2019-01-28 15:17:20.397075,13101858,7,0,2019-01-27 19:17:13," 성경을 간만에 읽는데(구약), 도둑의 침입에 관한 법... ",1281,2,0,0
2019-01-28 16:17:25.739750,13101858,7,0,2019-01-27 19:17:13," 성경을 간만에 읽는데(구약), 도둑의 침입에 관한 법... ",1283,2,0,0
2019-01-28 17:17:17.796099,13101858,7,0,2019-01-27 19:17:13," 성경을 간만에 읽는데(구약), 도둑의 침입에 관한 법... ",1286,3,0,0
2019-01-28 18:17:22.834478,13101858,7,0,2019-01-27 19:17:13," 성경을 간만에 읽는데(구약), 도둑의 침입에 관한 법... ",1291,5,0,0
2019-01-28 19:17:14.860595,13101858,7,0,2019-01-27 19:17:13," 성경을 간만에 읽는데(구약), 도둑의 침입에 관한 법... ",1293,2,0,0
