check_time,id,post_reply,post_symph,post_time,post_title,post_view,post_view_diff,post_reply_diff,post_symph_diff
2019-01-27 20:06:55.548940,13101847,8,1,2019-01-27 19:06:54, 독립운동하는 심정으로 출마하신 분. ,1938,1938,8,1
2019-01-27 21:07:00.992380,13101847,9,1,2019-01-27 19:06:54, 독립운동하는 심정으로 출마하신 분. ,2253,315,1,0
2019-01-27 22:07:06.110322,13101847,9,1,2019-01-27 19:06:54, 독립운동하는 심정으로 출마하신 분. ,2341,88,0,0
2019-01-27 23:06:58.269665,13101847,9,1,2019-01-27 19:06:54, 독립운동하는 심정으로 출마하신 분. ,2385,44,0,0
2019-01-28 00:07:03.307254,13101847,9,1,2019-01-27 19:06:54, 독립운동하는 심정으로 출마하신 분. ,2406,21,0,0
2019-01-28 01:06:55.451883,13101847,9,1,2019-01-27 19:06:54, 독립운동하는 심정으로 출마하신 분. ,2421,15,0,0
2019-01-28 02:07:00.546955,13101847,9,1,2019-01-27 19:06:54, 독립운동하는 심정으로 출마하신 분. ,2433,12,0,0
2019-01-28 03:07:05.637413,13101847,9,1,2019-01-27 19:06:54, 독립운동하는 심정으로 출마하신 분. ,2443,10,0,0
2019-01-28 04:06:57.981968,13101847,9,1,2019-01-27 19:06:54, 독립운동하는 심정으로 출마하신 분. ,2444,1,0,0
2019-01-28 05:07:03.047280,13101847,9,1,2019-01-27 19:06:54, 독립운동하는 심정으로 출마하신 분. ,2449,5,0,0
2019-01-28 06:06:55.097042,13101847,9,1,2019-01-27 19:06:54, 독립운동하는 심정으로 출마하신 분. ,2451,2,0,0
2019-01-28 07:07:00.097075,13101847,9,1,2019-01-27 19:06:54, 독립운동하는 심정으로 출마하신 분. ,2455,4,0,0
2019-01-28 08:07:05.138699,13101847,9,1,2019-01-27 19:06:54, 독립운동하는 심정으로 출마하신 분. ,2459,4,0,0
2019-01-28 09:06:57.217880,13101847,9,1,2019-01-27 19:06:54, 독립운동하는 심정으로 출마하신 분. ,2464,5,0,0
2019-01-28 10:07:02.540699,13101847,9,1,2019-01-27 19:06:54, 독립운동하는 심정으로 출마하신 분. ,2467,3,0,0
2019-01-28 11:06:54.649454,13101847,9,1,2019-01-27 19:06:54, 독립운동하는 심정으로 출마하신 분. ,2473,6,0,0
2019-01-28 12:06:59.703770,13101847,9,1,2019-01-27 19:06:54, 독립운동하는 심정으로 출마하신 분. ,2476,3,0,0
2019-01-28 13:07:04.783097,13101847,9,1,2019-01-27 19:06:54, 독립운동하는 심정으로 출마하신 분. ,2478,2,0,0
2019-01-28 14:06:57.134623,13101847,9,1,2019-01-27 19:06:54, 독립운동하는 심정으로 출마하신 분. ,2483,5,0,0
2019-01-28 15:07:02.136891,13101847,9,1,2019-01-27 19:06:54, 독립운동하는 심정으로 출마하신 분. ,2487,4,0,0
2019-01-28 16:06:54.174665,13101847,9,1,2019-01-27 19:06:54, 독립운동하는 심정으로 출마하신 분. ,2487,0,0,0
2019-01-28 17:06:59.291523,13101847,9,1,2019-01-27 19:06:54, 독립운동하는 심정으로 출마하신 분. ,2494,7,0,0
2019-01-28 18:07:04.423844,13101847,9,1,2019-01-27 19:06:54, 독립운동하는 심정으로 출마하신 분. ,2495,1,0,0
2019-01-28 19:06:56.509066,13101847,9,1,2019-01-27 19:06:54, 독립운동하는 심정으로 출마하신 분. ,2496,1,0,0
