check_time,id,post_reply,post_symph,post_time,post_title,post_view,post_view_diff,post_reply_diff,post_symph_diff
2019-01-26 20:06:46.285443,13098788,12,0,2019-01-26 19:06:34, 손흥민 설렁설렁 뛰었다는데 제가 보기엔... ,1652,1652,12,0
2019-01-26 21:06:38.494795,13098788,12,0,2019-01-26 19:06:34, 손흥민 설렁설렁 뛰었다는데 제가 보기엔... ,2019,367,0,0
2019-01-26 22:06:44.164020,13098788,12,0,2019-01-26 19:06:34, 손흥민 설렁설렁 뛰었다는데 제가 보기엔... ,2176,157,0,0
2019-01-26 23:06:36.729358,13098788,12,0,2019-01-26 19:06:34, 손흥민 설렁설렁 뛰었다는데 제가 보기엔... ,2275,99,0,0
2019-01-27 00:06:42.083686,13098788,12,0,2019-01-26 19:06:34, 손흥민 설렁설렁 뛰었다는데 제가 보기엔... ,2309,34,0,0
2019-01-27 01:06:34.093762,13098788,12,0,2019-01-26 19:06:34, 손흥민 설렁설렁 뛰었다는데 제가 보기엔... ,2325,16,0,0
2019-01-27 02:06:39.163793,13098788,12,0,2019-01-26 19:06:34, 손흥민 설렁설렁 뛰었다는데 제가 보기엔... ,2333,8,0,0
2019-01-27 03:06:44.189923,13098788,12,0,2019-01-26 19:06:34, 손흥민 설렁설렁 뛰었다는데 제가 보기엔... ,2342,9,0,0
2019-01-27 04:06:36.236700,13098788,12,0,2019-01-26 19:06:34, 손흥민 설렁설렁 뛰었다는데 제가 보기엔... ,2346,4,0,0
2019-01-27 05:06:41.523948,13098788,12,0,2019-01-26 19:06:34, 손흥민 설렁설렁 뛰었다는데 제가 보기엔... ,2348,2,0,0
2019-01-27 06:06:46.653238,13098788,12,0,2019-01-26 19:06:34, 손흥민 설렁설렁 뛰었다는데 제가 보기엔... ,2352,4,0,0
2019-01-27 07:06:38.743139,13098788,12,0,2019-01-26 19:06:34, 손흥민 설렁설렁 뛰었다는데 제가 보기엔... ,2356,4,0,0
2019-01-27 08:06:43.797795,13098788,12,0,2019-01-26 19:06:34, 손흥민 설렁설렁 뛰었다는데 제가 보기엔... ,2357,1,0,0
2019-01-27 09:06:35.821059,13098788,12,0,2019-01-26 19:06:34, 손흥민 설렁설렁 뛰었다는데 제가 보기엔... ,2361,4,0,0
2019-01-27 10:06:41.083699,13098788,12,0,2019-01-26 19:06:34, 손흥민 설렁설렁 뛰었다는데 제가 보기엔... ,2369,8,0,0
2019-01-27 11:06:46.177187,13098788,12,0,2019-01-26 19:06:34, 손흥민 설렁설렁 뛰었다는데 제가 보기엔... ,2376,7,0,0
2019-01-27 12:06:38.227979,13098788,12,0,2019-01-26 19:06:34, 손흥민 설렁설렁 뛰었다는데 제가 보기엔... ,2380,4,0,0
2019-01-27 13:06:43.318256,13098788,12,0,2019-01-26 19:06:34, 손흥민 설렁설렁 뛰었다는데 제가 보기엔... ,2383,3,0,0
2019-01-27 14:06:35.390129,13098788,12,0,2019-01-26 19:06:34, 손흥민 설렁설렁 뛰었다는데 제가 보기엔... ,2386,3,0,0
2019-01-27 15:06:40.532884,13098788,12,0,2019-01-26 19:06:34, 손흥민 설렁설렁 뛰었다는데 제가 보기엔... ,2388,2,0,0
2019-01-27 16:06:45.623554,13098788,12,0,2019-01-26 19:06:34, 손흥민 설렁설렁 뛰었다는데 제가 보기엔... ,2390,2,0,0
2019-01-27 17:06:37.820374,13098788,12,0,2019-01-26 19:06:34, 손흥민 설렁설렁 뛰었다는데 제가 보기엔... ,2392,2,0,0
2019-01-27 18:06:42.892987,13098788,12,0,2019-01-26 19:06:34, 손흥민 설렁설렁 뛰었다는데 제가 보기엔... ,2396,4,0,0
2019-01-27 19:06:34.971935,13098788,12,0,2019-01-26 19:06:34, 손흥민 설렁설렁 뛰었다는데 제가 보기엔... ,2398,2,0,0
