check_time,id,post_reply,post_symph,post_time,post_title,post_view,post_view_diff,post_reply_diff,post_symph_diff
2019-01-29 20:54:27.487047,13109488,16,0,2019-01-29 19:54:22, 요즘 어린 청년들과 의사소통하는 법 ,1771,1771,16,0
2019-01-29 21:54:32.528985,13109488,16,0,2019-01-29 19:54:22, 요즘 어린 청년들과 의사소통하는 법 ,2038,267,0,0
2019-01-29 22:54:24.685953,13109488,16,0,2019-01-29 19:54:22, 요즘 어린 청년들과 의사소통하는 법 ,2172,134,0,0
2019-01-29 23:54:29.784354,13109488,16,0,2019-01-29 19:54:22, 요즘 어린 청년들과 의사소통하는 법 ,2235,63,0,0
2019-01-30 00:54:34.864816,13109488,16,0,2019-01-29 19:54:22, 요즘 어린 청년들과 의사소통하는 법 ,2278,43,0,0
2019-01-30 01:54:26.875264,13109488,16,0,2019-01-29 19:54:22, 요즘 어린 청년들과 의사소통하는 법 ,2295,17,0,0
2019-01-30 02:54:32.025536,13109488,16,0,2019-01-29 19:54:22, 요즘 어린 청년들과 의사소통하는 법 ,2303,8,0,0
2019-01-30 03:54:24.157330,13109488,16,0,2019-01-29 19:54:22, 요즘 어린 청년들과 의사소통하는 법 ,2319,16,0,0
2019-01-30 04:54:29.245187,13109488,16,0,2019-01-29 19:54:22, 요즘 어린 청년들과 의사소통하는 법 ,2333,14,0,0
2019-01-30 05:54:34.346738,13109488,16,0,2019-01-29 19:54:22, 요즘 어린 청년들과 의사소통하는 법 ,2341,8,0,0
2019-01-30 06:54:26.442049,13109488,16,0,2019-01-29 19:54:22, 요즘 어린 청년들과 의사소통하는 법 ,2349,8,0,0
2019-01-30 07:54:31.542542,13109488,16,0,2019-01-29 19:54:22, 요즘 어린 청년들과 의사소통하는 법 ,2362,13,0,0
2019-01-30 08:54:23.665562,13109488,16,0,2019-01-29 19:54:22, 요즘 어린 청년들과 의사소통하는 법 ,2373,11,0,0
2019-01-30 09:54:28.743278,13109488,16,0,2019-01-29 19:54:22, 요즘 어린 청년들과 의사소통하는 법 ,2377,4,0,0
2019-01-30 10:54:33.846655,13109488,16,0,2019-01-29 19:54:22, 요즘 어린 청년들과 의사소통하는 법 ,2387,10,0,0
2019-01-30 11:54:25.981525,13109488,16,0,2019-01-29 19:54:22, 요즘 어린 청년들과 의사소통하는 법 ,2393,6,0,0
2019-01-30 12:54:31.136740,13109488,16,0,2019-01-29 19:54:22, 요즘 어린 청년들과 의사소통하는 법 ,2396,3,0,0
2019-01-30 13:54:23.390762,13109488,16,0,2019-01-29 19:54:22, 요즘 어린 청년들과 의사소통하는 법 ,2400,4,0,0
2019-01-30 14:54:28.521120,13109488,16,0,2019-01-29 19:54:22, 요즘 어린 청년들과 의사소통하는 법 ,2404,4,0,0
2019-01-30 15:54:33.607496,13109488,16,0,2019-01-29 19:54:22, 요즘 어린 청년들과 의사소통하는 법 ,2407,3,0,0
2019-01-30 16:54:25.712583,13109488,16,0,2019-01-29 19:54:22, 요즘 어린 청년들과 의사소통하는 법 ,2409,2,0,0
2019-01-30 17:54:30.811792,13109488,16,0,2019-01-29 19:54:22, 요즘 어린 청년들과 의사소통하는 법 ,2411,2,0,0
2019-01-30 18:54:22.891474,13109488,16,0,2019-01-29 19:54:22, 요즘 어린 청년들과 의사소통하는 법 ,2413,2,0,0
2019-01-30 19:54:28.212511,13109488,16,0,2019-01-29 19:54:22, 요즘 어린 청년들과 의사소통하는 법 ,2415,2,0,0
