check_time,id,post_reply,post_symph,post_time,post_title,post_view,post_view_diff,post_reply_diff,post_symph_diff
2019-01-30 20:37:24.610492,13113837,1,0,2019-01-30 19:37:20, 클리앙 노인정에 다녀와봤습니다.. ,490,490,1,0
2019-01-30 21:37:29.808766,13113837,1,0,2019-01-30 19:37:20, 클리앙 노인정에 다녀와봤습니다.. ,536,46,0,0
2019-01-30 22:37:21.842109,13113837,1,0,2019-01-30 19:37:20, 클리앙 노인정에 다녀와봤습니다.. ,552,16,0,0
2019-01-30 23:37:26.871867,13113837,1,0,2019-01-30 19:37:20, 클리앙 노인정에 다녀와봤습니다.. ,558,6,0,0
2019-01-31 00:37:31.915130,13113837,1,0,2019-01-30 19:37:20, 클리앙 노인정에 다녀와봤습니다.. ,563,5,0,0
2019-01-31 01:37:23.923309,13113837,1,0,2019-01-30 19:37:20, 클리앙 노인정에 다녀와봤습니다.. ,566,3,0,0
2019-01-31 02:37:28.992090,13113837,1,0,2019-01-30 19:37:20, 클리앙 노인정에 다녀와봤습니다.. ,569,3,0,0
2019-01-31 03:37:21.072307,13113837,1,0,2019-01-30 19:37:20, 클리앙 노인정에 다녀와봤습니다.. ,571,2,0,0
2019-01-31 04:37:26.057564,13113837,1,0,2019-01-30 19:37:20, 클리앙 노인정에 다녀와봤습니다.. ,573,2,0,0
2019-01-31 05:37:31.036995,13113837,1,0,2019-01-30 19:37:20, 클리앙 노인정에 다녀와봤습니다.. ,576,3,0,0
2019-01-31 06:37:23.059264,13113837,1,0,2019-01-30 19:37:20, 클리앙 노인정에 다녀와봤습니다.. ,577,1,0,0
2019-01-31 07:37:28.180590,13113837,1,0,2019-01-30 19:37:20, 클리앙 노인정에 다녀와봤습니다.. ,580,3,0,0
2019-01-31 08:37:20.598603,13113837,1,0,2019-01-30 19:37:20, 클리앙 노인정에 다녀와봤습니다.. ,581,1,0,0
2019-01-31 09:37:25.919439,13113837,1,0,2019-01-30 19:37:20, 클리앙 노인정에 다녀와봤습니다.. ,583,2,0,0
2019-01-31 10:37:30.966252,13113837,1,0,2019-01-30 19:37:20, 클리앙 노인정에 다녀와봤습니다.. ,586,3,0,0
2019-01-31 11:37:23.257490,13113837,1,0,2019-01-30 19:37:20, 클리앙 노인정에 다녀와봤습니다.. ,588,2,0,0
2019-01-31 12:37:28.372982,13113837,1,0,2019-01-30 19:37:20, 클리앙 노인정에 다녀와봤습니다.. ,589,1,0,0
2019-01-31 13:37:21.039746,13113837,1,0,2019-01-30 19:37:20, 클리앙 노인정에 다녀와봤습니다.. ,590,1,0,0
2019-01-31 14:37:26.209702,13113837,1,0,2019-01-30 19:37:20, 클리앙 노인정에 다녀와봤습니다.. ,592,2,0,0
2019-01-31 15:37:31.508418,13113837,1,0,2019-01-30 19:37:20, 클리앙 노인정에 다녀와봤습니다.. ,594,2,0,0
2019-01-31 16:37:23.872831,13113837,1,0,2019-01-30 19:37:20, 클리앙 노인정에 다녀와봤습니다.. ,595,1,0,0
2019-01-31 17:37:29.194552,13113837,1,0,2019-01-30 19:37:20, 클리앙 노인정에 다녀와봤습니다.. ,597,2,0,0
2019-01-31 18:37:21.851940,13113837,1,0,2019-01-30 19:37:20, 클리앙 노인정에 다녀와봤습니다.. ,598,1,0,0
2019-01-31 19:37:27.530421,13113837,1,0,2019-01-30 19:37:20, 클리앙 노인정에 다녀와봤습니다.. ,601,3,0,0
