check_time,id,post_reply,post_symph,post_time,post_title,post_view,post_view_diff,post_reply_diff,post_symph_diff
2019-01-27 20:56:23.352274,13101968,22,0,2019-01-27 19:56:19, 저는 김수미 나오는 그 요리프로그램... 별로더군요. ,1743,1743,22,0
2019-01-27 21:56:28.643542,13101968,24,0,2019-01-27 19:56:19, 저는 김수미 나오는 그 요리프로그램... 별로더군요. ,2111,368,2,0
2019-01-27 22:56:21.055858,13101968,24,0,2019-01-27 19:56:19, 저는 김수미 나오는 그 요리프로그램... 별로더군요. ,2327,216,0,0
2019-01-27 23:56:26.230281,13101968,24,0,2019-01-27 19:56:19, 저는 김수미 나오는 그 요리프로그램... 별로더군요. ,2416,89,0,0
2019-01-28 00:56:31.490476,13101968,24,0,2019-01-27 19:56:19, 저는 김수미 나오는 그 요리프로그램... 별로더군요. ,2459,43,0,0
2019-01-28 01:56:23.586455,13101968,24,0,2019-01-27 19:56:19, 저는 김수미 나오는 그 요리프로그램... 별로더군요. ,2493,34,0,0
2019-01-28 02:56:28.656675,13101968,24,0,2019-01-27 19:56:19, 저는 김수미 나오는 그 요리프로그램... 별로더군요. ,2509,16,0,0
2019-01-28 03:56:20.750353,13101968,24,0,2019-01-27 19:56:19, 저는 김수미 나오는 그 요리프로그램... 별로더군요. ,2524,15,0,0
2019-01-28 04:56:25.865066,13101968,24,0,2019-01-27 19:56:19, 저는 김수미 나오는 그 요리프로그램... 별로더군요. ,2536,12,0,0
2019-01-28 05:56:30.864717,13101968,24,0,2019-01-27 19:56:19, 저는 김수미 나오는 그 요리프로그램... 별로더군요. ,2544,8,0,0
2019-01-28 06:56:22.845248,13101968,24,0,2019-01-27 19:56:19, 저는 김수미 나오는 그 요리프로그램... 별로더군요. ,2553,9,0,0
2019-01-28 07:56:28.214486,13101968,24,0,2019-01-27 19:56:19, 저는 김수미 나오는 그 요리프로그램... 별로더군요. ,2563,10,0,0
2019-01-28 08:56:20.230631,13101968,24,0,2019-01-27 19:56:19, 저는 김수미 나오는 그 요리프로그램... 별로더군요. ,2578,15,0,0
2019-01-28 09:56:25.280519,13101968,24,0,2019-01-27 19:56:19, 저는 김수미 나오는 그 요리프로그램... 별로더군요. ,2588,10,0,0
2019-01-28 10:56:30.324322,13101968,24,0,2019-01-27 19:56:19, 저는 김수미 나오는 그 요리프로그램... 별로더군요. ,2600,12,0,0
2019-01-28 11:56:22.386258,13101968,24,0,2019-01-27 19:56:19, 저는 김수미 나오는 그 요리프로그램... 별로더군요. ,2609,9,0,0
2019-01-28 12:56:27.440344,13101968,24,0,2019-01-27 19:56:19, 저는 김수미 나오는 그 요리프로그램... 별로더군요. ,2612,3,0,0
2019-01-28 13:56:19.479093,13101968,24,0,2019-01-27 19:56:19, 저는 김수미 나오는 그 요리프로그램... 별로더군요. ,2622,10,0,0
2019-01-28 14:56:24.609819,13101968,24,0,2019-01-27 19:56:19, 저는 김수미 나오는 그 요리프로그램... 별로더군요. ,2626,4,0,0
2019-01-28 15:56:29.719568,13101968,24,0,2019-01-27 19:56:19, 저는 김수미 나오는 그 요리프로그램... 별로더군요. ,2627,1,0,0
2019-01-28 16:56:21.974302,13101968,24,0,2019-01-27 19:56:19, 저는 김수미 나오는 그 요리프로그램... 별로더군요. ,2631,4,0,0
2019-01-28 17:56:27.108689,13101968,24,0,2019-01-27 19:56:19, 저는 김수미 나오는 그 요리프로그램... 별로더군요. ,2635,4,0,0
2019-01-28 18:56:19.210108,13101968,24,0,2019-01-27 19:56:19, 저는 김수미 나오는 그 요리프로그램... 별로더군요. ,2636,1,0,0
2019-01-28 19:56:24.329130,13101968,24,0,2019-01-27 19:56:19, 저는 김수미 나오는 그 요리프로그램... 별로더군요. ,2638,2,0,0
