check_time,id,post_reply,post_symph,post_time,post_title,post_view,post_view_diff,post_reply_diff,post_symph_diff
2019-01-30 20:16:46.942576,13113731,0,3,2019-01-30 19:16:39, ▶◀ 사법부 이젠 사법부 차례입니다. ,381,381,0,3
2019-01-30 21:16:39.075916,13113731,0,3,2019-01-30 19:16:39, ▶◀ 사법부 이젠 사법부 차례입니다. ,422,41,0,0
2019-01-30 22:16:44.189784,13113731,0,3,2019-01-30 19:16:39, ▶◀ 사법부 이젠 사법부 차례입니다. ,432,10,0,0
2019-01-30 23:16:49.123597,13113731,0,3,2019-01-30 19:16:39, ▶◀ 사법부 이젠 사법부 차례입니다. ,438,6,0,0
2019-01-31 00:16:41.320162,13113731,0,3,2019-01-30 19:16:39, ▶◀ 사법부 이젠 사법부 차례입니다. ,443,5,0,0
2019-01-31 01:16:46.461439,13113731,0,3,2019-01-30 19:16:39, ▶◀ 사법부 이젠 사법부 차례입니다. ,448,5,0,0
2019-01-31 02:16:51.505906,13113731,0,3,2019-01-30 19:16:39, ▶◀ 사법부 이젠 사법부 차례입니다. ,449,1,0,0
2019-01-31 03:16:43.623863,13113731,0,3,2019-01-30 19:16:39, ▶◀ 사법부 이젠 사법부 차례입니다. ,451,2,0,0
2019-01-31 04:16:48.547043,13113731,0,3,2019-01-30 19:16:39, ▶◀ 사법부 이젠 사법부 차례입니다. ,452,1,0,0
2019-01-31 05:16:40.519781,13113731,0,3,2019-01-30 19:16:39, ▶◀ 사법부 이젠 사법부 차례입니다. ,453,1,0,0
2019-01-31 06:16:45.493794,13113731,0,3,2019-01-30 19:16:39, ▶◀ 사법부 이젠 사법부 차례입니다. ,454,1,0,0
2019-01-31 07:16:50.511902,13113731,0,3,2019-01-30 19:16:39, ▶◀ 사법부 이젠 사법부 차례입니다. ,455,1,0,0
2019-01-31 08:16:42.542125,13113731,0,3,2019-01-30 19:16:39, ▶◀ 사법부 이젠 사법부 차례입니다. ,457,2,0,0
2019-01-31 09:16:47.634912,13113731,0,3,2019-01-30 19:16:39, ▶◀ 사법부 이젠 사법부 차례입니다. ,458,1,0,0
2019-01-31 10:16:39.809004,13113731,0,3,2019-01-30 19:16:39, ▶◀ 사법부 이젠 사법부 차례입니다. ,460,2,0,0
2019-01-31 11:16:45.127512,13113731,0,3,2019-01-30 19:16:39, ▶◀ 사법부 이젠 사법부 차례입니다. ,461,1,0,0
2019-01-31 12:16:50.665722,13113731,0,3,2019-01-30 19:16:39, ▶◀ 사법부 이젠 사법부 차례입니다. ,463,2,0,0
2019-01-31 13:16:43.004407,13113731,0,3,2019-01-30 19:16:39, ▶◀ 사법부 이젠 사법부 차례입니다. ,464,1,0,0
2019-01-31 14:16:48.685101,13113731,0,3,2019-01-30 19:16:39, ▶◀ 사법부 이젠 사법부 차례입니다. ,465,1,0,0
2019-01-31 15:16:40.799885,13113731,0,3,2019-01-30 19:16:39, ▶◀ 사법부 이젠 사법부 차례입니다. ,466,1,0,0
2019-01-31 16:16:46.747665,13113731,0,3,2019-01-30 19:16:39, ▶◀ 사법부 이젠 사법부 차례입니다. ,467,1,0,0
2019-01-31 17:16:39.257954,13113731,0,3,2019-01-30 19:16:39, ▶◀ 사법부 이젠 사법부 차례입니다. ,468,1,0,0
2019-01-31 18:16:44.528530,13113731,0,3,2019-01-30 19:16:39, ▶◀ 사법부 이젠 사법부 차례입니다. ,469,1,0,0
2019-01-31 19:16:50.012323,13113731,0,3,2019-01-30 19:16:39, ▶◀ 사법부 이젠 사법부 차례입니다. ,471,2,0,0
