check_time,id,post_reply,post_symph,post_time,post_title,post_view,post_view_diff,post_reply_diff,post_symph_diff
2019-01-25 20:42:02.202982,13095042,34,10,2019-01-25 19:42:02, 플스4 되팔렘 엄청 당당하네요. ,3048,3048,34,10
2019-01-25 21:42:07.430248,13095042,36,10,2019-01-25 19:42:02, 플스4 되팔렘 엄청 당당하네요. ,3777,729,2,0
2019-01-25 22:42:13.223264,13095042,36,10,2019-01-25 19:42:02, 플스4 되팔렘 엄청 당당하네요. ,4221,444,0,0
2019-01-25 23:42:05.811723,13095042,37,11,2019-01-25 19:42:02, 플스4 되팔렘 엄청 당당하네요. ,4447,226,1,1
2019-01-26 00:42:11.198804,13095042,37,11,2019-01-25 19:42:02, 플스4 되팔렘 엄청 당당하네요. ,4627,180,0,0
2019-01-26 01:42:04.141131,13095042,37,11,2019-01-25 19:42:02, 플스4 되팔렘 엄청 당당하네요. ,4734,107,0,0
2019-01-26 02:42:09.199113,13095042,37,11,2019-01-25 19:42:02, 플스4 되팔렘 엄청 당당하네요. ,4790,56,0,0
2019-01-26 03:42:14.223221,13095042,37,11,2019-01-25 19:42:02, 플스4 되팔렘 엄청 당당하네요. ,4816,26,0,0
2019-01-26 04:42:06.202063,13095042,37,11,2019-01-25 19:42:02, 플스4 되팔렘 엄청 당당하네요. ,4837,21,0,0
2019-01-26 05:42:11.223171,13095042,37,11,2019-01-25 19:42:02, 플스4 되팔렘 엄청 당당하네요. ,4841,4,0,0
2019-01-26 06:42:03.289692,13095042,37,11,2019-01-25 19:42:02, 플스4 되팔렘 엄청 당당하네요. ,4871,30,0,0
2019-01-26 07:42:08.367313,13095042,37,11,2019-01-25 19:42:02, 플스4 되팔렘 엄청 당당하네요. ,4995,124,0,0
2019-01-26 08:42:13.412184,13095042,37,11,2019-01-25 19:42:02, 플스4 되팔렘 엄청 당당하네요. ,5052,57,0,0
2019-01-26 09:42:05.521701,13095042,37,11,2019-01-25 19:42:02, 플스4 되팔렘 엄청 당당하네요. ,5093,41,0,0
2019-01-26 10:42:10.661171,13095042,37,11,2019-01-25 19:42:02, 플스4 되팔렘 엄청 당당하네요. ,5137,44,0,0
2019-01-26 11:42:02.758986,13095042,37,11,2019-01-25 19:42:02, 플스4 되팔렘 엄청 당당하네요. ,5173,36,0,0
2019-01-26 12:42:07.942133,13095042,37,11,2019-01-25 19:42:02, 플스4 되팔렘 엄청 당당하네요. ,5199,26,0,0
2019-01-26 13:42:13.093574,13095042,37,11,2019-01-25 19:42:02, 플스4 되팔렘 엄청 당당하네요. ,5218,19,0,0
2019-01-26 14:42:05.172822,13095042,37,11,2019-01-25 19:42:02, 플스4 되팔렘 엄청 당당하네요. ,5248,30,0,0
2019-01-26 15:42:10.263453,13095042,37,11,2019-01-25 19:42:02, 플스4 되팔렘 엄청 당당하네요. ,5268,20,0,0
2019-01-26 16:42:02.370421,13095042,37,11,2019-01-25 19:42:02, 플스4 되팔렘 엄청 당당하네요. ,5280,12,0,0
2019-01-26 17:42:07.459649,13095042,37,11,2019-01-25 19:42:02, 플스4 되팔렘 엄청 당당하네요. ,5299,19,0,0
2019-01-26 18:42:12.589692,13095042,37,11,2019-01-25 19:42:02, 플스4 되팔렘 엄청 당당하네요. ,5308,9,0,0
2019-01-26 19:42:04.707609,13095042,37,11,2019-01-25 19:42:02, 플스4 되팔렘 엄청 당당하네요. ,5328,20,0,0
