check_time,id,post_reply,post_symph,post_time,post_title,post_view,post_view_diff,post_reply_diff,post_symph_diff
2019-01-24 20:37:23.101728,13090745,0,0,2019-01-24 19:37:14, 오랜만에 크롬 북마크 정리하는 중입니다. ,121,121,0,0
2019-01-24 21:37:15.272256,13090745,0,0,2019-01-24 19:37:14, 오랜만에 크롬 북마크 정리하는 중입니다. ,137,16,0,0
2019-01-24 22:37:20.313653,13090745,0,0,2019-01-24 19:37:14, 오랜만에 크롬 북마크 정리하는 중입니다. ,145,8,0,0
2019-01-24 23:37:25.340725,13090745,0,0,2019-01-24 19:37:14, 오랜만에 크롬 북마크 정리하는 중입니다. ,148,3,0,0
2019-01-25 00:37:17.316323,13090745,0,0,2019-01-24 19:37:14, 오랜만에 크롬 북마크 정리하는 중입니다. ,149,1,0,0
2019-01-25 01:37:22.360114,13090745,0,0,2019-01-24 19:37:14, 오랜만에 크롬 북마크 정리하는 중입니다. ,151,2,0,0
2019-01-25 02:37:14.405251,13090745,0,0,2019-01-24 19:37:14, 오랜만에 크롬 북마크 정리하는 중입니다. ,153,2,0,0
2019-01-25 03:37:19.426651,13090745,0,0,2019-01-24 19:37:14, 오랜만에 크롬 북마크 정리하는 중입니다. ,155,2,0,0
2019-01-25 04:37:24.639985,13090745,0,0,2019-01-24 19:37:14, 오랜만에 크롬 북마크 정리하는 중입니다. ,156,1,0,0
2019-01-25 05:37:16.676455,13090745,0,0,2019-01-24 19:37:14, 오랜만에 크롬 북마크 정리하는 중입니다. ,157,1,0,0
2019-01-25 06:37:21.713808,13090745,0,0,2019-01-24 19:37:14, 오랜만에 크롬 북마크 정리하는 중입니다. ,158,1,0,0
2019-01-25 07:37:26.949511,13090745,0,0,2019-01-24 19:37:14, 오랜만에 크롬 북마크 정리하는 중입니다. ,160,2,0,0
2019-01-25 08:37:19.179544,13090745,0,0,2019-01-24 19:37:14, 오랜만에 크롬 북마크 정리하는 중입니다. ,161,1,0,0
2019-01-25 09:37:24.203890,13090745,0,0,2019-01-24 19:37:14, 오랜만에 크롬 북마크 정리하는 중입니다. ,162,1,0,0
2019-01-25 10:37:16.230086,13090745,0,0,2019-01-24 19:37:14, 오랜만에 크롬 북마크 정리하는 중입니다. ,163,1,0,0
2019-01-25 11:37:21.256813,13090745,0,0,2019-01-24 19:37:14, 오랜만에 크롬 북마크 정리하는 중입니다. ,164,1,0,0
2019-01-25 12:37:26.307645,13090745,0,0,2019-01-24 19:37:14, 오랜만에 크롬 북마크 정리하는 중입니다. ,166,2,0,0
2019-01-25 13:37:18.320563,13090745,0,0,2019-01-24 19:37:14, 오랜만에 크롬 북마크 정리하는 중입니다. ,167,1,0,0
2019-01-25 14:37:23.266803,13090745,0,0,2019-01-24 19:37:14, 오랜만에 크롬 북마크 정리하는 중입니다. ,169,2,0,0
2019-01-25 15:37:15.422554,13090745,0,0,2019-01-24 19:37:14, 오랜만에 크롬 북마크 정리하는 중입니다. ,171,2,0,0
2019-01-25 16:37:20.568655,13090745,0,0,2019-01-24 19:37:14, 오랜만에 크롬 북마크 정리하는 중입니다. ,173,2,0,0
2019-01-25 17:37:25.734833,13090745,0,0,2019-01-24 19:37:14, 오랜만에 크롬 북마크 정리하는 중입니다. ,174,1,0,0
2019-01-25 18:37:17.831708,13090745,0,0,2019-01-24 19:37:14, 오랜만에 크롬 북마크 정리하는 중입니다. ,175,1,0,0
2019-01-25 19:37:22.917334,13090745,0,0,2019-01-24 19:37:14, 오랜만에 크롬 북마크 정리하는 중입니다. ,177,2,0,0
