check_time,id,post_reply,post_symph,post_time,post_title,post_view,post_view_diff,post_reply_diff,post_symph_diff
2019-01-25 20:22:41.085286,13094985,2,0,2019-01-25 19:22:29, 플스4 이 근방은 다 멸종인가봐요 ,784,784,2,0
2019-01-25 21:22:33.211712,13094985,2,0,2019-01-25 19:22:29, 플스4 이 근방은 다 멸종인가봐요 ,907,123,0,0
2019-01-25 22:22:38.692019,13094985,2,0,2019-01-25 19:22:29, 플스4 이 근방은 다 멸종인가봐요 ,953,46,0,0
2019-01-25 23:22:30.861944,13094985,2,0,2019-01-25 19:22:29, 플스4 이 근방은 다 멸종인가봐요 ,999,46,0,0
2019-01-26 00:22:36.150437,13094985,2,0,2019-01-25 19:22:29, 플스4 이 근방은 다 멸종인가봐요 ,1017,18,0,0
2019-01-26 01:22:41.234956,13094985,2,0,2019-01-25 19:22:29, 플스4 이 근방은 다 멸종인가봐요 ,1038,21,0,0
2019-01-26 02:22:33.346489,13094985,2,0,2019-01-25 19:22:29, 플스4 이 근방은 다 멸종인가봐요 ,1046,8,0,0
2019-01-26 03:22:38.886031,13094985,2,0,2019-01-25 19:22:29, 플스4 이 근방은 다 멸종인가봐요 ,1052,6,0,0
2019-01-26 04:22:31.014888,13094985,2,0,2019-01-25 19:22:29, 플스4 이 근방은 다 멸종인가봐요 ,1057,5,0,0
2019-01-26 05:22:36.359159,13094985,2,0,2019-01-25 19:22:29, 플스4 이 근방은 다 멸종인가봐요 ,1061,4,0,0
2019-01-26 06:22:41.476693,13094985,2,0,2019-01-25 19:22:29, 플스4 이 근방은 다 멸종인가봐요 ,1064,3,0,0
2019-01-26 07:22:33.572471,13094985,2,0,2019-01-25 19:22:29, 플스4 이 근방은 다 멸종인가봐요 ,1069,5,0,0
2019-01-26 08:22:38.817840,13094985,2,0,2019-01-25 19:22:29, 플스4 이 근방은 다 멸종인가봐요 ,1076,7,0,0
2019-01-26 09:22:30.982636,13094985,2,0,2019-01-25 19:22:29, 플스4 이 근방은 다 멸종인가봐요 ,1089,13,0,0
2019-01-26 10:22:36.144636,13094985,2,0,2019-01-25 19:22:29, 플스4 이 근방은 다 멸종인가봐요 ,1100,11,0,0
2019-01-26 11:22:41.293350,13094985,2,0,2019-01-25 19:22:29, 플스4 이 근방은 다 멸종인가봐요 ,1103,3,0,0
2019-01-26 12:22:33.456282,13094985,2,0,2019-01-25 19:22:29, 플스4 이 근방은 다 멸종인가봐요 ,1105,2,0,0
2019-01-26 13:22:38.851399,13094985,2,0,2019-01-25 19:22:29, 플스4 이 근방은 다 멸종인가봐요 ,1109,4,0,0
2019-01-26 14:22:30.958980,13094985,2,0,2019-01-25 19:22:29, 플스4 이 근방은 다 멸종인가봐요 ,1112,3,0,0
2019-01-26 15:22:36.091751,13094985,2,0,2019-01-25 19:22:29, 플스4 이 근방은 다 멸종인가봐요 ,1116,4,0,0
2019-01-26 16:22:41.230188,13094985,2,0,2019-01-25 19:22:29, 플스4 이 근방은 다 멸종인가봐요 ,1119,3,0,0
2019-01-26 17:22:33.388979,13094985,2,0,2019-01-25 19:22:29, 플스4 이 근방은 다 멸종인가봐요 ,1122,3,0,0
2019-01-26 18:22:38.544734,13094985,2,0,2019-01-25 19:22:29, 플스4 이 근방은 다 멸종인가봐요 ,1123,1,0,0
2019-01-26 19:22:30.598483,13094985,2,0,2019-01-25 19:22:29, 플스4 이 근방은 다 멸종인가봐요 ,1130,7,0,0
