check_time,id,post_reply,post_symph,post_time,post_title,post_view,post_view_diff,post_reply_diff,post_symph_diff
2019-01-29 20:46:04.799946,13109465,8,3,2019-01-29 19:46:01, 7세기 일본은 백제·신라 본떠”…‘목간 연구’ 일본 학자들 인정했다 ,1784,1784,8,3
2019-01-29 21:46:09.900032,13109465,8,3,2019-01-29 19:46:01, 7세기 일본은 백제·신라 본떠”…‘목간 연구’ 일본 학자들 인정했다 ,2127,343,0,0
2019-01-29 22:46:01.973564,13109465,9,3,2019-01-29 19:46:01, 7세기 일본은 백제·신라 본떠”…‘목간 연구’ 일본 학자들 인정했다 ,2291,164,1,0
2019-01-29 23:46:07.069483,13109465,9,3,2019-01-29 19:46:01, 7세기 일본은 백제·신라 본떠”…‘목간 연구’ 일본 학자들 인정했다 ,2365,74,0,0
2019-01-30 00:46:12.201767,13109465,9,3,2019-01-29 19:46:01, 7세기 일본은 백제·신라 본떠”…‘목간 연구’ 일본 학자들 인정했다 ,2406,41,0,0
2019-01-30 01:46:04.314287,13109465,9,3,2019-01-29 19:46:01, 7세기 일본은 백제·신라 본떠”…‘목간 연구’ 일본 학자들 인정했다 ,2431,25,0,0
2019-01-30 02:46:09.595172,13109465,9,3,2019-01-29 19:46:01, 7세기 일본은 백제·신라 본떠”…‘목간 연구’ 일본 학자들 인정했다 ,2446,15,0,0
2019-01-30 03:46:01.687543,13109465,9,3,2019-01-29 19:46:01, 7세기 일본은 백제·신라 본떠”…‘목간 연구’ 일본 학자들 인정했다 ,2460,14,0,0
2019-01-30 04:46:06.781756,13109465,9,3,2019-01-29 19:46:01, 7세기 일본은 백제·신라 본떠”…‘목간 연구’ 일본 학자들 인정했다 ,2472,12,0,0
2019-01-30 05:46:11.843318,13109465,9,3,2019-01-29 19:46:01, 7세기 일본은 백제·신라 본떠”…‘목간 연구’ 일본 학자들 인정했다 ,2480,8,0,0
2019-01-30 06:46:03.885612,13109465,9,3,2019-01-29 19:46:01, 7세기 일본은 백제·신라 본떠”…‘목간 연구’ 일본 학자들 인정했다 ,2489,9,0,0
2019-01-30 07:46:08.957132,13109465,9,3,2019-01-29 19:46:01, 7세기 일본은 백제·신라 본떠”…‘목간 연구’ 일본 학자들 인정했다 ,2502,13,0,0
2019-01-30 08:46:14.011968,13109465,9,3,2019-01-29 19:46:01, 7세기 일본은 백제·신라 본떠”…‘목간 연구’ 일본 학자들 인정했다 ,2509,7,0,0
2019-01-30 09:46:06.348725,13109465,9,3,2019-01-29 19:46:01, 7세기 일본은 백제·신라 본떠”…‘목간 연구’ 일본 학자들 인정했다 ,2520,11,0,0
2019-01-30 10:46:11.606972,13109465,9,3,2019-01-29 19:46:01, 7세기 일본은 백제·신라 본떠”…‘목간 연구’ 일본 학자들 인정했다 ,2532,12,0,0
2019-01-30 11:46:03.675212,13109465,9,3,2019-01-29 19:46:01, 7세기 일본은 백제·신라 본떠”…‘목간 연구’ 일본 학자들 인정했다 ,2541,9,0,0
2019-01-30 12:46:08.801747,13109465,9,3,2019-01-29 19:46:01, 7세기 일본은 백제·신라 본떠”…‘목간 연구’ 일본 학자들 인정했다 ,2549,8,0,0
2019-01-30 13:46:13.908611,13109465,9,3,2019-01-29 19:46:01, 7세기 일본은 백제·신라 본떠”…‘목간 연구’ 일본 학자들 인정했다 ,2556,7,0,0
2019-01-30 14:46:06.053684,13109465,9,3,2019-01-29 19:46:01, 7세기 일본은 백제·신라 본떠”…‘목간 연구’ 일본 학자들 인정했다 ,2559,3,0,0
2019-01-30 15:46:11.170738,13109465,9,3,2019-01-29 19:46:01, 7세기 일본은 백제·신라 본떠”…‘목간 연구’ 일본 학자들 인정했다 ,2564,5,0,0
2019-01-30 16:46:03.347029,13109465,9,3,2019-01-29 19:46:01, 7세기 일본은 백제·신라 본떠”…‘목간 연구’ 일본 학자들 인정했다 ,2566,2,0,0
2019-01-30 17:46:08.379527,13109465,9,3,2019-01-29 19:46:01, 7세기 일본은 백제·신라 본떠”…‘목간 연구’ 일본 학자들 인정했다 ,2569,3,0,0
2019-01-30 18:46:13.432017,13109465,9,3,2019-01-29 19:46:01, 7세기 일본은 백제·신라 본떠”…‘목간 연구’ 일본 학자들 인정했다 ,2570,1,0,0
2019-01-30 19:46:05.464726,13109465,9,3,2019-01-29 19:46:01, 7세기 일본은 백제·신라 본떠”…‘목간 연구’ 일본 학자들 인정했다 ,2574,4,0,0
