check_time,id,post_reply,post_symph,post_time,post_title,post_view,post_view_diff,post_reply_diff,post_symph_diff
2019-01-24 20:12:11.909013,13090659,10,0,2019-01-24 19:12:02, 플스4 pro vs. 짤방의 여자.gif (40mb) ,2012,2012,10,0
2019-01-24 21:12:03.893431,13090659,11,0,2019-01-24 19:12:02, 플스4 pro vs. 짤방의 여자.gif (40mb) ,2302,290,1,0
2019-01-24 22:12:08.942491,13090659,11,0,2019-01-24 19:12:02, 플스4 pro vs. 짤방의 여자.gif (40mb) ,2429,127,0,0
2019-01-24 23:12:14.408402,13090659,11,0,2019-01-24 19:12:02, 플스4 pro vs. 짤방의 여자.gif (40mb) ,2503,74,0,0
2019-01-25 00:12:06.993431,13090659,11,0,2019-01-24 19:12:02, 플스4 pro vs. 짤방의 여자.gif (40mb) ,2553,50,0,0
2019-01-25 01:12:12.097185,13090659,11,0,2019-01-24 19:12:02, 플스4 pro vs. 짤방의 여자.gif (40mb) ,2590,37,0,0
2019-01-25 02:12:04.150177,13090659,11,0,2019-01-24 19:12:02, 플스4 pro vs. 짤방의 여자.gif (40mb) ,2610,20,0,0
2019-01-25 03:12:09.251710,13090659,11,0,2019-01-24 19:12:02, 플스4 pro vs. 짤방의 여자.gif (40mb) ,2624,14,0,0
2019-01-25 04:12:14.413359,13090659,11,0,2019-01-24 19:12:02, 플스4 pro vs. 짤방의 여자.gif (40mb) ,2631,7,0,0
2019-01-25 05:12:06.559918,13090659,11,0,2019-01-24 19:12:02, 플스4 pro vs. 짤방의 여자.gif (40mb) ,2636,5,0,0
2019-01-25 06:12:12.438018,13090659,11,0,2019-01-24 19:12:02, 플스4 pro vs. 짤방의 여자.gif (40mb) ,2640,4,0,0
2019-01-25 07:12:04.530054,13090659,11,0,2019-01-24 19:12:02, 플스4 pro vs. 짤방의 여자.gif (40mb) ,2649,9,0,0
2019-01-25 08:12:09.821680,13090659,11,0,2019-01-24 19:12:02, 플스4 pro vs. 짤방의 여자.gif (40mb) ,2661,12,0,0
2019-01-25 09:12:14.803306,13090659,11,0,2019-01-24 19:12:02, 플스4 pro vs. 짤방의 여자.gif (40mb) ,2675,14,0,0
2019-01-25 10:12:06.792922,13090659,11,0,2019-01-24 19:12:02, 플스4 pro vs. 짤방의 여자.gif (40mb) ,2685,10,0,0
2019-01-25 11:12:12.365349,13090659,11,0,2019-01-24 19:12:02, 플스4 pro vs. 짤방의 여자.gif (40mb) ,2696,11,0,0
2019-01-25 12:12:04.501376,13090659,11,0,2019-01-24 19:12:02, 플스4 pro vs. 짤방의 여자.gif (40mb) ,2702,6,0,0
2019-01-25 13:12:11.529889,13090659,11,0,2019-01-24 19:12:02, 플스4 pro vs. 짤방의 여자.gif (40mb) ,2707,5,0,0
2019-01-25 14:12:04.435977,13090659,11,0,2019-01-24 19:12:02, 플스4 pro vs. 짤방의 여자.gif (40mb) ,2711,4,0,0
2019-01-25 15:12:10.598441,13090659,11,0,2019-01-24 19:12:02, 플스4 pro vs. 짤방의 여자.gif (40mb) ,2717,6,0,0
2019-01-25 16:12:02.973270,13090659,11,0,2019-01-24 19:12:02, 플스4 pro vs. 짤방의 여자.gif (40mb) ,2719,2,0,0
2019-01-25 17:12:08.189578,13090659,11,0,2019-01-24 19:12:02, 플스4 pro vs. 짤방의 여자.gif (40mb) ,2726,7,0,0
2019-01-25 18:12:13.360484,13090659,11,0,2019-01-24 19:12:02, 플스4 pro vs. 짤방의 여자.gif (40mb) ,2730,4,0,0
2019-01-25 19:12:05.431766,13090659,11,0,2019-01-24 19:12:02, 플스4 pro vs. 짤방의 여자.gif (40mb) ,2731,1,0,0
