check_time,id,post_reply,post_symph,post_time,post_title,post_view,post_view_diff,post_reply_diff,post_symph_diff
2019-01-24 20:56:31.467284,13090816,24,0,2019-01-24 19:56:26, ps4 용서받지 못한 자 등장.jpg ,3100,3100,24,0
2019-01-24 21:56:36.703332,13090816,24,0,2019-01-24 19:56:26, ps4 용서받지 못한 자 등장.jpg ,3538,438,0,0
2019-01-24 22:56:28.927729,13090816,24,0,2019-01-24 19:56:26, ps4 용서받지 못한 자 등장.jpg ,3798,260,0,0
2019-01-24 23:56:33.993542,13090816,24,0,2019-01-24 19:56:26, ps4 용서받지 못한 자 등장.jpg ,3975,177,0,0
2019-01-25 00:56:39.012878,13090816,24,0,2019-01-24 19:56:26, ps4 용서받지 못한 자 등장.jpg ,4088,113,0,0
2019-01-25 01:56:31.152860,13090816,24,0,2019-01-24 19:56:26, ps4 용서받지 못한 자 등장.jpg ,4136,48,0,0
2019-01-25 02:56:36.253560,13090816,24,0,2019-01-24 19:56:26, ps4 용서받지 못한 자 등장.jpg ,4165,29,0,0
2019-01-25 03:56:28.359542,13090816,24,0,2019-01-24 19:56:26, ps4 용서받지 못한 자 등장.jpg ,4182,17,0,0
2019-01-25 04:56:33.400063,13090816,24,0,2019-01-24 19:56:26, ps4 용서받지 못한 자 등장.jpg ,4196,14,0,0
2019-01-25 05:56:38.440610,13090816,24,0,2019-01-24 19:56:26, ps4 용서받지 못한 자 등장.jpg ,4206,10,0,0
2019-01-25 06:56:30.439895,13090816,24,0,2019-01-24 19:56:26, ps4 용서받지 못한 자 등장.jpg ,4233,27,0,0
2019-01-25 07:56:35.492699,13090816,24,0,2019-01-24 19:56:26, ps4 용서받지 못한 자 등장.jpg ,4268,35,0,0
2019-01-25 08:56:27.521647,13090816,24,0,2019-01-24 19:56:26, ps4 용서받지 못한 자 등장.jpg ,4302,34,0,0
2019-01-25 09:56:32.547485,13090816,24,0,2019-01-24 19:56:26, ps4 용서받지 못한 자 등장.jpg ,4315,13,0,0
2019-01-25 10:56:37.613845,13090816,24,0,2019-01-24 19:56:26, ps4 용서받지 못한 자 등장.jpg ,4334,19,0,0
2019-01-25 11:56:29.623455,13090816,24,0,2019-01-24 19:56:26, ps4 용서받지 못한 자 등장.jpg ,4344,10,0,0
2019-01-25 12:56:34.947053,13090816,24,0,2019-01-24 19:56:26, ps4 용서받지 못한 자 등장.jpg ,4356,12,0,0
2019-01-25 13:56:26.896076,13090816,24,0,2019-01-24 19:56:26, ps4 용서받지 못한 자 등장.jpg ,4363,7,0,0
2019-01-25 14:56:31.953830,13090816,24,0,2019-01-24 19:56:26, ps4 용서받지 못한 자 등장.jpg ,4373,10,0,0
2019-01-25 15:56:37.178404,13090816,24,0,2019-01-24 19:56:26, ps4 용서받지 못한 자 등장.jpg ,4386,13,0,0
2019-01-25 16:56:29.273383,13090816,24,0,2019-01-24 19:56:26, ps4 용서받지 못한 자 등장.jpg ,4396,10,0,0
2019-01-25 17:56:34.581196,13090816,24,0,2019-01-24 19:56:26, ps4 용서받지 못한 자 등장.jpg ,4404,8,0,0
2019-01-25 18:56:26.914104,13090816,24,0,2019-01-24 19:56:26, ps4 용서받지 못한 자 등장.jpg ,4406,2,0,0
2019-01-25 19:56:31.997296,13090816,24,0,2019-01-24 19:56:26, ps4 용서받지 못한 자 등장.jpg ,4409,3,0,0
