check_time,id,post_reply,post_symph,post_time,post_title,post_view,post_view_diff,post_reply_diff,post_symph_diff
2019-01-26 20:37:04.479398,13098864,20,0,2019-01-26 19:37:01, 꽃게 사오다 자동차 시트를 긁어먹었네요 ,1835,1835,20,0
2019-01-26 21:37:09.545788,13098864,20,0,2019-01-26 19:37:01, 꽃게 사오다 자동차 시트를 긁어먹었네요 ,2312,477,0,0
2019-01-26 22:37:01.583705,13098864,20,0,2019-01-26 19:37:01, 꽃게 사오다 자동차 시트를 긁어먹었네요 ,2628,316,0,0
2019-01-26 23:37:06.596931,13098864,20,0,2019-01-26 19:37:01, 꽃게 사오다 자동차 시트를 긁어먹었네요 ,2817,189,0,0
2019-01-27 00:37:11.582123,13098864,20,0,2019-01-26 19:37:01, 꽃게 사오다 자동차 시트를 긁어먹었네요 ,2907,90,0,0
2019-01-27 01:37:03.570474,13098864,20,0,2019-01-26 19:37:01, 꽃게 사오다 자동차 시트를 긁어먹었네요 ,2934,27,0,0
2019-01-27 02:37:08.658830,13098864,20,0,2019-01-26 19:37:01, 꽃게 사오다 자동차 시트를 긁어먹었네요 ,2967,33,0,0
2019-01-27 03:37:13.962617,13098864,20,0,2019-01-26 19:37:01, 꽃게 사오다 자동차 시트를 긁어먹었네요 ,2981,14,0,0
2019-01-27 04:37:05.986046,13098864,20,0,2019-01-26 19:37:01, 꽃게 사오다 자동차 시트를 긁어먹었네요 ,2990,9,0,0
2019-01-27 05:37:11.174891,13098864,20,0,2019-01-26 19:37:01, 꽃게 사오다 자동차 시트를 긁어먹었네요 ,3000,10,0,0
2019-01-27 06:37:03.488995,13098864,20,0,2019-01-26 19:37:01, 꽃게 사오다 자동차 시트를 긁어먹었네요 ,3007,7,0,0
2019-01-27 07:37:08.477274,13098864,20,0,2019-01-26 19:37:01, 꽃게 사오다 자동차 시트를 긁어먹었네요 ,3014,7,0,0
2019-01-27 08:37:13.632855,13098864,20,0,2019-01-26 19:37:01, 꽃게 사오다 자동차 시트를 긁어먹었네요 ,3023,9,0,0
2019-01-27 09:37:06.436997,13098864,20,0,2019-01-26 19:37:01, 꽃게 사오다 자동차 시트를 긁어먹었네요 ,3034,11,0,0
2019-01-27 10:37:11.674824,13098864,20,0,2019-01-26 19:37:01, 꽃게 사오다 자동차 시트를 긁어먹었네요 ,3042,8,0,0
2019-01-27 11:37:03.917027,13098864,20,0,2019-01-26 19:37:01, 꽃게 사오다 자동차 시트를 긁어먹었네요 ,3054,12,0,0
2019-01-27 12:37:09.085679,13098864,20,0,2019-01-26 19:37:01, 꽃게 사오다 자동차 시트를 긁어먹었네요 ,3063,9,0,0
2019-01-27 13:37:01.191534,13098864,20,0,2019-01-26 19:37:01, 꽃게 사오다 자동차 시트를 긁어먹었네요 ,3071,8,0,0
2019-01-27 14:37:06.262454,13098864,20,0,2019-01-26 19:37:01, 꽃게 사오다 자동차 시트를 긁어먹었네요 ,3075,4,0,0
2019-01-27 15:37:11.343644,13098864,20,0,2019-01-26 19:37:01, 꽃게 사오다 자동차 시트를 긁어먹었네요 ,3078,3,0,0
2019-01-27 16:37:03.520942,13098864,20,0,2019-01-26 19:37:01, 꽃게 사오다 자동차 시트를 긁어먹었네요 ,3085,7,0,0
2019-01-27 17:37:08.585801,13098864,20,0,2019-01-26 19:37:01, 꽃게 사오다 자동차 시트를 긁어먹었네요 ,3086,1,0,0
2019-01-27 18:37:13.635855,13098864,20,0,2019-01-26 19:37:01, 꽃게 사오다 자동차 시트를 긁어먹었네요 ,3090,4,0,0
2019-01-27 19:37:05.708526,13098864,20,0,2019-01-26 19:37:01, 꽃게 사오다 자동차 시트를 긁어먹었네요 ,3090,0,0,0
