check_time,id,post_reply,post_symph,post_time,post_title,post_view,post_view_diff,post_reply_diff,post_symph_diff
2019-01-27 20:35:44.004908,13101911,10,0,2019-01-27 19:35:34, 저는 앤썸 괜찮은 것 같네요 ,603,603,10,0
2019-01-27 21:35:36.200366,13101911,11,0,2019-01-27 19:35:34, 저는 앤썸 괜찮은 것 같네요 ,715,112,1,0
2019-01-27 22:35:41.387786,13101911,11,0,2019-01-27 19:35:34, 저는 앤썸 괜찮은 것 같네요 ,749,34,0,0
2019-01-27 23:35:46.600613,13101911,11,0,2019-01-27 19:35:34, 저는 앤썸 괜찮은 것 같네요 ,768,19,0,0
2019-01-28 00:35:38.669507,13101911,11,0,2019-01-27 19:35:34, 저는 앤썸 괜찮은 것 같네요 ,777,9,0,0
2019-01-28 01:35:43.705452,13101911,11,0,2019-01-27 19:35:34, 저는 앤썸 괜찮은 것 같네요 ,780,3,0,0
2019-01-28 02:35:35.818830,13101911,11,0,2019-01-27 19:35:34, 저는 앤썸 괜찮은 것 같네요 ,786,6,0,0
2019-01-28 03:35:40.862802,13101911,11,0,2019-01-27 19:35:34, 저는 앤썸 괜찮은 것 같네요 ,790,4,0,0
2019-01-28 04:35:45.889016,13101911,11,0,2019-01-27 19:35:34, 저는 앤썸 괜찮은 것 같네요 ,793,3,0,0
2019-01-28 05:35:37.894902,13101911,11,0,2019-01-27 19:35:34, 저는 앤썸 괜찮은 것 같네요 ,796,3,0,0
2019-01-28 06:35:43.095258,13101911,11,0,2019-01-27 19:35:34, 저는 앤썸 괜찮은 것 같네요 ,798,2,0,0
2019-01-28 07:35:35.414142,13101911,11,0,2019-01-27 19:35:34, 저는 앤썸 괜찮은 것 같네요 ,801,3,0,0
2019-01-28 08:35:40.498421,13101911,11,0,2019-01-27 19:35:34, 저는 앤썸 괜찮은 것 같네요 ,803,2,0,0
2019-01-28 09:35:45.571154,13101911,11,0,2019-01-27 19:35:34, 저는 앤썸 괜찮은 것 같네요 ,806,3,0,0
2019-01-28 10:35:37.557861,13101911,11,0,2019-01-27 19:35:34, 저는 앤썸 괜찮은 것 같네요 ,811,5,0,0
2019-01-28 11:35:42.598113,13101911,11,0,2019-01-27 19:35:34, 저는 앤썸 괜찮은 것 같네요 ,814,3,0,0
2019-01-28 12:35:34.584903,13101911,11,0,2019-01-27 19:35:34, 저는 앤썸 괜찮은 것 같네요 ,817,3,0,0
2019-01-28 13:35:39.720332,13101911,11,0,2019-01-27 19:35:34, 저는 앤썸 괜찮은 것 같네요 ,824,7,0,0
2019-01-28 14:35:44.795915,13101911,11,0,2019-01-27 19:35:34, 저는 앤썸 괜찮은 것 같네요 ,826,2,0,0
2019-01-28 15:35:36.917121,13101911,11,0,2019-01-27 19:35:34, 저는 앤썸 괜찮은 것 같네요 ,829,3,0,0
2019-01-28 16:35:42.093727,13101911,11,0,2019-01-27 19:35:34, 저는 앤썸 괜찮은 것 같네요 ,833,4,0,0
2019-01-28 17:35:34.193844,13101911,11,0,2019-01-27 19:35:34, 저는 앤썸 괜찮은 것 같네요 ,835,2,0,0
2019-01-28 18:35:39.226194,13101911,11,0,2019-01-27 19:35:34, 저는 앤썸 괜찮은 것 같네요 ,836,1,0,0
2019-01-28 19:35:44.260026,13101911,11,0,2019-01-27 19:35:34, 저는 앤썸 괜찮은 것 같네요 ,837,1,0,0
