check_time,id,post_reply,post_symph,post_time,post_title,post_view,post_view_diff,post_reply_diff,post_symph_diff
2019-01-28 20:57:11.727059,13105830,14,1,2019-01-28 19:57:11, 현직 영국입니다.. 브렉시트.. ,2886,2886,14,1
2019-01-28 21:57:18.570792,13105830,15,1,2019-01-28 19:57:11, 현직 영국입니다.. 브렉시트.. ,3286,400,1,0
2019-01-28 22:57:23.641374,13105830,15,1,2019-01-28 19:57:11, 현직 영국입니다.. 브렉시트.. ,3531,245,0,0
2019-01-28 23:57:15.942611,13105830,15,1,2019-01-28 19:57:11, 현직 영국입니다.. 브렉시트.. ,3662,131,0,0
2019-01-29 00:57:21.044066,13105830,15,1,2019-01-28 19:57:11, 현직 영국입니다.. 브렉시트.. ,3729,67,0,0
2019-01-29 01:57:13.147362,13105830,15,1,2019-01-28 19:57:11, 현직 영국입니다.. 브렉시트.. ,3774,45,0,0
2019-01-29 02:57:18.447106,13105830,15,1,2019-01-28 19:57:11, 현직 영국입니다.. 브렉시트.. ,3799,25,0,0
2019-01-29 03:57:23.821056,13105830,15,1,2019-01-28 19:57:11, 현직 영국입니다.. 브렉시트.. ,3811,12,0,0
2019-01-29 04:57:15.887084,13105830,15,1,2019-01-28 19:57:11, 현직 영국입니다.. 브렉시트.. ,3824,13,0,0
2019-01-29 05:57:21.265529,13105830,15,1,2019-01-28 19:57:11, 현직 영국입니다.. 브렉시트.. ,3837,13,0,0
2019-01-29 06:57:13.385639,13105830,15,1,2019-01-28 19:57:11, 현직 영국입니다.. 브렉시트.. ,3848,11,0,0
2019-01-29 07:57:18.505669,13105830,15,1,2019-01-28 19:57:11, 현직 영국입니다.. 브렉시트.. ,3876,28,0,0
2019-01-29 08:57:23.737817,13105830,15,1,2019-01-28 19:57:11, 현직 영국입니다.. 브렉시트.. ,3895,19,0,0
2019-01-29 09:57:15.835302,13105830,15,1,2019-01-28 19:57:11, 현직 영국입니다.. 브렉시트.. ,3913,18,0,0
2019-01-29 10:57:20.970803,13105830,15,1,2019-01-28 19:57:11, 현직 영국입니다.. 브렉시트.. ,3922,9,0,0
2019-01-29 11:57:13.078331,13105830,15,1,2019-01-28 19:57:11, 현직 영국입니다.. 브렉시트.. ,3932,10,0,0
2019-01-29 12:57:18.192411,13105830,15,1,2019-01-28 19:57:11, 현직 영국입니다.. 브렉시트.. ,3938,6,0,0
2019-01-29 13:57:23.196783,13105830,15,1,2019-01-28 19:57:11, 현직 영국입니다.. 브렉시트.. ,3939,1,0,0
2019-01-29 14:57:15.229258,13105830,15,1,2019-01-28 19:57:11, 현직 영국입니다.. 브렉시트.. ,3947,8,0,0
2019-01-29 15:57:20.300368,13105830,15,1,2019-01-28 19:57:11, 현직 영국입니다.. 브렉시트.. ,3952,5,0,0
2019-01-29 16:57:12.371850,13105830,15,1,2019-01-28 19:57:11, 현직 영국입니다.. 브렉시트.. ,3956,4,0,0
2019-01-29 17:57:17.522673,13105830,15,1,2019-01-28 19:57:11, 현직 영국입니다.. 브렉시트.. ,3958,2,0,0
2019-01-29 18:57:22.601739,13105830,15,1,2019-01-28 19:57:11, 현직 영국입니다.. 브렉시트.. ,3962,4,0,0
2019-01-29 19:57:14.580584,13105830,15,1,2019-01-28 19:57:11, 현직 영국입니다.. 브렉시트.. ,3964,2,0,0
