check_time,id,post_reply,post_symph,post_time,post_title,post_view,post_view_diff,post_reply_diff,post_symph_diff
2019-01-25 22:00:57.347224,13095265,6,0,2019-01-25 21:00:46, 홍크나이트가 손사장을 옹호하네요 ,1180,1180,6,0
2019-01-25 23:00:50.195213,13095265,6,0,2019-01-25 21:00:46, 홍크나이트가 손사장을 옹호하네요 ,1275,95,0,0
2019-01-26 00:00:55.258020,13095265,6,0,2019-01-25 21:00:46, 홍크나이트가 손사장을 옹호하네요 ,1289,14,0,0
2019-01-26 01:00:48.076430,13095265,6,0,2019-01-25 21:00:46, 홍크나이트가 손사장을 옹호하네요 ,1293,4,0,0
2019-01-26 02:00:53.117327,13095265,6,0,2019-01-25 21:00:46, 홍크나이트가 손사장을 옹호하네요 ,1299,6,0,0
2019-01-26 03:00:58.102890,13095265,6,0,2019-01-25 21:00:46, 홍크나이트가 손사장을 옹호하네요 ,1301,2,0,0
2019-01-26 04:00:51.078163,13095265,6,0,2019-01-25 21:00:46, 홍크나이트가 손사장을 옹호하네요 ,1304,3,0,0
2019-01-26 05:00:56.124078,13095265,6,0,2019-01-25 21:00:46, 홍크나이트가 손사장을 옹호하네요 ,1306,2,0,0
2019-01-26 06:00:48.319786,13095265,6,0,2019-01-25 21:00:46, 홍크나이트가 손사장을 옹호하네요 ,1312,6,0,0
2019-01-26 07:00:53.320222,13095265,6,0,2019-01-25 21:00:46, 홍크나이트가 손사장을 옹호하네요 ,1314,2,0,0
2019-01-26 08:00:58.466199,13095265,6,0,2019-01-25 21:00:46, 홍크나이트가 손사장을 옹호하네요 ,1315,1,0,0
2019-01-26 09:00:50.545018,13095265,6,0,2019-01-25 21:00:46, 홍크나이트가 손사장을 옹호하네요 ,1316,1,0,0
2019-01-26 10:00:55.586921,13095265,6,0,2019-01-25 21:00:46, 홍크나이트가 손사장을 옹호하네요 ,1318,2,0,0
2019-01-26 11:00:47.613261,13095265,6,0,2019-01-25 21:00:46, 홍크나이트가 손사장을 옹호하네요 ,1320,2,0,0
2019-01-26 12:00:53.252549,13095265,6,0,2019-01-25 21:00:46, 홍크나이트가 손사장을 옹호하네요 ,1321,1,0,0
2019-01-26 13:00:58.400980,13095265,6,0,2019-01-25 21:00:46, 홍크나이트가 손사장을 옹호하네요 ,1323,2,0,0
2019-01-26 14:00:50.471608,13095265,6,0,2019-01-25 21:00:46, 홍크나이트가 손사장을 옹호하네요 ,1324,1,0,0
2019-01-26 15:00:55.568418,13095265,6,0,2019-01-25 21:00:46, 홍크나이트가 손사장을 옹호하네요 ,1325,1,0,0
2019-01-26 16:00:47.623957,13095265,6,0,2019-01-25 21:00:46, 홍크나이트가 손사장을 옹호하네요 ,1327,2,0,0
2019-01-26 17:00:52.646436,13095265,6,0,2019-01-25 21:00:46, 홍크나이트가 손사장을 옹호하네요 ,1328,1,0,0
2019-01-26 18:00:57.888021,13095265,6,0,2019-01-25 21:00:46, 홍크나이트가 손사장을 옹호하네요 ,1330,2,0,0
2019-01-26 19:00:50.056900,13095265,6,0,2019-01-25 21:00:46, 홍크나이트가 손사장을 옹호하네요 ,1332,2,0,0
2019-01-26 20:00:55.114900,13095265,6,0,2019-01-25 21:00:46, 홍크나이트가 손사장을 옹호하네요 ,1335,3,0,0
2019-01-26 21:00:47.196285,13095265,6,0,2019-01-25 21:00:46, 홍크나이트가 손사장을 옹호하네요 ,1336,1,0,0
