check_time,id,post_reply,post_symph,post_time,post_title,post_view,post_view_diff,post_reply_diff,post_symph_diff
2019-01-28 22:47:15.508330,13106161,15,0,2019-01-28 21:47:03, 국내 콘솔업체들 이익보면 진짜 눈물나네요 ㅠㅠ ,1923,1923,15,0
2019-01-28 23:47:07.722212,13106161,15,0,2019-01-28 21:47:03, 국내 콘솔업체들 이익보면 진짜 눈물나네요 ㅠㅠ ,2177,254,0,0
2019-01-29 00:47:12.875482,13106161,15,0,2019-01-28 21:47:03, 국내 콘솔업체들 이익보면 진짜 눈물나네요 ㅠㅠ ,2260,83,0,0
2019-01-29 01:47:04.998709,13106161,15,0,2019-01-28 21:47:03, 국내 콘솔업체들 이익보면 진짜 눈물나네요 ㅠㅠ ,2292,32,0,0
2019-01-29 02:47:09.969790,13106161,15,0,2019-01-28 21:47:03, 국내 콘솔업체들 이익보면 진짜 눈물나네요 ㅠㅠ ,2304,12,0,0
2019-01-29 03:47:14.998954,13106161,15,0,2019-01-28 21:47:03, 국내 콘솔업체들 이익보면 진짜 눈물나네요 ㅠㅠ ,2325,21,0,0
2019-01-29 04:47:07.032182,13106161,15,0,2019-01-28 21:47:03, 국내 콘솔업체들 이익보면 진짜 눈물나네요 ㅠㅠ ,2337,12,0,0
2019-01-29 05:47:12.171106,13106161,15,0,2019-01-28 21:47:03, 국내 콘솔업체들 이익보면 진짜 눈물나네요 ㅠㅠ ,2349,12,0,0
2019-01-29 06:47:04.650560,13106161,15,0,2019-01-28 21:47:03, 국내 콘솔업체들 이익보면 진짜 눈물나네요 ㅠㅠ ,2363,14,0,0
2019-01-29 07:47:09.688428,13106161,15,0,2019-01-28 21:47:03, 국내 콘솔업체들 이익보면 진짜 눈물나네요 ㅠㅠ ,2383,20,0,0
2019-01-29 08:47:14.840656,13106161,15,0,2019-01-28 21:47:03, 국내 콘솔업체들 이익보면 진짜 눈물나네요 ㅠㅠ ,2396,13,0,0
2019-01-29 09:47:07.013734,13106161,15,0,2019-01-28 21:47:03, 국내 콘솔업체들 이익보면 진짜 눈물나네요 ㅠㅠ ,2410,14,0,0
2019-01-29 10:47:12.119251,13106161,15,0,2019-01-28 21:47:03, 국내 콘솔업체들 이익보면 진짜 눈물나네요 ㅠㅠ ,2418,8,0,0
2019-01-29 11:47:04.241341,13106161,15,0,2019-01-28 21:47:03, 국내 콘솔업체들 이익보면 진짜 눈물나네요 ㅠㅠ ,2422,4,0,0
2019-01-29 12:47:09.373772,13106161,15,0,2019-01-28 21:47:03, 국내 콘솔업체들 이익보면 진짜 눈물나네요 ㅠㅠ ,2426,4,0,0
2019-01-29 13:47:14.715406,13106161,15,0,2019-01-28 21:47:03, 국내 콘솔업체들 이익보면 진짜 눈물나네요 ㅠㅠ ,2430,4,0,0
2019-01-29 14:47:06.807802,13106161,15,0,2019-01-28 21:47:03, 국내 콘솔업체들 이익보면 진짜 눈물나네요 ㅠㅠ ,2439,9,0,0
2019-01-29 15:47:12.215840,13106161,15,0,2019-01-28 21:47:03, 국내 콘솔업체들 이익보면 진짜 눈물나네요 ㅠㅠ ,2441,2,0,0
2019-01-29 16:47:04.321023,13106161,15,0,2019-01-28 21:47:03, 국내 콘솔업체들 이익보면 진짜 눈물나네요 ㅠㅠ ,2445,4,0,0
2019-01-29 17:47:09.587379,13106161,15,0,2019-01-28 21:47:03, 국내 콘솔업체들 이익보면 진짜 눈물나네요 ㅠㅠ ,2449,4,0,0
2019-01-29 18:47:14.841512,13106161,15,0,2019-01-28 21:47:03, 국내 콘솔업체들 이익보면 진짜 눈물나네요 ㅠㅠ ,2453,4,0,0
2019-01-29 19:47:06.850436,13106161,15,0,2019-01-28 21:47:03, 국내 콘솔업체들 이익보면 진짜 눈물나네요 ㅠㅠ ,2457,4,0,0
2019-01-29 20:47:12.247376,13106161,15,0,2019-01-28 21:47:03, 국내 콘솔업체들 이익보면 진짜 눈물나네요 ㅠㅠ ,2460,3,0,0
2019-01-29 21:47:04.245701,13106161,15,0,2019-01-28 21:47:03, 국내 콘솔업체들 이익보면 진짜 눈물나네요 ㅠㅠ ,2462,2,0,0
