check_time,id,post_reply,post_symph,post_time,post_title,post_view,post_view_diff,post_reply_diff,post_symph_diff
2019-01-24 22:02:19.900203,13091049,9,0,2019-01-24 21:02:10, 정장에 연한 핑크색 셔츠 입으면 너무 튀려나요. ,498,498,9,0
2019-01-24 23:02:11.898734,13091049,9,0,2019-01-24 21:02:10, 정장에 연한 핑크색 셔츠 입으면 너무 튀려나요. ,544,46,0,0
2019-01-25 00:02:16.939407,13091049,9,0,2019-01-24 21:02:10, 정장에 연한 핑크색 셔츠 입으면 너무 튀려나요. ,567,23,0,0
2019-01-25 01:02:21.987257,13091049,9,0,2019-01-24 21:02:10, 정장에 연한 핑크색 셔츠 입으면 너무 튀려나요. ,577,10,0,0
2019-01-25 02:02:13.979250,13091049,9,0,2019-01-24 21:02:10, 정장에 연한 핑크색 셔츠 입으면 너무 튀려나요. ,582,5,0,0
2019-01-25 03:02:18.993078,13091049,9,0,2019-01-24 21:02:10, 정장에 연한 핑크색 셔츠 입으면 너무 튀려나요. ,585,3,0,0
2019-01-25 04:02:10.992664,13091049,9,0,2019-01-24 21:02:10, 정장에 연한 핑크색 셔츠 입으면 너무 튀려나요. ,589,4,0,0
2019-01-25 05:02:16.029917,13091049,9,0,2019-01-24 21:02:10, 정장에 연한 핑크색 셔츠 입으면 너무 튀려나요. ,590,1,0,0
2019-01-25 06:02:21.077450,13091049,9,0,2019-01-24 21:02:10, 정장에 연한 핑크색 셔츠 입으면 너무 튀려나요. ,591,1,0,0
2019-01-25 07:02:13.163804,13091049,9,0,2019-01-24 21:02:10, 정장에 연한 핑크색 셔츠 입으면 너무 튀려나요. ,595,4,0,0
2019-01-25 08:02:18.388487,13091049,9,0,2019-01-24 21:02:10, 정장에 연한 핑크색 셔츠 입으면 너무 튀려나요. ,597,2,0,0
2019-01-25 09:02:10.650321,13091049,9,0,2019-01-24 21:02:10, 정장에 연한 핑크색 셔츠 입으면 너무 튀려나요. ,599,2,0,0
2019-01-25 10:02:15.706839,13091049,9,0,2019-01-24 21:02:10, 정장에 연한 핑크색 셔츠 입으면 너무 튀려나요. ,600,1,0,0
2019-01-25 11:02:20.841356,13091049,9,0,2019-01-24 21:02:10, 정장에 연한 핑크색 셔츠 입으면 너무 튀려나요. ,602,2,0,0
2019-01-25 12:02:12.984143,13091049,9,0,2019-01-24 21:02:10, 정장에 연한 핑크색 셔츠 입으면 너무 튀려나요. ,603,1,0,0
2019-01-25 13:02:18.083548,13091049,9,0,2019-01-24 21:02:10, 정장에 연한 핑크색 셔츠 입으면 너무 튀려나요. ,607,4,0,0
2019-01-25 14:02:10.193315,13091049,9,0,2019-01-24 21:02:10, 정장에 연한 핑크색 셔츠 입으면 너무 튀려나요. ,608,1,0,0
2019-01-25 15:02:15.664059,13091049,9,0,2019-01-24 21:02:10, 정장에 연한 핑크색 셔츠 입으면 너무 튀려나요. ,615,7,0,0
2019-01-25 16:02:20.896167,13091049,9,0,2019-01-24 21:02:10, 정장에 연한 핑크색 셔츠 입으면 너무 튀려나요. ,617,2,0,0
2019-01-25 17:02:13.039840,13091049,9,0,2019-01-24 21:02:10, 정장에 연한 핑크색 셔츠 입으면 너무 튀려나요. ,618,1,0,0
2019-01-25 18:02:18.224960,13091049,9,0,2019-01-24 21:02:10, 정장에 연한 핑크색 셔츠 입으면 너무 튀려나요. ,620,2,0,0
2019-01-25 19:02:10.332763,13091049,9,0,2019-01-24 21:02:10, 정장에 연한 핑크색 셔츠 입으면 너무 튀려나요. ,622,2,0,0
2019-01-25 20:02:15.382161,13091049,9,0,2019-01-24 21:02:10, 정장에 연한 핑크색 셔츠 입으면 너무 튀려나요. ,623,1,0,0
2019-01-25 21:02:20.470753,13091049,9,0,2019-01-24 21:02:10, 정장에 연한 핑크색 셔츠 입으면 너무 튀려나요. ,624,1,0,0
