check_time,id,post_reply,post_symph,post_time,post_title,post_view,post_view_diff,post_reply_diff,post_symph_diff
2019-01-27 22:55:43.328622,13102346,1,1,2019-01-27 21:55:40, 스브스 미우새 보다 보니....김종국 편은 재미 없어서 째는 편인데..... ,1419,1419,1,1
2019-01-27 23:55:48.584352,13102346,2,1,2019-01-27 21:55:40, 스브스 미우새 보다 보니....김종국 편은 재미 없어서 째는 편인데..... ,1628,209,1,0
2019-01-28 00:55:40.570539,13102346,3,1,2019-01-27 21:55:40, 스브스 미우새 보다 보니....김종국 편은 재미 없어서 째는 편인데..... ,1723,95,1,0
2019-01-28 01:55:45.583845,13102346,3,1,2019-01-27 21:55:40, 스브스 미우새 보다 보니....김종국 편은 재미 없어서 째는 편인데..... ,1752,29,0,0
2019-01-28 02:55:50.580272,13102346,3,1,2019-01-27 21:55:40, 스브스 미우새 보다 보니....김종국 편은 재미 없어서 째는 편인데..... ,1768,16,0,0
2019-01-28 03:55:42.643398,13102346,3,1,2019-01-27 21:55:40, 스브스 미우새 보다 보니....김종국 편은 재미 없어서 째는 편인데..... ,1783,15,0,0
2019-01-28 04:55:47.526747,13102346,3,1,2019-01-27 21:55:40, 스브스 미우새 보다 보니....김종국 편은 재미 없어서 째는 편인데..... ,1789,6,0,0
2019-01-28 05:55:52.519129,13102346,3,1,2019-01-27 21:55:40, 스브스 미우새 보다 보니....김종국 편은 재미 없어서 째는 편인데..... ,1799,10,0,0
2019-01-28 06:55:44.535141,13102346,3,1,2019-01-27 21:55:40, 스브스 미우새 보다 보니....김종국 편은 재미 없어서 째는 편인데..... ,1808,9,0,0
2019-01-28 07:55:49.598740,13102346,3,1,2019-01-27 21:55:40, 스브스 미우새 보다 보니....김종국 편은 재미 없어서 째는 편인데..... ,1827,19,0,0
2019-01-28 08:55:41.644399,13102346,3,1,2019-01-27 21:55:40, 스브스 미우새 보다 보니....김종국 편은 재미 없어서 째는 편인데..... ,1848,21,0,0
2019-01-28 09:55:47.047704,13102346,3,1,2019-01-27 21:55:40, 스브스 미우새 보다 보니....김종국 편은 재미 없어서 째는 편인데..... ,1855,7,0,0
2019-01-28 10:55:52.094049,13102346,3,1,2019-01-27 21:55:40, 스브스 미우새 보다 보니....김종국 편은 재미 없어서 째는 편인데..... ,1867,12,0,0
2019-01-28 11:55:44.085101,13102346,3,1,2019-01-27 21:55:40, 스브스 미우새 보다 보니....김종국 편은 재미 없어서 째는 편인데..... ,1870,3,0,0
2019-01-28 12:55:49.225529,13102346,3,1,2019-01-27 21:55:40, 스브스 미우새 보다 보니....김종국 편은 재미 없어서 째는 편인데..... ,1876,6,0,0
2019-01-28 13:55:41.357000,13102346,3,1,2019-01-27 21:55:40, 스브스 미우새 보다 보니....김종국 편은 재미 없어서 째는 편인데..... ,1881,5,0,0
2019-01-28 14:55:46.503316,13102346,3,1,2019-01-27 21:55:40, 스브스 미우새 보다 보니....김종국 편은 재미 없어서 째는 편인데..... ,1884,3,0,0
2019-01-28 15:55:51.625801,13102346,3,1,2019-01-27 21:55:40, 스브스 미우새 보다 보니....김종국 편은 재미 없어서 째는 편인데..... ,1889,5,0,0
2019-01-28 16:55:44.003422,13102346,3,1,2019-01-27 21:55:40, 스브스 미우새 보다 보니....김종국 편은 재미 없어서 째는 편인데..... ,1891,2,0,0
2019-01-28 17:55:49.161223,13102346,3,1,2019-01-27 21:55:40, 스브스 미우새 보다 보니....김종국 편은 재미 없어서 째는 편인데..... ,1892,1,0,0
2019-01-28 18:55:41.557270,13102346,3,1,2019-01-27 21:55:40, 스브스 미우새 보다 보니....김종국 편은 재미 없어서 째는 편인데..... ,1895,3,0,0
2019-01-28 19:55:46.598946,13102346,3,1,2019-01-27 21:55:40, 스브스 미우새 보다 보니....김종국 편은 재미 없어서 째는 편인데..... ,1901,6,0,0
2019-01-28 20:55:51.637128,13102346,3,1,2019-01-27 21:55:40, 스브스 미우새 보다 보니....김종국 편은 재미 없어서 째는 편인데..... ,1903,2,0,0
2019-01-28 21:55:43.637351,13102346,3,1,2019-01-27 21:55:40, 스브스 미우새 보다 보니....김종국 편은 재미 없어서 째는 편인데..... ,1908,5,0,0
