check_time,id,post_reply,post_symph,post_time,post_title,post_view,post_view_diff,post_reply_diff,post_symph_diff
2019-01-29 22:07:09.570329,13109722,0,0,2019-01-29 21:07:07, 독서모임 인원 모집!!! ,478,478,0,0
2019-01-29 23:07:14.711655,13109722,0,1,2019-01-29 21:07:07, 독서모임 인원 모집!!! ,589,111,0,1
2019-01-30 00:07:19.854086,13109722,0,1,2019-01-29 21:07:07, 독서모임 인원 모집!!! ,639,50,0,0
2019-01-30 01:07:11.971248,13109722,0,1,2019-01-29 21:07:07, 독서모임 인원 모집!!! ,659,20,0,0
2019-01-30 02:07:17.110484,13109722,0,1,2019-01-29 21:07:07, 독서모임 인원 모집!!! ,663,4,0,0
2019-01-30 03:07:09.196043,13109722,0,1,2019-01-29 21:07:07, 독서모임 인원 모집!!! ,673,10,0,0
2019-01-30 04:07:14.357109,13109722,0,1,2019-01-29 21:07:07, 독서모임 인원 모집!!! ,680,7,0,0
2019-01-30 05:07:19.488852,13109722,0,1,2019-01-29 21:07:07, 독서모임 인원 모집!!! ,684,4,0,0
2019-01-30 06:07:11.561061,13109722,0,1,2019-01-29 21:07:07, 독서모임 인원 모집!!! ,687,3,0,0
2019-01-30 07:07:16.811537,13109722,0,1,2019-01-29 21:07:07, 독서모임 인원 모집!!! ,694,7,0,0
2019-01-30 08:07:09.115078,13109722,0,1,2019-01-29 21:07:07, 독서모임 인원 모집!!! ,699,5,0,0
2019-01-30 09:07:14.626724,13109722,0,1,2019-01-29 21:07:07, 독서모임 인원 모집!!! ,703,4,0,0
2019-01-30 10:07:19.727335,13109722,0,1,2019-01-29 21:07:07, 독서모임 인원 모집!!! ,713,10,0,0
2019-01-30 11:07:11.834629,13109722,0,1,2019-01-29 21:07:07, 독서모임 인원 모집!!! ,717,4,0,0
2019-01-30 12:07:17.042724,13109722,0,1,2019-01-29 21:07:07, 독서모임 인원 모집!!! ,719,2,0,0
2019-01-30 13:07:09.039128,13109722,0,1,2019-01-29 21:07:07, 독서모임 인원 모집!!! ,720,1,0,0
2019-01-30 14:07:14.083744,13109722,0,1,2019-01-29 21:07:07, 독서모임 인원 모집!!! ,722,2,0,0
2019-01-30 15:07:19.117189,13109722,0,1,2019-01-29 21:07:07, 독서모임 인원 모집!!! ,724,2,0,0
2019-01-30 16:07:11.294604,13109722,0,1,2019-01-29 21:07:07, 독서모임 인원 모집!!! ,729,5,0,0
2019-01-30 17:07:16.423052,13109722,0,1,2019-01-29 21:07:07, 독서모임 인원 모집!!! ,730,1,0,0
2019-01-30 18:07:08.789777,13109722,0,1,2019-01-29 21:07:07, 독서모임 인원 모집!!! ,732,2,0,0
2019-01-30 19:07:14.092489,13109722,0,1,2019-01-29 21:07:07, 독서모임 인원 모집!!! ,735,3,0,0
2019-01-30 20:07:19.475462,13109722,0,1,2019-01-29 21:07:07, 독서모임 인원 모집!!! ,736,1,0,0
2019-01-30 21:07:11.580942,13109722,0,1,2019-01-29 21:07:07, 독서모임 인원 모집!!! ,737,1,0,0
