check_time,id,post_reply,post_symph,post_time,post_title,post_view,post_view_diff,post_reply_diff,post_symph_diff
2019-01-29 22:17:04.001616,13109759,2,0,2019-01-29 21:17:03, Kt 데이터 나눔 ,185,185,2,0
2019-01-29 23:17:09.591535,13109759,2,0,2019-01-29 21:17:03, Kt 데이터 나눔 ,201,16,0,0
2019-01-30 00:17:14.737238,13109759,2,0,2019-01-29 21:17:03, Kt 데이터 나눔 ,217,16,0,0
2019-01-30 01:17:06.848977,13109759,2,0,2019-01-29 21:17:03, Kt 데이터 나눔 ,224,7,0,0
2019-01-30 02:17:12.043979,13109759,2,0,2019-01-29 21:17:03, Kt 데이터 나눔 ,226,2,0,0
2019-01-30 03:17:04.201181,13109759,2,0,2019-01-29 21:17:03, Kt 데이터 나눔 ,227,1,0,0
2019-01-30 04:17:09.266725,13109759,2,0,2019-01-29 21:17:03, Kt 데이터 나눔 ,229,2,0,0
2019-01-30 05:17:14.355567,13109759,2,0,2019-01-29 21:17:03, Kt 데이터 나눔 ,232,3,0,0
2019-01-30 06:17:06.513120,13109759,2,0,2019-01-29 21:17:03, Kt 데이터 나눔 ,233,1,0,0
2019-01-30 07:17:11.586206,13109759,2,0,2019-01-29 21:17:03, Kt 데이터 나눔 ,235,2,0,0
2019-01-30 08:17:03.675702,13109759,2,0,2019-01-29 21:17:03, Kt 데이터 나눔 ,239,4,0,0
2019-01-30 09:17:08.715182,13109759,2,0,2019-01-29 21:17:03, Kt 데이터 나눔 ,242,3,0,0
2019-01-30 10:17:13.798910,13109759,2,0,2019-01-29 21:17:03, Kt 데이터 나눔 ,243,1,0,0
2019-01-30 11:17:05.824775,13109759,2,0,2019-01-29 21:17:03, Kt 데이터 나눔 ,245,2,0,0
2019-01-30 12:17:10.976737,13109759,2,0,2019-01-29 21:17:03, Kt 데이터 나눔 ,246,1,0,0
2019-01-30 13:17:03.854496,13109759,2,0,2019-01-29 21:17:03, Kt 데이터 나눔 ,248,2,0,0
2019-01-30 14:17:10.568922,13109759,2,0,2019-01-29 21:17:03, Kt 데이터 나눔 ,249,1,0,0
2019-01-30 15:17:03.076986,13109759,2,0,2019-01-29 21:17:03, Kt 데이터 나눔 ,251,2,0,0
2019-01-30 16:17:08.300528,13109759,2,0,2019-01-29 21:17:03, Kt 데이터 나눔 ,252,1,0,0
2019-01-30 17:17:13.399659,13109759,2,0,2019-01-29 21:17:03, Kt 데이터 나눔 ,255,3,0,0
2019-01-30 18:17:05.471743,13109759,2,0,2019-01-29 21:17:03, Kt 데이터 나눔 ,256,1,0,0
2019-01-30 19:17:10.616529,13109759,2,0,2019-01-29 21:17:03, Kt 데이터 나눔 ,258,2,0,0
2019-01-30 20:17:15.927247,13109759,2,0,2019-01-29 21:17:03, Kt 데이터 나눔 ,259,1,0,0
2019-01-30 21:17:08.241644,13109759,2,0,2019-01-29 21:17:03, Kt 데이터 나눔 ,261,2,0,0
