check_time,id,post_reply,post_symph,post_time,post_title,post_view,post_view_diff,post_reply_diff,post_symph_diff
2019-01-30 22:02:29.836359,13114157,7,2,2019-01-30 21:02:28, 기레기+떡검+판새가 결합하면 무적이네요 ㄷㄷㄷ ,1026,1026,7,2
2019-01-30 23:02:34.929029,13114157,8,2,2019-01-30 21:02:28, 기레기+떡검+판새가 결합하면 무적이네요 ㄷㄷㄷ ,1138,112,1,0
2019-01-31 00:02:39.994996,13114157,8,2,2019-01-30 21:02:28, 기레기+떡검+판새가 결합하면 무적이네요 ㄷㄷㄷ ,1185,47,0,0
2019-01-31 01:02:32.858822,13114157,8,2,2019-01-30 21:02:28, 기레기+떡검+판새가 결합하면 무적이네요 ㄷㄷㄷ ,1201,16,0,0
2019-01-31 02:02:38.265646,13114157,8,2,2019-01-30 21:02:28, 기레기+떡검+판새가 결합하면 무적이네요 ㄷㄷㄷ ,1209,8,0,0
2019-01-31 03:02:30.331040,13114157,8,2,2019-01-30 21:02:28, 기레기+떡검+판새가 결합하면 무적이네요 ㄷㄷㄷ ,1217,8,0,0
2019-01-31 04:02:35.505539,13114157,8,2,2019-01-30 21:02:28, 기레기+떡검+판새가 결합하면 무적이네요 ㄷㄷㄷ ,1223,6,0,0
2019-01-31 05:02:40.546178,13114157,8,2,2019-01-30 21:02:28, 기레기+떡검+판새가 결합하면 무적이네요 ㄷㄷㄷ ,1228,5,0,0
2019-01-31 06:02:32.567372,13114157,8,2,2019-01-30 21:02:28, 기레기+떡검+판새가 결합하면 무적이네요 ㄷㄷㄷ ,1229,1,0,0
2019-01-31 07:02:37.666526,13114157,8,2,2019-01-30 21:02:28, 기레기+떡검+판새가 결합하면 무적이네요 ㄷㄷㄷ ,1234,5,0,0
2019-01-31 08:02:29.612545,13114157,8,2,2019-01-30 21:02:28, 기레기+떡검+판새가 결합하면 무적이네요 ㄷㄷㄷ ,1237,3,0,0
2019-01-31 09:02:34.784688,13114157,8,2,2019-01-30 21:02:28, 기레기+떡검+판새가 결합하면 무적이네요 ㄷㄷㄷ ,1241,4,0,0
2019-01-31 10:02:39.820481,13114157,8,2,2019-01-30 21:02:28, 기레기+떡검+판새가 결합하면 무적이네요 ㄷㄷㄷ ,1244,3,0,0
2019-01-31 11:02:32.040778,13114157,8,2,2019-01-30 21:02:28, 기레기+떡검+판새가 결합하면 무적이네요 ㄷㄷㄷ ,1246,2,0,0
2019-01-31 12:02:37.070444,13114157,8,2,2019-01-30 21:02:28, 기레기+떡검+판새가 결합하면 무적이네요 ㄷㄷㄷ ,1247,1,0,0
2019-01-31 13:02:29.441953,13114157,8,2,2019-01-30 21:02:28, 기레기+떡검+판새가 결합하면 무적이네요 ㄷㄷㄷ ,1249,2,0,0
2019-01-31 14:02:34.727752,13114157,8,2,2019-01-30 21:02:28, 기레기+떡검+판새가 결합하면 무적이네요 ㄷㄷㄷ ,1252,3,0,0
2019-01-31 15:02:39.915774,13114157,8,2,2019-01-30 21:02:28, 기레기+떡검+판새가 결합하면 무적이네요 ㄷㄷㄷ ,1254,2,0,0
2019-01-31 16:02:32.029890,13114157,8,2,2019-01-30 21:02:28, 기레기+떡검+판새가 결합하면 무적이네요 ㄷㄷㄷ ,1255,1,0,0
2019-01-31 17:02:37.282344,13114157,8,2,2019-01-30 21:02:28, 기레기+떡검+판새가 결합하면 무적이네요 ㄷㄷㄷ ,1257,2,0,0
2019-01-31 18:02:29.532500,13114157,8,2,2019-01-30 21:02:28, 기레기+떡검+판새가 결합하면 무적이네요 ㄷㄷㄷ ,1258,1,0,0
2019-01-31 19:02:34.923128,13114157,8,2,2019-01-30 21:02:28, 기레기+떡검+판새가 결합하면 무적이네요 ㄷㄷㄷ ,1261,3,0,0
2019-01-31 20:02:40.021623,13114157,8,2,2019-01-30 21:02:28, 기레기+떡검+판새가 결합하면 무적이네요 ㄷㄷㄷ ,1262,1,0,0
2019-01-31 21:02:32.169474,13114157,8,2,2019-01-30 21:02:28, 기레기+떡검+판새가 결합하면 무적이네요 ㄷㄷㄷ ,1265,3,0,0
