check_time,id,post_reply,post_symph,post_time,post_title,post_view,post_view_diff,post_reply_diff,post_symph_diff
2019-01-25 22:30:49.322991,13095353,1,0,2019-01-25 21:30:39, 킹덤을 보고나니 ,1504,1504,1,0
2019-01-25 23:30:41.400178,13095353,1,0,2019-01-25 21:30:39, 킹덤을 보고나니 ,1640,136,0,0
2019-01-26 00:30:46.783812,13095353,1,0,2019-01-25 21:30:39, 킹덤을 보고나니 ,1700,60,0,0
2019-01-26 01:30:39.103676,13095353,1,0,2019-01-25 21:30:39, 킹덤을 보고나니 ,1750,50,0,0
2019-01-26 02:30:44.183594,13095353,1,0,2019-01-25 21:30:39, 킹덤을 보고나니 ,1768,18,0,0
2019-01-26 03:30:49.345014,13095353,1,0,2019-01-25 21:30:39, 킹덤을 보고나니 ,1779,11,0,0
2019-01-26 04:30:41.432496,13095353,1,0,2019-01-25 21:30:39, 킹덤을 보고나니 ,1791,12,0,0
2019-01-26 05:30:46.473679,13095353,1,0,2019-01-25 21:30:39, 킹덤을 보고나니 ,1805,14,0,0
2019-01-26 06:30:51.482409,13095353,1,0,2019-01-25 21:30:39, 킹덤을 보고나니 ,1811,6,0,0
2019-01-26 07:30:44.563216,13095353,1,0,2019-01-25 21:30:39, 킹덤을 보고나니 ,1815,4,0,0
2019-01-26 08:30:49.612046,13095353,1,0,2019-01-25 21:30:39, 킹덤을 보고나니 ,1819,4,0,0
2019-01-26 09:30:41.668468,13095353,1,0,2019-01-25 21:30:39, 킹덤을 보고나니 ,1825,6,0,0
2019-01-26 10:30:46.784928,13095353,1,0,2019-01-25 21:30:39, 킹덤을 보고나니 ,1835,10,0,0
2019-01-26 11:30:51.797292,13095353,1,0,2019-01-25 21:30:39, 킹덤을 보고나니 ,1844,9,0,0
2019-01-26 12:30:43.835029,13095353,1,0,2019-01-25 21:30:39, 킹덤을 보고나니 ,1848,4,0,0
2019-01-26 13:30:48.888919,13095353,1,0,2019-01-25 21:30:39, 킹덤을 보고나니 ,1851,3,0,0
2019-01-26 14:30:40.925091,13095353,1,0,2019-01-25 21:30:39, 킹덤을 보고나니 ,1855,4,0,0
2019-01-26 15:30:45.988247,13095353,1,0,2019-01-25 21:30:39, 킹덤을 보고나니 ,1859,4,0,0
2019-01-26 16:30:51.015886,13095353,1,0,2019-01-25 21:30:39, 킹덤을 보고나니 ,1863,4,0,0
2019-01-26 17:30:43.047150,13095353,1,0,2019-01-25 21:30:39, 킹덤을 보고나니 ,1869,6,0,0
2019-01-26 18:30:48.080217,13095353,1,0,2019-01-25 21:30:39, 킹덤을 보고나니 ,1869,0,0,0
2019-01-26 19:30:40.094400,13095353,1,0,2019-01-25 21:30:39, 킹덤을 보고나니 ,1876,7,0,0
2019-01-26 20:30:45.113514,13095353,1,0,2019-01-25 21:30:39, 킹덤을 보고나니 ,1884,8,0,0
2019-01-26 21:30:50.227243,13095353,1,0,2019-01-25 21:30:39, 킹덤을 보고나니 ,1888,4,0,0
