check_time,id,post_reply,post_symph,post_time,post_title,post_view,post_view_diff,post_reply_diff,post_symph_diff
2019-01-24 22:27:15.620437,13091151,4,0,2019-01-24 21:27:08, 영화 극한직업 감상평 스포무 ,1178,1178,4,0
2019-01-24 23:27:20.621173,13091151,4,0,2019-01-24 21:27:08, 영화 극한직업 감상평 스포무 ,1251,73,0,0
2019-01-25 00:27:12.658323,13091151,4,0,2019-01-24 21:27:08, 영화 극한직업 감상평 스포무 ,1281,30,0,0
2019-01-25 01:27:17.686929,13091151,4,0,2019-01-24 21:27:08, 영화 극한직업 감상평 스포무 ,1293,12,0,0
2019-01-25 02:27:09.727316,13091151,4,0,2019-01-24 21:27:08, 영화 극한직업 감상평 스포무 ,1303,10,0,0
2019-01-25 03:27:15.009351,13091151,4,0,2019-01-24 21:27:08, 영화 극한직업 감상평 스포무 ,1309,6,0,0
2019-01-25 04:27:20.055443,13091151,4,0,2019-01-24 21:27:08, 영화 극한직업 감상평 스포무 ,1315,6,0,0
2019-01-25 05:27:12.068247,13091151,4,0,2019-01-24 21:27:08, 영화 극한직업 감상평 스포무 ,1315,0,0,0
2019-01-25 06:27:17.074154,13091151,4,0,2019-01-24 21:27:08, 영화 극한직업 감상평 스포무 ,1317,2,0,0
2019-01-25 07:27:09.062495,13091151,4,0,2019-01-24 21:27:08, 영화 극한직업 감상평 스포무 ,1324,7,0,0
2019-01-25 08:27:14.057317,13091151,4,0,2019-01-24 21:27:08, 영화 극한직업 감상평 스포무 ,1330,6,0,0
2019-01-25 09:27:19.070544,13091151,4,0,2019-01-24 21:27:08, 영화 극한직업 감상평 스포무 ,1338,8,0,0
2019-01-25 10:27:11.071089,13091151,4,0,2019-01-24 21:27:08, 영화 극한직업 감상평 스포무 ,1344,6,0,0
2019-01-25 11:27:16.058263,13091151,4,0,2019-01-24 21:27:08, 영화 극한직업 감상평 스포무 ,1358,14,0,0
2019-01-25 12:27:08.111085,13091151,4,0,2019-01-24 21:27:08, 영화 극한직업 감상평 스포무 ,1362,4,0,0
2019-01-25 13:27:13.150570,13091151,4,0,2019-01-24 21:27:08, 영화 극한직업 감상평 스포무 ,1370,8,0,0
2019-01-25 14:27:18.204647,13091151,4,0,2019-01-24 21:27:08, 영화 극한직업 감상평 스포무 ,1379,9,0,0
2019-01-25 15:27:10.469251,13091151,4,0,2019-01-24 21:27:08, 영화 극한직업 감상평 스포무 ,1387,8,0,0
2019-01-25 16:27:15.601546,13091151,4,0,2019-01-24 21:27:08, 영화 극한직업 감상평 스포무 ,1394,7,0,0
2019-01-25 17:27:20.769655,13091151,4,0,2019-01-24 21:27:08, 영화 극한직업 감상평 스포무 ,1399,5,0,0
2019-01-25 18:27:12.896347,13091151,4,0,2019-01-24 21:27:08, 영화 극한직업 감상평 스포무 ,1404,5,0,0
2019-01-25 19:27:17.980268,13091151,4,0,2019-01-24 21:27:08, 영화 극한직업 감상평 스포무 ,1410,6,0,0
2019-01-25 20:27:10.438403,13091151,4,0,2019-01-24 21:27:08, 영화 극한직업 감상평 스포무 ,1415,5,0,0
2019-01-25 21:27:15.587924,13091151,4,0,2019-01-24 21:27:08, 영화 극한직업 감상평 스포무 ,1416,1,0,0
