check_time,id,post_reply,post_symph,post_time,post_title,post_view,post_view_diff,post_reply_diff,post_symph_diff
2019-01-26 22:57:16.677306,13099229,0,0,2019-01-26 21:57:06, PPL하니까 얼마 전에 본 프로그램이 생각나네요. ,406,406,0,0
2019-01-26 23:57:08.806233,13099229,0,0,2019-01-26 21:57:06, PPL하니까 얼마 전에 본 프로그램이 생각나네요. ,443,37,0,0
2019-01-27 00:57:14.143450,13099229,0,0,2019-01-26 21:57:06, PPL하니까 얼마 전에 본 프로그램이 생각나네요. ,455,12,0,0
2019-01-27 01:57:06.415831,13099229,0,0,2019-01-26 21:57:06, PPL하니까 얼마 전에 본 프로그램이 생각나네요. ,461,6,0,0
2019-01-27 02:57:11.580650,13099229,0,0,2019-01-26 21:57:06, PPL하니까 얼마 전에 본 프로그램이 생각나네요. ,466,5,0,0
2019-01-27 03:57:16.755752,13099229,0,0,2019-01-26 21:57:06, PPL하니까 얼마 전에 본 프로그램이 생각나네요. ,469,3,0,0
2019-01-27 04:57:08.886725,13099229,0,0,2019-01-26 21:57:06, PPL하니까 얼마 전에 본 프로그램이 생각나네요. ,472,3,0,0
2019-01-27 05:57:14.016603,13099229,0,0,2019-01-26 21:57:06, PPL하니까 얼마 전에 본 프로그램이 생각나네요. ,476,4,0,0
2019-01-27 06:57:06.227319,13099229,0,0,2019-01-26 21:57:06, PPL하니까 얼마 전에 본 프로그램이 생각나네요. ,479,3,0,0
2019-01-27 07:57:11.361248,13099229,0,0,2019-01-26 21:57:06, PPL하니까 얼마 전에 본 프로그램이 생각나네요. ,481,2,0,0
2019-01-27 08:57:16.405431,13099229,0,0,2019-01-26 21:57:06, PPL하니까 얼마 전에 본 프로그램이 생각나네요. ,484,3,0,0
2019-01-27 09:57:08.407270,13099229,0,0,2019-01-26 21:57:06, PPL하니까 얼마 전에 본 프로그램이 생각나네요. ,487,3,0,0
2019-01-27 10:57:13.480144,13099229,0,0,2019-01-26 21:57:06, PPL하니까 얼마 전에 본 프로그램이 생각나네요. ,492,5,0,0
2019-01-27 11:57:18.557262,13099229,0,0,2019-01-26 21:57:06, PPL하니까 얼마 전에 본 프로그램이 생각나네요. ,495,3,0,0
2019-01-27 12:57:10.610202,13099229,0,0,2019-01-26 21:57:06, PPL하니까 얼마 전에 본 프로그램이 생각나네요. ,497,2,0,0
2019-01-27 13:57:16.117270,13099229,0,0,2019-01-26 21:57:06, PPL하니까 얼마 전에 본 프로그램이 생각나네요. ,499,2,0,0
2019-01-27 14:57:08.147875,13099229,0,0,2019-01-26 21:57:06, PPL하니까 얼마 전에 본 프로그램이 생각나네요. ,501,2,0,0
2019-01-27 15:57:13.260281,13099229,0,0,2019-01-26 21:57:06, PPL하니까 얼마 전에 본 프로그램이 생각나네요. ,503,2,0,0
2019-01-27 16:57:18.321088,13099229,0,0,2019-01-26 21:57:06, PPL하니까 얼마 전에 본 프로그램이 생각나네요. ,506,3,0,0
2019-01-27 17:57:10.373593,13099229,0,0,2019-01-26 21:57:06, PPL하니까 얼마 전에 본 프로그램이 생각나네요. ,507,1,0,0
2019-01-27 18:57:15.343493,13099229,0,0,2019-01-26 21:57:06, PPL하니까 얼마 전에 본 프로그램이 생각나네요. ,509,2,0,0
2019-01-27 19:57:07.641104,13099229,0,0,2019-01-26 21:57:06, PPL하니까 얼마 전에 본 프로그램이 생각나네요. ,510,1,0,0
2019-01-27 20:57:12.707061,13099229,0,0,2019-01-26 21:57:06, PPL하니까 얼마 전에 본 프로그램이 생각나네요. ,511,1,0,0
2019-01-27 21:57:17.953629,13099229,0,0,2019-01-26 21:57:06, PPL하니까 얼마 전에 본 프로그램이 생각나네요. ,513,2,0,0
