check_time,id,post_reply,post_symph,post_time,post_title,post_view,post_view_diff,post_reply_diff,post_symph_diff
2019-01-29 22:37:15.789792,13109820,2,0,2019-01-29 21:37:12, 영국 모터사이클 회사 트라이엄프.tube ,793,793,2,0
2019-01-29 23:37:20.859692,13109820,2,0,2019-01-29 21:37:12, 영국 모터사이클 회사 트라이엄프.tube ,933,140,0,0
2019-01-30 00:37:13.109733,13109820,2,0,2019-01-29 21:37:12, 영국 모터사이클 회사 트라이엄프.tube ,980,47,0,0
2019-01-30 01:37:18.125122,13109820,2,0,2019-01-29 21:37:12, 영국 모터사이클 회사 트라이엄프.tube ,1013,33,0,0
2019-01-30 02:37:23.170523,13109820,2,0,2019-01-29 21:37:12, 영국 모터사이클 회사 트라이엄프.tube ,1023,10,0,0
2019-01-30 03:37:15.220355,13109820,2,0,2019-01-29 21:37:12, 영국 모터사이클 회사 트라이엄프.tube ,1036,13,0,0
2019-01-30 04:37:20.178669,13109820,2,0,2019-01-29 21:37:12, 영국 모터사이클 회사 트라이엄프.tube ,1041,5,0,0
2019-01-30 05:37:12.299575,13109820,2,0,2019-01-29 21:37:12, 영국 모터사이클 회사 트라이엄프.tube ,1047,6,0,0
2019-01-30 06:37:17.402872,13109820,2,0,2019-01-29 21:37:12, 영국 모터사이클 회사 트라이엄프.tube ,1052,5,0,0
2019-01-30 07:37:22.465756,13109820,2,0,2019-01-29 21:37:12, 영국 모터사이클 회사 트라이엄프.tube ,1061,9,0,0
2019-01-30 08:37:14.515815,13109820,2,0,2019-01-29 21:37:12, 영국 모터사이클 회사 트라이엄프.tube ,1067,6,0,0
2019-01-30 09:37:19.588926,13109820,2,0,2019-01-29 21:37:12, 영국 모터사이클 회사 트라이엄프.tube ,1074,7,0,0
2019-01-30 10:37:24.627276,13109820,2,0,2019-01-29 21:37:12, 영국 모터사이클 회사 트라이엄프.tube ,1081,7,0,0
2019-01-30 11:37:16.702982,13109820,2,0,2019-01-29 21:37:12, 영국 모터사이클 회사 트라이엄프.tube ,1083,2,0,0
2019-01-30 12:37:21.758008,13109820,2,0,2019-01-29 21:37:12, 영국 모터사이클 회사 트라이엄프.tube ,1085,2,0,0
2019-01-30 13:37:13.833735,13109820,2,0,2019-01-29 21:37:12, 영국 모터사이클 회사 트라이엄프.tube ,1088,3,0,0
2019-01-30 14:37:18.886941,13109820,2,0,2019-01-29 21:37:12, 영국 모터사이클 회사 트라이엄프.tube ,1089,1,0,0
2019-01-30 15:37:24.057289,13109820,2,0,2019-01-29 21:37:12, 영국 모터사이클 회사 트라이엄프.tube ,1090,1,0,0
2019-01-30 16:37:16.057308,13109820,2,0,2019-01-29 21:37:12, 영국 모터사이클 회사 트라이엄프.tube ,1093,3,0,0
2019-01-30 17:37:21.136816,13109820,2,0,2019-01-29 21:37:12, 영국 모터사이클 회사 트라이엄프.tube ,1098,5,0,0
2019-01-30 18:37:13.203512,13109820,2,0,2019-01-29 21:37:12, 영국 모터사이클 회사 트라이엄프.tube ,1100,2,0,0
2019-01-30 19:37:18.268372,13109820,2,0,2019-01-29 21:37:12, 영국 모터사이클 회사 트라이엄프.tube ,1102,2,0,0
2019-01-30 20:37:23.265089,13109820,2,0,2019-01-29 21:37:12, 영국 모터사이클 회사 트라이엄프.tube ,1104,2,0,0
2019-01-30 21:37:15.257554,13109820,2,0,2019-01-29 21:37:12, 영국 모터사이클 회사 트라이엄프.tube ,1109,5,0,0
