check_time,id,post_reply,post_symph,post_time,post_title,post_view,post_view_diff,post_reply_diff,post_symph_diff
2019-01-26 22:27:22.479300,13099144,1,0,2019-01-26 21:27:20, 지름 인증 ,753,753,1,0
2019-01-26 23:27:27.519171,13099144,1,0,2019-01-26 21:27:20, 지름 인증 ,879,126,0,0
2019-01-27 00:27:32.529925,13099144,1,0,2019-01-26 21:27:20, 지름 인증 ,915,36,0,0
2019-01-27 01:27:24.822025,13099144,1,0,2019-01-26 21:27:20, 지름 인증 ,928,13,0,0
2019-01-27 02:27:29.957094,13099144,1,0,2019-01-26 21:27:20, 지름 인증 ,937,9,0,0
2019-01-27 03:27:22.488776,13099144,1,0,2019-01-26 21:27:20, 지름 인증 ,942,5,0,0
2019-01-27 04:27:27.652828,13099144,1,0,2019-01-26 21:27:20, 지름 인증 ,951,9,0,0
2019-01-27 05:27:32.911956,13099144,1,0,2019-01-26 21:27:20, 지름 인증 ,952,1,0,0
2019-01-27 06:27:25.033986,13099144,1,0,2019-01-26 21:27:20, 지름 인증 ,955,3,0,0
2019-01-27 07:27:30.159886,13099144,1,0,2019-01-26 21:27:20, 지름 인증 ,959,4,0,0
2019-01-27 08:27:22.375577,13099144,1,0,2019-01-26 21:27:20, 지름 인증 ,962,3,0,0
2019-01-27 09:27:27.466723,13099144,1,0,2019-01-26 21:27:20, 지름 인증 ,965,3,0,0
2019-01-27 10:27:32.588897,13099144,1,0,2019-01-26 21:27:20, 지름 인증 ,968,3,0,0
2019-01-27 11:27:24.694357,13099144,1,0,2019-01-26 21:27:20, 지름 인증 ,972,4,0,0
2019-01-27 12:27:29.720243,13099144,1,0,2019-01-26 21:27:20, 지름 인증 ,976,4,0,0
2019-01-27 13:27:22.080722,13099144,1,0,2019-01-26 21:27:20, 지름 인증 ,979,3,0,0
2019-01-27 14:27:27.420153,13099144,1,0,2019-01-26 21:27:20, 지름 인증 ,981,2,0,0
2019-01-27 15:27:32.575886,13099144,1,0,2019-01-26 21:27:20, 지름 인증 ,983,2,0,0
2019-01-27 16:27:24.690224,13099144,1,0,2019-01-26 21:27:20, 지름 인증 ,984,1,0,0
2019-01-27 17:27:29.834140,13099144,1,0,2019-01-26 21:27:20, 지름 인증 ,986,2,0,0
2019-01-27 18:27:21.978876,13099144,1,0,2019-01-26 21:27:20, 지름 인증 ,988,2,0,0
2019-01-27 19:27:27.132852,13099144,1,0,2019-01-26 21:27:20, 지름 인증 ,990,2,0,0
2019-01-27 20:27:32.496830,13099144,1,0,2019-01-26 21:27:20, 지름 인증 ,991,1,0,0
2019-01-27 21:27:24.484157,13099144,1,0,2019-01-26 21:27:20, 지름 인증 ,994,3,0,0
