check_time,id,post_reply,post_symph,post_time,post_title,post_view,post_view_diff,post_reply_diff,post_symph_diff
2019-01-27 22:51:50.637000,13102335,7,4,2019-01-27 21:51:38, 아이즈원 리더 독무.gif ,3230,3230,7,4
2019-01-27 23:51:42.807887,13102335,7,4,2019-01-27 21:51:38, 아이즈원 리더 독무.gif ,4011,781,0,0
2019-01-28 00:51:48.164017,13102335,7,4,2019-01-27 21:51:38, 아이즈원 리더 독무.gif ,4402,391,0,0
2019-01-28 01:51:40.217024,13102335,7,4,2019-01-27 21:51:38, 아이즈원 리더 독무.gif ,4563,161,0,0
2019-01-28 02:51:45.574505,13102335,7,4,2019-01-27 21:51:38, 아이즈원 리더 독무.gif ,4658,95,0,0
2019-01-28 03:51:38.054334,13102335,7,4,2019-01-27 21:51:38, 아이즈원 리더 독무.gif ,4731,73,0,0
2019-01-28 04:51:43.387688,13102335,7,4,2019-01-27 21:51:38, 아이즈원 리더 독무.gif ,4763,32,0,0
2019-01-28 05:51:48.533026,13102335,7,4,2019-01-27 21:51:38, 아이즈원 리더 독무.gif ,4793,30,0,0
2019-01-28 06:51:40.524705,13102335,7,4,2019-01-27 21:51:38, 아이즈원 리더 독무.gif ,4846,53,0,0
2019-01-28 07:51:45.573455,13102335,7,4,2019-01-27 21:51:38, 아이즈원 리더 독무.gif ,4933,87,0,0
2019-01-28 08:51:50.615426,13102335,7,4,2019-01-27 21:51:38, 아이즈원 리더 독무.gif ,5017,84,0,0
2019-01-28 09:51:42.860392,13102335,7,4,2019-01-27 21:51:38, 아이즈원 리더 독무.gif ,5106,89,0,0
2019-01-28 10:51:47.889994,13102335,7,4,2019-01-27 21:51:38, 아이즈원 리더 독무.gif ,5159,53,0,0
2019-01-28 11:51:39.897785,13102335,7,4,2019-01-27 21:51:38, 아이즈원 리더 독무.gif ,5192,33,0,0
2019-01-28 12:51:44.937321,13102335,7,4,2019-01-27 21:51:38, 아이즈원 리더 독무.gif ,5217,25,0,0
2019-01-28 13:51:49.924270,13102335,7,4,2019-01-27 21:51:38, 아이즈원 리더 독무.gif ,5240,23,0,0
2019-01-28 14:51:41.942724,13102335,7,4,2019-01-27 21:51:38, 아이즈원 리더 독무.gif ,5258,18,0,0
2019-01-28 15:51:46.963585,13102335,7,4,2019-01-27 21:51:38, 아이즈원 리더 독무.gif ,5272,14,0,0
2019-01-28 16:51:38.983079,13102335,7,4,2019-01-27 21:51:38, 아이즈원 리더 독무.gif ,5295,23,0,0
2019-01-28 17:51:44.033027,13102335,7,4,2019-01-27 21:51:38, 아이즈원 리더 독무.gif ,5304,9,0,0
2019-01-28 18:51:49.183760,13102335,7,4,2019-01-27 21:51:38, 아이즈원 리더 독무.gif ,5309,5,0,0
2019-01-28 19:51:41.341432,13102335,7,4,2019-01-27 21:51:38, 아이즈원 리더 독무.gif ,5314,5,0,0
2019-01-28 20:51:46.438149,13102335,7,4,2019-01-27 21:51:38, 아이즈원 리더 독무.gif ,5324,10,0,0
2019-01-28 21:51:38.610684,13102335,7,4,2019-01-27 21:51:38, 아이즈원 리더 독무.gif ,5334,10,0,0
