check_time,id,post_reply,post_symph,post_time,post_title,post_view,post_view_diff,post_reply_diff,post_symph_diff
2019-01-28 22:06:50.705898,13106030,7,1,2019-01-28 21:06:44, 식물갤러리식 일침.jpg ,3089,3089,7,1
2019-01-28 23:06:55.696333,13106030,7,1,2019-01-28 21:06:44, 식물갤러리식 일침.jpg ,3565,476,0,0
2019-01-29 00:06:47.721468,13106030,7,1,2019-01-28 21:06:44, 식물갤러리식 일침.jpg ,3796,231,0,0
2019-01-29 01:06:52.729875,13106030,7,1,2019-01-28 21:06:44, 식물갤러리식 일침.jpg ,3928,132,0,0
2019-01-29 02:06:44.801038,13106030,7,1,2019-01-28 21:06:44, 식물갤러리식 일침.jpg ,3998,70,0,0
2019-01-29 03:06:50.040425,13106030,7,1,2019-01-28 21:06:44, 식물갤러리식 일침.jpg ,4041,43,0,0
2019-01-29 04:06:55.073655,13106030,7,1,2019-01-28 21:06:44, 식물갤러리식 일침.jpg ,4072,31,0,0
2019-01-29 05:06:47.262063,13106030,7,1,2019-01-28 21:06:44, 식물갤러리식 일침.jpg ,4085,13,0,0
2019-01-29 06:06:52.303711,13106030,7,1,2019-01-28 21:06:44, 식물갤러리식 일침.jpg ,4099,14,0,0
2019-01-29 07:06:44.391845,13106030,7,1,2019-01-28 21:06:44, 식물갤러리식 일침.jpg ,4122,23,0,0
2019-01-29 08:06:49.548919,13106030,7,1,2019-01-28 21:06:44, 식물갤러리식 일침.jpg ,4158,36,0,0
2019-01-29 09:06:54.627131,13106030,7,1,2019-01-28 21:06:44, 식물갤러리식 일침.jpg ,4191,33,0,0
2019-01-29 10:06:46.759143,13106030,7,2,2019-01-28 21:06:44, 식물갤러리식 일침.jpg ,4226,35,0,1
2019-01-29 11:06:51.736910,13106030,7,2,2019-01-28 21:06:44, 식물갤러리식 일침.jpg ,4259,33,0,0
2019-01-29 12:06:56.779694,13106030,7,2,2019-01-28 21:06:44, 식물갤러리식 일침.jpg ,4289,30,0,0
2019-01-29 13:06:48.808750,13106030,7,2,2019-01-28 21:06:44, 식물갤러리식 일침.jpg ,4304,15,0,0
2019-01-29 14:06:53.886485,13106030,7,2,2019-01-28 21:06:44, 식물갤러리식 일침.jpg ,4314,10,0,0
2019-01-29 15:06:46.045021,13106030,7,2,2019-01-28 21:06:44, 식물갤러리식 일침.jpg ,4324,10,0,0
2019-01-29 16:06:51.195898,13106030,7,2,2019-01-28 21:06:44, 식물갤러리식 일침.jpg ,4328,4,0,0
2019-01-29 17:06:56.532597,13106030,7,2,2019-01-28 21:06:44, 식물갤러리식 일침.jpg ,4336,8,0,0
2019-01-29 18:06:48.651078,13106030,7,2,2019-01-28 21:06:44, 식물갤러리식 일침.jpg ,4338,2,0,0
2019-01-29 19:06:53.783080,13106030,7,2,2019-01-28 21:06:44, 식물갤러리식 일침.jpg ,4342,4,0,0
2019-01-29 20:06:45.990824,13106030,7,2,2019-01-28 21:06:44, 식물갤러리식 일침.jpg ,4345,3,0,0
2019-01-29 21:06:51.049262,13106030,7,2,2019-01-28 21:06:44, 식물갤러리식 일침.jpg ,4348,3,0,0
