check_time,id,post_reply,post_symph,post_time,post_title,post_view,post_view_diff,post_reply_diff,post_symph_diff
2019-01-26 22:46:56.860165,13099198,3,1,2019-01-26 21:46:49, 신발이 왔네요. ,1403,1403,3,1
2019-01-26 23:47:01.899749,13099198,4,1,2019-01-26 21:46:49, 신발이 왔네요. ,1653,250,1,0
2019-01-27 00:46:54.006806,13099198,4,1,2019-01-26 21:46:49, 신발이 왔네요. ,1699,46,0,0
2019-01-27 01:46:59.249031,13099198,4,1,2019-01-26 21:46:49, 신발이 왔네요. ,1718,19,0,0
2019-01-27 02:46:51.311791,13099198,4,1,2019-01-26 21:46:49, 신발이 왔네요. ,1737,19,0,0
2019-01-27 03:46:56.540310,13099198,4,1,2019-01-26 21:46:49, 신발이 왔네요. ,1742,5,0,0
2019-01-27 04:47:01.600061,13099198,4,1,2019-01-26 21:46:49, 신발이 왔네요. ,1748,6,0,0
2019-01-27 05:46:53.622612,13099198,4,1,2019-01-26 21:46:49, 신발이 왔네요. ,1751,3,0,0
2019-01-27 06:46:58.695891,13099198,4,1,2019-01-26 21:46:49, 신발이 왔네요. ,1754,3,0,0
2019-01-27 07:46:50.717897,13099198,4,1,2019-01-26 21:46:49, 신발이 왔네요. ,1759,5,0,0
2019-01-27 08:46:55.753587,13099198,4,1,2019-01-26 21:46:49, 신발이 왔네요. ,1767,8,0,0
2019-01-27 09:47:00.973027,13099198,4,1,2019-01-26 21:46:49, 신발이 왔네요. ,1779,12,0,0
2019-01-27 10:46:53.029414,13099198,4,1,2019-01-26 21:46:49, 신발이 왔네요. ,1787,8,0,0
2019-01-27 11:46:58.124938,13099198,4,1,2019-01-26 21:46:49, 신발이 왔네요. ,1791,4,0,0
2019-01-27 12:46:50.186018,13099198,4,1,2019-01-26 21:46:49, 신발이 왔네요. ,1794,3,0,0
2019-01-27 13:46:55.242353,13099198,4,1,2019-01-26 21:46:49, 신발이 왔네요. ,1798,4,0,0
2019-01-27 14:47:00.322327,13099198,4,1,2019-01-26 21:46:49, 신발이 왔네요. ,1800,2,0,0
2019-01-27 15:46:52.446725,13099198,4,1,2019-01-26 21:46:49, 신발이 왔네요. ,1805,5,0,0
2019-01-27 16:46:57.533118,13099198,4,1,2019-01-26 21:46:49, 신발이 왔네요. ,1807,2,0,0
2019-01-27 17:46:49.606283,13099198,4,1,2019-01-26 21:46:49, 신발이 왔네요. ,1808,1,0,0
2019-01-27 18:46:54.965368,13099198,4,1,2019-01-26 21:46:49, 신발이 왔네요. ,1810,2,0,0
2019-01-27 19:47:00.085399,13099198,4,1,2019-01-26 21:46:49, 신발이 왔네요. ,1812,2,0,0
2019-01-27 20:46:52.224547,13099198,4,1,2019-01-26 21:46:49, 신발이 왔네요. ,1816,4,0,0
2019-01-27 21:46:57.261565,13099198,4,1,2019-01-26 21:46:49, 신발이 왔네요. ,1819,3,0,0
