check_time,id,post_reply,post_symph,post_time,post_title,post_view,post_view_diff,post_reply_diff,post_symph_diff
2019-01-28 22:57:22.141703,13106201,2,0,2019-01-28 21:57:10, GS 육개장... ,820,820,2,0
2019-01-28 23:57:14.221761,13106201,2,0,2019-01-28 21:57:10, GS 육개장... ,938,118,0,0
2019-01-29 00:57:19.256312,13106201,2,0,2019-01-28 21:57:10, GS 육개장... ,971,33,0,0
2019-01-29 01:57:11.372886,13106201,2,0,2019-01-28 21:57:10, GS 육개장... ,982,11,0,0
2019-01-29 02:57:16.711127,13106201,2,0,2019-01-28 21:57:10, GS 육개장... ,992,10,0,0
2019-01-29 03:57:21.864905,13106201,2,0,2019-01-28 21:57:10, GS 육개장... ,996,4,0,0
2019-01-29 04:57:13.934094,13106201,2,0,2019-01-28 21:57:10, GS 육개장... ,1000,4,0,0
2019-01-29 05:57:19.030768,13106201,2,0,2019-01-28 21:57:10, GS 육개장... ,1007,7,0,0
2019-01-29 06:57:11.082169,13106201,2,0,2019-01-28 21:57:10, GS 육개장... ,1014,7,0,0
2019-01-29 07:57:16.121719,13106201,2,0,2019-01-28 21:57:10, GS 육개장... ,1021,7,0,0
2019-01-29 08:57:21.214582,13106201,2,0,2019-01-28 21:57:10, GS 육개장... ,1029,8,0,0
2019-01-29 09:57:13.450575,13106201,2,0,2019-01-28 21:57:10, GS 육개장... ,1036,7,0,0
2019-01-29 10:57:18.547558,13106201,2,0,2019-01-28 21:57:10, GS 육개장... ,1043,7,0,0
2019-01-29 11:57:10.755994,13106201,2,0,2019-01-28 21:57:10, GS 육개장... ,1044,1,0,0
2019-01-29 12:57:15.868591,13106201,2,0,2019-01-28 21:57:10, GS 육개장... ,1046,2,0,0
2019-01-29 13:57:21.080363,13106201,2,0,2019-01-28 21:57:10, GS 육개장... ,1048,2,0,0
2019-01-29 14:57:13.196064,13106201,2,0,2019-01-28 21:57:10, GS 육개장... ,1050,2,0,0
2019-01-29 15:57:18.320571,13106201,2,0,2019-01-28 21:57:10, GS 육개장... ,1053,3,0,0
2019-01-29 16:57:10.347010,13106201,2,0,2019-01-28 21:57:10, GS 육개장... ,1056,3,0,0
2019-01-29 17:57:15.458652,13106201,2,0,2019-01-28 21:57:10, GS 육개장... ,1057,1,0,0
2019-01-29 18:57:20.600454,13106201,2,0,2019-01-28 21:57:10, GS 육개장... ,1060,3,0,0
2019-01-29 19:57:12.845426,13106201,2,0,2019-01-28 21:57:10, GS 육개장... ,1064,4,0,0
2019-01-29 20:57:17.926238,13106201,2,0,2019-01-28 21:57:10, GS 육개장... ,1066,2,0,0
2019-01-29 21:57:22.947068,13106201,2,0,2019-01-28 21:57:10, GS 육개장... ,1067,1,0,0
