check_time,id,post_reply,post_symph,post_time,post_title,post_view,post_view_diff,post_reply_diff,post_symph_diff
2019-01-29 22:56:50.198977,13109884,11,0,2019-01-29 21:56:40, 옥수수를 쓰기 시작하니 움짤 만들기가 편하네요 ,1850,1850,11,0
2019-01-29 23:56:42.345657,13109884,11,0,2019-01-29 21:56:40, 옥수수를 쓰기 시작하니 움짤 만들기가 편하네요 ,2051,201,0,0
2019-01-30 00:56:47.616242,13109884,11,0,2019-01-29 21:56:40, 옥수수를 쓰기 시작하니 움짤 만들기가 편하네요 ,2138,87,0,0
2019-01-30 01:56:52.701361,13109884,11,0,2019-01-29 21:56:40, 옥수수를 쓰기 시작하니 움짤 만들기가 편하네요 ,2168,30,0,0
2019-01-30 02:56:44.812709,13109884,11,0,2019-01-29 21:56:40, 옥수수를 쓰기 시작하니 움짤 만들기가 편하네요 ,2182,14,0,0
2019-01-30 03:56:49.756976,13109884,11,0,2019-01-29 21:56:40, 옥수수를 쓰기 시작하니 움짤 만들기가 편하네요 ,2195,13,0,0
2019-01-30 04:56:41.789825,13109884,11,0,2019-01-29 21:56:40, 옥수수를 쓰기 시작하니 움짤 만들기가 편하네요 ,2202,7,0,0
2019-01-30 05:56:46.996350,13109884,11,0,2019-01-29 21:56:40, 옥수수를 쓰기 시작하니 움짤 만들기가 편하네요 ,2211,9,0,0
2019-01-30 06:56:52.121977,13109884,11,0,2019-01-29 21:56:40, 옥수수를 쓰기 시작하니 움짤 만들기가 편하네요 ,2223,12,0,0
2019-01-30 07:56:44.228768,13109884,11,0,2019-01-29 21:56:40, 옥수수를 쓰기 시작하니 움짤 만들기가 편하네요 ,2241,18,0,0
2019-01-30 08:56:49.337528,13109884,11,0,2019-01-29 21:56:40, 옥수수를 쓰기 시작하니 움짤 만들기가 편하네요 ,2253,12,0,0
2019-01-30 09:56:41.366780,13109884,11,0,2019-01-29 21:56:40, 옥수수를 쓰기 시작하니 움짤 만들기가 편하네요 ,2270,17,0,0
2019-01-30 10:56:46.359696,13109884,11,0,2019-01-29 21:56:40, 옥수수를 쓰기 시작하니 움짤 만들기가 편하네요 ,2275,5,0,0
2019-01-30 11:56:51.418913,13109884,11,0,2019-01-29 21:56:40, 옥수수를 쓰기 시작하니 움짤 만들기가 편하네요 ,2282,7,0,0
2019-01-30 12:56:43.383091,13109884,11,0,2019-01-29 21:56:40, 옥수수를 쓰기 시작하니 움짤 만들기가 편하네요 ,2284,2,0,0
2019-01-30 13:56:48.483155,13109884,11,0,2019-01-29 21:56:40, 옥수수를 쓰기 시작하니 움짤 만들기가 편하네요 ,2288,4,0,0
2019-01-30 14:56:40.485874,13109884,11,0,2019-01-29 21:56:40, 옥수수를 쓰기 시작하니 움짤 만들기가 편하네요 ,2292,4,0,0
2019-01-30 15:56:45.545104,13109884,11,0,2019-01-29 21:56:40, 옥수수를 쓰기 시작하니 움짤 만들기가 편하네요 ,2294,2,0,0
2019-01-30 16:56:50.590334,13109884,11,0,2019-01-29 21:56:40, 옥수수를 쓰기 시작하니 움짤 만들기가 편하네요 ,2297,3,0,0
2019-01-30 17:56:42.609703,13109884,11,0,2019-01-29 21:56:40, 옥수수를 쓰기 시작하니 움짤 만들기가 편하네요 ,2301,4,0,0
2019-01-30 18:56:47.873549,13109884,11,0,2019-01-29 21:56:40, 옥수수를 쓰기 시작하니 움짤 만들기가 편하네요 ,2304,3,0,0
2019-01-30 19:56:52.966182,13109884,11,0,2019-01-29 21:56:40, 옥수수를 쓰기 시작하니 움짤 만들기가 편하네요 ,2308,4,0,0
2019-01-30 20:56:45.010293,13109884,11,0,2019-01-29 21:56:40, 옥수수를 쓰기 시작하니 움짤 만들기가 편하네요 ,2310,2,0,0
2019-01-30 21:56:50.116619,13109884,11,0,2019-01-29 21:56:40, 옥수수를 쓰기 시작하니 움짤 만들기가 편하네요 ,2312,2,0,0
