check_time,id,post_reply,post_symph,post_time,post_title,post_view,post_view_diff,post_reply_diff,post_symph_diff
2019-01-28 22:17:10.724621,13106057,1,1,2019-01-28 21:17:08, 핵인싸 꼬맹이 ,1538,1538,1,1
2019-01-28 23:17:15.813122,13106057,1,1,2019-01-28 21:17:08, 핵인싸 꼬맹이 ,1772,234,0,0
2019-01-29 00:17:20.900789,13106057,1,1,2019-01-28 21:17:08, 핵인싸 꼬맹이 ,1867,95,0,0
2019-01-29 01:17:12.935489,13106057,1,1,2019-01-28 21:17:08, 핵인싸 꼬맹이 ,1894,27,0,0
2019-01-29 02:17:18.013075,13106057,1,1,2019-01-28 21:17:08, 핵인싸 꼬맹이 ,1912,18,0,0
2019-01-29 03:17:10.095163,13106057,1,1,2019-01-28 21:17:08, 핵인싸 꼬맹이 ,1923,11,0,0
2019-01-29 04:17:15.159788,13106057,1,1,2019-01-28 21:17:08, 핵인싸 꼬맹이 ,1929,6,0,0
2019-01-29 05:17:20.622442,13106057,1,1,2019-01-28 21:17:08, 핵인싸 꼬맹이 ,1931,2,0,0
2019-01-29 06:17:12.721874,13106057,1,1,2019-01-28 21:17:08, 핵인싸 꼬맹이 ,1936,5,0,0
2019-01-29 07:17:17.770320,13106057,1,1,2019-01-28 21:17:08, 핵인싸 꼬맹이 ,1948,12,0,0
2019-01-29 08:17:09.747787,13106057,1,1,2019-01-28 21:17:08, 핵인싸 꼬맹이 ,1955,7,0,0
2019-01-29 09:17:14.779578,13106057,1,1,2019-01-28 21:17:08, 핵인싸 꼬맹이 ,1966,11,0,0
2019-01-29 10:17:20.032977,13106057,1,1,2019-01-28 21:17:08, 핵인싸 꼬맹이 ,1974,8,0,0
2019-01-29 11:17:12.216912,13106057,1,1,2019-01-28 21:17:08, 핵인싸 꼬맹이 ,1980,6,0,0
2019-01-29 12:17:17.313623,13106057,1,1,2019-01-28 21:17:08, 핵인싸 꼬맹이 ,1986,6,0,0
2019-01-29 13:17:09.343273,13106057,1,1,2019-01-28 21:17:08, 핵인싸 꼬맹이 ,1992,6,0,0
2019-01-29 14:17:14.318567,13106057,1,1,2019-01-28 21:17:08, 핵인싸 꼬맹이 ,1993,1,0,0
2019-01-29 15:17:19.478053,13106057,1,1,2019-01-28 21:17:08, 핵인싸 꼬맹이 ,1995,2,0,0
2019-01-29 16:17:11.637819,13106057,1,1,2019-01-28 21:17:08, 핵인싸 꼬맹이 ,1998,3,0,0
2019-01-29 17:17:17.193918,13106057,1,1,2019-01-28 21:17:08, 핵인싸 꼬맹이 ,2001,3,0,0
2019-01-29 18:17:09.351353,13106057,1,1,2019-01-28 21:17:08, 핵인싸 꼬맹이 ,2002,1,0,0
2019-01-29 19:17:14.536541,13106057,1,1,2019-01-28 21:17:08, 핵인싸 꼬맹이 ,2005,3,0,0
2019-01-29 20:17:19.586961,13106057,1,1,2019-01-28 21:17:08, 핵인싸 꼬맹이 ,2007,2,0,0
2019-01-29 21:17:11.656878,13106057,1,1,2019-01-28 21:17:08, 핵인싸 꼬맹이 ,2009,2,0,0
