check_time,id,post_reply,post_symph,post_time,post_title,post_view,post_view_diff,post_reply_diff,post_symph_diff
2019-01-29 22:41:15.537190,13109832,4,0,2019-01-29 21:41:11, QCY T1 물건이군요 ,1323,1323,4,0
2019-01-29 23:41:20.682774,13109832,4,0,2019-01-29 21:41:11, QCY T1 물건이군요 ,1559,236,0,0
2019-01-30 00:41:12.803493,13109832,4,0,2019-01-29 21:41:11, QCY T1 물건이군요 ,1644,85,0,0
2019-01-30 01:41:17.907162,13109832,4,0,2019-01-29 21:41:11, QCY T1 물건이군요 ,1682,38,0,0
2019-01-30 02:41:22.979323,13109832,6,0,2019-01-29 21:41:11, QCY T1 물건이군요 ,1702,20,2,0
2019-01-30 03:41:15.033053,13109832,6,0,2019-01-29 21:41:11, QCY T1 물건이군요 ,1705,3,0,0
2019-01-30 04:41:20.113795,13109832,6,0,2019-01-29 21:41:11, QCY T1 물건이군요 ,1716,11,0,0
2019-01-30 05:41:12.188219,13109832,6,0,2019-01-29 21:41:11, QCY T1 물건이군요 ,1720,4,0,0
2019-01-30 06:41:17.288847,13109832,6,0,2019-01-29 21:41:11, QCY T1 물건이군요 ,1726,6,0,0
2019-01-30 07:41:22.229452,13109832,6,0,2019-01-29 21:41:11, QCY T1 물건이군요 ,1737,11,0,0
2019-01-30 08:41:14.189649,13109832,6,0,2019-01-29 21:41:11, QCY T1 물건이군요 ,1755,18,0,0
2019-01-30 09:41:19.230210,13109832,6,0,2019-01-29 21:41:11, QCY T1 물건이군요 ,1777,22,0,0
2019-01-30 10:41:11.229245,13109832,6,0,2019-01-29 21:41:11, QCY T1 물건이군요 ,1786,9,0,0
2019-01-30 11:41:16.255997,13109832,6,0,2019-01-29 21:41:11, QCY T1 물건이군요 ,1793,7,0,0
2019-01-30 12:41:21.556895,13109832,6,0,2019-01-29 21:41:11, QCY T1 물건이군요 ,1798,5,0,0
2019-01-30 13:41:13.642733,13109832,6,0,2019-01-29 21:41:11, QCY T1 물건이군요 ,1801,3,0,0
2019-01-30 14:41:18.769050,13109832,6,0,2019-01-29 21:41:11, QCY T1 물건이군요 ,1805,4,0,0
2019-01-30 15:41:23.906036,13109832,6,0,2019-01-29 21:41:11, QCY T1 물건이군요 ,1811,6,0,0
2019-01-30 16:41:16.062753,13109832,6,0,2019-01-29 21:41:11, QCY T1 물건이군요 ,1814,3,0,0
2019-01-30 17:41:21.163478,13109832,6,0,2019-01-29 21:41:11, QCY T1 물건이군요 ,1819,5,0,0
2019-01-30 18:41:13.257119,13109832,6,0,2019-01-29 21:41:11, QCY T1 물건이군요 ,1821,2,0,0
2019-01-30 19:41:18.242286,13109832,6,0,2019-01-29 21:41:11, QCY T1 물건이군요 ,1826,5,0,0
2019-01-30 20:41:23.282294,13109832,6,0,2019-01-29 21:41:11, QCY T1 물건이군요 ,1830,4,0,0
2019-01-30 21:41:15.334220,13109832,6,0,2019-01-29 21:41:11, QCY T1 물건이군요 ,1837,7,0,0
