check_time,id,post_reply,post_symph,post_time,post_title,post_view,post_view_diff,post_reply_diff,post_symph_diff
2019-01-27 22:27:31.625587,13102253,31,3,2019-01-27 21:27:22, 갠적으로 맥 쓰면서 최고앱.jpg ,4395,4395,31,3
2019-01-27 23:27:23.710661,13102253,31,3,2019-01-27 21:27:22, 갠적으로 맥 쓰면서 최고앱.jpg ,5538,1143,0,0
2019-01-28 00:27:28.969167,13102253,31,3,2019-01-27 21:27:22, 갠적으로 맥 쓰면서 최고앱.jpg ,6102,564,0,0
2019-01-28 01:27:34.146596,13102253,31,3,2019-01-27 21:27:22, 갠적으로 맥 쓰면서 최고앱.jpg ,6372,270,0,0
2019-01-28 02:27:26.305641,13102253,31,3,2019-01-27 21:27:22, 갠적으로 맥 쓰면서 최고앱.jpg ,6504,132,0,0
2019-01-28 03:27:31.268714,13102253,31,3,2019-01-27 21:27:22, 갠적으로 맥 쓰면서 최고앱.jpg ,6596,92,0,0
2019-01-28 04:27:23.931378,13102253,31,3,2019-01-27 21:27:22, 갠적으로 맥 쓰면서 최고앱.jpg ,6657,61,0,0
2019-01-28 05:27:29.768931,13102253,31,3,2019-01-27 21:27:22, 갠적으로 맥 쓰면서 최고앱.jpg ,6706,49,0,0
2019-01-28 06:27:35.001887,13102253,32,3,2019-01-27 21:27:22, 갠적으로 맥 쓰면서 최고앱.jpg ,6742,36,1,0
2019-01-28 07:27:26.971191,13102253,32,3,2019-01-27 21:27:22, 갠적으로 맥 쓰면서 최고앱.jpg ,6813,71,0,0
2019-01-28 08:27:32.282535,13102253,32,3,2019-01-27 21:27:22, 갠적으로 맥 쓰면서 최고앱.jpg ,6883,70,0,0
2019-01-28 09:27:24.291409,13102253,32,3,2019-01-27 21:27:22, 갠적으로 맥 쓰면서 최고앱.jpg ,6966,83,0,0
2019-01-28 10:27:29.440523,13102253,32,3,2019-01-27 21:27:22, 갠적으로 맥 쓰면서 최고앱.jpg ,7021,55,0,0
2019-01-28 11:27:34.912528,13102253,32,3,2019-01-27 21:27:22, 갠적으로 맥 쓰면서 최고앱.jpg ,7066,45,0,0
2019-01-28 12:27:27.054499,13102253,32,3,2019-01-27 21:27:22, 갠적으로 맥 쓰면서 최고앱.jpg ,7100,34,0,0
2019-01-28 13:27:32.022444,13102253,32,3,2019-01-27 21:27:22, 갠적으로 맥 쓰면서 최고앱.jpg ,7127,27,0,0
2019-01-28 14:27:24.142005,13102253,32,3,2019-01-27 21:27:22, 갠적으로 맥 쓰면서 최고앱.jpg ,7141,14,0,0
2019-01-28 15:27:29.242205,13102253,32,3,2019-01-27 21:27:22, 갠적으로 맥 쓰면서 최고앱.jpg ,7149,8,0,0
2019-01-28 16:27:34.302468,13102253,32,3,2019-01-27 21:27:22, 갠적으로 맥 쓰면서 최고앱.jpg ,7160,11,0,0
2019-01-28 17:27:26.616090,13102253,32,3,2019-01-27 21:27:22, 갠적으로 맥 쓰면서 최고앱.jpg ,7171,11,0,0
2019-01-28 18:27:31.720114,13102253,32,3,2019-01-27 21:27:22, 갠적으로 맥 쓰면서 최고앱.jpg ,7178,7,0,0
2019-01-28 19:27:23.792117,13102253,32,3,2019-01-27 21:27:22, 갠적으로 맥 쓰면서 최고앱.jpg ,7181,3,0,0
2019-01-28 20:27:28.723944,13102253,32,3,2019-01-27 21:27:22, 갠적으로 맥 쓰면서 최고앱.jpg ,7190,9,0,0
2019-01-28 21:27:33.691457,13102253,32,3,2019-01-27 21:27:22, 갠적으로 맥 쓰면서 최고앱.jpg ,7200,10,0,0
