check_time,id,post_reply,post_symph,post_time,post_title,post_view,post_view_diff,post_reply_diff,post_symph_diff
2019-01-24 22:16:18.678929,13091110,1,0,2019-01-24 21:16:18," 포드, 유럽형 레인저에 2.0 디젤엔진 적용..국내 투입 전망은? ",882,882,1,0
2019-01-24 23:16:23.742842,13091110,1,0,2019-01-24 21:16:18," 포드, 유럽형 레인저에 2.0 디젤엔진 적용..국내 투입 전망은? ",976,94,0,0
2019-01-25 00:16:28.779014,13091110,1,0,2019-01-24 21:16:18," 포드, 유럽형 레인저에 2.0 디젤엔진 적용..국내 투입 전망은? ",992,16,0,0
2019-01-25 01:16:21.181235,13091110,1,0,2019-01-24 21:16:18," 포드, 유럽형 레인저에 2.0 디젤엔진 적용..국내 투입 전망은? ",1003,11,0,0
2019-01-25 02:16:26.285565,13091110,1,0,2019-01-24 21:16:18," 포드, 유럽형 레인저에 2.0 디젤엔진 적용..국내 투입 전망은? ",1004,1,0,0
2019-01-25 03:16:18.304859,13091110,1,0,2019-01-24 21:16:18," 포드, 유럽형 레인저에 2.0 디젤엔진 적용..국내 투입 전망은? ",1008,4,0,0
2019-01-25 04:16:23.332056,13091110,1,0,2019-01-24 21:16:18," 포드, 유럽형 레인저에 2.0 디젤엔진 적용..국내 투입 전망은? ",1010,2,0,0
2019-01-25 05:16:28.362614,13091110,1,0,2019-01-24 21:16:18," 포드, 유럽형 레인저에 2.0 디젤엔진 적용..국내 투입 전망은? ",1014,4,0,0
2019-01-25 06:16:20.823733,13091110,1,0,2019-01-24 21:16:18," 포드, 유럽형 레인저에 2.0 디젤엔진 적용..국내 투입 전망은? ",1020,6,0,0
2019-01-25 07:16:25.848702,13091110,1,0,2019-01-24 21:16:18," 포드, 유럽형 레인저에 2.0 디젤엔진 적용..국내 투입 전망은? ",1023,3,0,0
2019-01-25 08:16:30.809051,13091110,1,0,2019-01-24 21:16:18," 포드, 유럽형 레인저에 2.0 디젤엔진 적용..국내 투입 전망은? ",1030,7,0,0
2019-01-25 09:16:22.858584,13091110,1,0,2019-01-24 21:16:18," 포드, 유럽형 레인저에 2.0 디젤엔진 적용..국내 투입 전망은? ",1036,6,0,0
2019-01-25 10:16:27.865325,13091110,1,0,2019-01-24 21:16:18," 포드, 유럽형 레인저에 2.0 디젤엔진 적용..국내 투입 전망은? ",1041,5,0,0
2019-01-25 11:16:20.246181,13091110,1,0,2019-01-24 21:16:18," 포드, 유럽형 레인저에 2.0 디젤엔진 적용..국내 투입 전망은? ",1043,2,0,0
2019-01-25 12:16:25.362691,13091110,1,0,2019-01-24 21:16:18," 포드, 유럽형 레인저에 2.0 디젤엔진 적용..국내 투입 전망은? ",1048,5,0,0
2019-01-25 13:16:30.461942,13091110,1,0,2019-01-24 21:16:18," 포드, 유럽형 레인저에 2.0 디젤엔진 적용..국내 투입 전망은? ",1050,2,0,0
2019-01-25 14:16:22.520951,13091110,1,0,2019-01-24 21:16:18," 포드, 유럽형 레인저에 2.0 디젤엔진 적용..국내 투입 전망은? ",1051,1,0,0
2019-01-25 15:16:27.641524,13091110,1,0,2019-01-24 21:16:18," 포드, 유럽형 레인저에 2.0 디젤엔진 적용..국내 투입 전망은? ",1055,4,0,0
2019-01-25 16:16:19.770160,13091110,1,0,2019-01-24 21:16:18," 포드, 유럽형 레인저에 2.0 디젤엔진 적용..국내 투입 전망은? ",1058,3,0,0
2019-01-25 17:16:24.907066,13091110,1,0,2019-01-24 21:16:18," 포드, 유럽형 레인저에 2.0 디젤엔진 적용..국내 투입 전망은? ",1059,1,0,0
2019-01-25 18:16:30.076739,13091110,1,0,2019-01-24 21:16:18," 포드, 유럽형 레인저에 2.0 디젤엔진 적용..국내 투입 전망은? ",1060,1,0,0
2019-01-25 19:16:22.118997,13091110,1,0,2019-01-24 21:16:18," 포드, 유럽형 레인저에 2.0 디젤엔진 적용..국내 투입 전망은? ",1061,1,0,0
2019-01-25 20:16:27.270396,13091110,1,0,2019-01-24 21:16:18," 포드, 유럽형 레인저에 2.0 디젤엔진 적용..국내 투입 전망은? ",1062,1,0,0
2019-01-25 21:16:19.317371,13091110,1,0,2019-01-24 21:16:18," 포드, 유럽형 레인저에 2.0 디젤엔진 적용..국내 투입 전망은? ",1064,2,0,0
