check_time,id,post_reply,post_symph,post_time,post_title,post_view,post_view_diff,post_reply_diff,post_symph_diff
2019-01-25 22:51:55.590778,13095416,17,1,2019-01-25 21:51:50, 올해 춘절(중국설) 중국인 여행지 순위 ,1499,1499,17,1
2019-01-25 23:52:00.894768,13095416,17,1,2019-01-25 21:51:50, 올해 춘절(중국설) 중국인 여행지 순위 ,1602,103,0,0
2019-01-26 00:51:53.101845,13095416,17,1,2019-01-25 21:51:50, 올해 춘절(중국설) 중국인 여행지 순위 ,1625,23,0,0
2019-01-26 01:51:58.545898,13095416,17,1,2019-01-25 21:51:50, 올해 춘절(중국설) 중국인 여행지 순위 ,1637,12,0,0
2019-01-26 02:51:51.357785,13095416,17,1,2019-01-25 21:51:50, 올해 춘절(중국설) 중국인 여행지 순위 ,1640,3,0,0
2019-01-26 03:51:56.581587,13095416,17,1,2019-01-25 21:51:50, 올해 춘절(중국설) 중국인 여행지 순위 ,1642,2,0,0
2019-01-26 04:52:01.981987,13095416,17,1,2019-01-25 21:51:50, 올해 춘절(중국설) 중국인 여행지 순위 ,1645,3,0,0
2019-01-26 05:51:54.088998,13095416,17,1,2019-01-25 21:51:50, 올해 춘절(중국설) 중국인 여행지 순위 ,1647,2,0,0
2019-01-26 06:51:59.282630,13095416,17,1,2019-01-25 21:51:50, 올해 춘절(중국설) 중국인 여행지 순위 ,1651,4,0,0
2019-01-26 07:51:51.352360,13095416,17,1,2019-01-25 21:51:50, 올해 춘절(중국설) 중국인 여행지 순위 ,1654,3,0,0
2019-01-26 08:51:56.680006,13095416,17,1,2019-01-25 21:51:50, 올해 춘절(중국설) 중국인 여행지 순위 ,1657,3,0,0
2019-01-26 09:52:01.902635,13095416,17,1,2019-01-25 21:51:50, 올해 춘절(중국설) 중국인 여행지 순위 ,1665,8,0,0
2019-01-26 10:51:53.992828,13095416,17,1,2019-01-25 21:51:50, 올해 춘절(중국설) 중국인 여행지 순위 ,1670,5,0,0
2019-01-26 11:51:59.093399,13095416,17,1,2019-01-25 21:51:50, 올해 춘절(중국설) 중국인 여행지 순위 ,1674,4,0,0
2019-01-26 12:51:52.039825,13095416,17,1,2019-01-25 21:51:50, 올해 춘절(중국설) 중국인 여행지 순위 ,1676,2,0,0
2019-01-26 13:51:57.052578,13095416,17,1,2019-01-25 21:51:50, 올해 춘절(중국설) 중국인 여행지 순위 ,1677,1,0,0
2019-01-26 14:52:02.190006,13095416,17,1,2019-01-25 21:51:50, 올해 춘절(중국설) 중국인 여행지 순위 ,1685,8,0,0
2019-01-26 15:51:54.169176,13095416,17,1,2019-01-25 21:51:50, 올해 춘절(중국설) 중국인 여행지 순위 ,1689,4,0,0
2019-01-26 16:51:59.149867,13095416,17,1,2019-01-25 21:51:50, 올해 춘절(중국설) 중국인 여행지 순위 ,1695,6,0,0
2019-01-26 17:51:51.190010,13095416,17,1,2019-01-25 21:51:50, 올해 춘절(중국설) 중국인 여행지 순위 ,1696,1,0,0
2019-01-26 18:51:57.064641,13095416,17,1,2019-01-25 21:51:50, 올해 춘절(중국설) 중국인 여행지 순위 ,1698,2,0,0
2019-01-26 19:52:02.106755,13095416,17,1,2019-01-25 21:51:50, 올해 춘절(중국설) 중국인 여행지 순위 ,1701,3,0,0
2019-01-26 20:51:54.121437,13095416,17,1,2019-01-25 21:51:50, 올해 춘절(중국설) 중국인 여행지 순위 ,1703,2,0,0
2019-01-26 21:51:59.195106,13095416,17,1,2019-01-25 21:51:50, 올해 춘절(중국설) 중국인 여행지 순위 ,1705,2,0,0
