check_time,id,post_reply,post_symph,post_time,post_title,post_view,post_view_diff,post_reply_diff,post_symph_diff
2019-01-25 22:42:27.388491,13095384,1,0,2019-01-25 21:42:15," 손흥민이 측면으로 간 이유는, 오늘은 직접 해결해달라는거죠 ",1329,1329,1,0
2019-01-25 23:42:19.539393,13095384,1,0,2019-01-25 21:42:15," 손흥민이 측면으로 간 이유는, 오늘은 직접 해결해달라는거죠 ",1384,55,0,0
2019-01-26 00:42:24.920555,13095384,1,0,2019-01-25 21:42:15," 손흥민이 측면으로 간 이유는, 오늘은 직접 해결해달라는거죠 ",1395,11,0,0
2019-01-26 01:42:17.124285,13095384,1,0,2019-01-25 21:42:15," 손흥민이 측면으로 간 이유는, 오늘은 직접 해결해달라는거죠 ",1400,5,0,0
2019-01-26 02:42:22.209872,13095384,1,0,2019-01-25 21:42:15," 손흥민이 측면으로 간 이유는, 오늘은 직접 해결해달라는거죠 ",1402,2,0,0
2019-01-26 03:42:27.492399,13095384,1,0,2019-01-25 21:42:15," 손흥민이 측면으로 간 이유는, 오늘은 직접 해결해달라는거죠 ",1406,4,0,0
2019-01-26 04:42:19.689225,13095384,1,0,2019-01-25 21:42:15," 손흥민이 측면으로 간 이유는, 오늘은 직접 해결해달라는거죠 ",1407,1,0,0
2019-01-26 05:42:25.210766,13095384,1,0,2019-01-25 21:42:15," 손흥민이 측면으로 간 이유는, 오늘은 직접 해결해달라는거죠 ",1409,2,0,0
2019-01-26 06:42:17.447538,13095384,1,0,2019-01-25 21:42:15," 손흥민이 측면으로 간 이유는, 오늘은 직접 해결해달라는거죠 ",1414,5,0,0
2019-01-26 07:42:22.986823,13095384,1,0,2019-01-25 21:42:15," 손흥민이 측면으로 간 이유는, 오늘은 직접 해결해달라는거죠 ",1417,3,0,0
2019-01-26 08:42:28.005969,13095384,1,0,2019-01-25 21:42:15," 손흥민이 측면으로 간 이유는, 오늘은 직접 해결해달라는거죠 ",1418,1,0,0
2019-01-26 09:42:20.111013,13095384,1,0,2019-01-25 21:42:15," 손흥민이 측면으로 간 이유는, 오늘은 직접 해결해달라는거죠 ",1419,1,0,0
2019-01-26 10:42:25.445338,13095384,1,0,2019-01-25 21:42:15," 손흥민이 측면으로 간 이유는, 오늘은 직접 해결해달라는거죠 ",1423,4,0,0
2019-01-26 11:42:17.548248,13095384,1,0,2019-01-25 21:42:15," 손흥민이 측면으로 간 이유는, 오늘은 직접 해결해달라는거죠 ",1425,2,0,0
2019-01-26 12:42:22.757282,13095384,1,0,2019-01-25 21:42:15," 손흥민이 측면으로 간 이유는, 오늘은 직접 해결해달라는거죠 ",1426,1,0,0
2019-01-26 13:42:27.852682,13095384,1,0,2019-01-25 21:42:15," 손흥민이 측면으로 간 이유는, 오늘은 직접 해결해달라는거죠 ",1427,1,0,0
2019-01-26 14:42:19.958764,13095384,1,0,2019-01-25 21:42:15," 손흥민이 측면으로 간 이유는, 오늘은 직접 해결해달라는거죠 ",1428,1,0,0
2019-01-26 15:42:25.102513,13095384,1,0,2019-01-25 21:42:15," 손흥민이 측면으로 간 이유는, 오늘은 직접 해결해달라는거죠 ",1430,2,0,0
2019-01-26 16:42:17.193635,13095384,1,0,2019-01-25 21:42:15," 손흥민이 측면으로 간 이유는, 오늘은 직접 해결해달라는거죠 ",1431,1,0,0
2019-01-26 17:42:22.409898,13095384,1,0,2019-01-25 21:42:15," 손흥민이 측면으로 간 이유는, 오늘은 직접 해결해달라는거죠 ",1432,1,0,0
2019-01-26 18:42:27.556932,13095384,1,0,2019-01-25 21:42:15," 손흥민이 측면으로 간 이유는, 오늘은 직접 해결해달라는거죠 ",1433,1,0,0
2019-01-26 19:42:19.640147,13095384,1,0,2019-01-25 21:42:15," 손흥민이 측면으로 간 이유는, 오늘은 직접 해결해달라는거죠 ",1437,4,0,0
2019-01-26 20:42:24.786880,13095384,1,0,2019-01-25 21:42:15," 손흥민이 측면으로 간 이유는, 오늘은 직접 해결해달라는거죠 ",1439,2,0,0
2019-01-26 21:42:17.235674,13095384,1,0,2019-01-25 21:42:15," 손흥민이 측면으로 간 이유는, 오늘은 직접 해결해달라는거죠 ",1442,3,0,0
