check_time,id,post_reply,post_symph,post_time,post_title,post_view,post_view_diff,post_reply_diff,post_symph_diff
2019-01-30 22:16:59.919700,13114200,16,0,2019-01-30 21:16:49, 키원 샀네요 ,1524,1524,16,0
2019-01-30 23:16:52.083154,13114200,16,0,2019-01-30 21:16:49, 키원 샀네요 ,1704,180,0,0
2019-01-31 00:16:57.333746,13114200,16,0,2019-01-30 21:16:49, 키원 샀네요 ,1779,75,0,0
2019-01-31 01:16:49.429357,13114200,16,0,2019-01-30 21:16:49, 키원 샀네요 ,1824,45,0,0
2019-01-31 02:16:54.537733,13114200,16,0,2019-01-30 21:16:49, 키원 샀네요 ,1842,18,0,0
2019-01-31 03:17:00.347793,13114200,16,0,2019-01-30 21:16:49, 키원 샀네요 ,1857,15,0,0
2019-01-31 04:16:52.374396,13114200,16,0,2019-01-30 21:16:49, 키원 샀네요 ,1865,8,0,0
2019-01-31 05:16:57.494705,13114200,16,0,2019-01-30 21:16:49, 키원 샀네요 ,1872,7,0,0
2019-01-31 06:16:49.528922,13114200,16,0,2019-01-30 21:16:49, 키원 샀네요 ,1880,8,0,0
2019-01-31 07:16:54.649354,13114200,16,0,2019-01-30 21:16:49, 키원 샀네요 ,1889,9,0,0
2019-01-31 08:16:59.767546,13114200,16,0,2019-01-30 21:16:49, 키원 샀네요 ,1895,6,0,0
2019-01-31 09:16:51.915790,13114200,16,0,2019-01-30 21:16:49, 키원 샀네요 ,1915,20,0,0
2019-01-31 10:16:56.983778,13114200,16,0,2019-01-30 21:16:49, 키원 샀네요 ,1931,16,0,0
2019-01-31 11:16:49.020172,13114200,16,0,2019-01-30 21:16:49, 키원 샀네요 ,1948,17,0,0
2019-01-31 12:16:54.063422,13114200,16,0,2019-01-30 21:16:49, 키원 샀네요 ,1958,10,0,0
2019-01-31 13:16:59.076909,13114200,16,0,2019-01-30 21:16:49, 키원 샀네요 ,1967,9,0,0
2019-01-31 14:16:51.234927,13114200,16,0,2019-01-30 21:16:49, 키원 샀네요 ,1976,9,0,0
2019-01-31 15:16:56.411490,13114200,16,0,2019-01-30 21:16:49, 키원 샀네요 ,1986,10,0,0
2019-01-31 16:17:01.755789,13114200,16,0,2019-01-30 21:16:49, 키원 샀네요 ,1991,5,0,0
2019-01-31 17:16:54.700085,13114200,16,0,2019-01-30 21:16:49, 키원 샀네요 ,1996,5,0,0
2019-01-31 18:16:59.802325,13114200,16,0,2019-01-30 21:16:49, 키원 샀네요 ,2000,4,0,0
2019-01-31 19:16:52.236088,13114200,16,0,2019-01-30 21:16:49, 키원 샀네요 ,2006,6,0,0
2019-01-31 20:16:57.368696,13114200,16,0,2019-01-30 21:16:49, 키원 샀네요 ,2017,11,0,0
2019-01-31 21:16:49.519227,13114200,16,0,2019-01-30 21:16:49, 키원 샀네요 ,2019,2,0,0
