check_time,id,post_reply,post_symph,post_time,post_title,post_view,post_view_diff,post_reply_diff,post_symph_diff
2019-01-27 22:37:26.218331,13102291,6,1,2019-01-27 21:37:14, 와 KFC 치킨나이트 + 맥주는 혜자군여!! ,1649,1649,6,1
2019-01-27 23:37:18.766475,13102291,6,1,2019-01-27 21:37:14, 와 KFC 치킨나이트 + 맥주는 혜자군여!! ,1917,268,0,0
2019-01-28 00:37:24.190884,13102291,6,1,2019-01-27 21:37:14, 와 KFC 치킨나이트 + 맥주는 혜자군여!! ,1998,81,0,0
2019-01-28 01:37:16.358736,13102291,6,1,2019-01-27 21:37:14, 와 KFC 치킨나이트 + 맥주는 혜자군여!! ,2030,32,0,0
2019-01-28 02:37:21.423507,13102291,6,1,2019-01-27 21:37:14, 와 KFC 치킨나이트 + 맥주는 혜자군여!! ,2047,17,0,0
2019-01-28 03:37:26.530320,13102291,6,1,2019-01-27 21:37:14, 와 KFC 치킨나이트 + 맥주는 혜자군여!! ,2057,10,0,0
2019-01-28 04:37:18.503428,13102291,6,1,2019-01-27 21:37:14, 와 KFC 치킨나이트 + 맥주는 혜자군여!! ,2067,10,0,0
2019-01-28 05:37:23.712124,13102291,6,1,2019-01-27 21:37:14, 와 KFC 치킨나이트 + 맥주는 혜자군여!! ,2075,8,0,0
2019-01-28 06:37:15.921461,13102291,6,1,2019-01-27 21:37:14, 와 KFC 치킨나이트 + 맥주는 혜자군여!! ,2082,7,0,0
2019-01-28 07:37:20.999547,13102291,6,1,2019-01-27 21:37:14, 와 KFC 치킨나이트 + 맥주는 혜자군여!! ,2092,10,0,0
2019-01-28 08:37:26.005661,13102291,6,1,2019-01-27 21:37:14, 와 KFC 치킨나이트 + 맥주는 혜자군여!! ,2105,13,0,0
2019-01-28 09:37:18.006466,13102291,6,1,2019-01-27 21:37:14, 와 KFC 치킨나이트 + 맥주는 혜자군여!! ,2114,9,0,0
2019-01-28 10:37:23.265994,13102291,6,1,2019-01-27 21:37:14, 와 KFC 치킨나이트 + 맥주는 혜자군여!! ,2126,12,0,0
2019-01-28 11:37:15.545726,13102291,6,1,2019-01-27 21:37:14, 와 KFC 치킨나이트 + 맥주는 혜자군여!! ,2133,7,0,0
2019-01-28 12:37:20.807246,13102291,6,1,2019-01-27 21:37:14, 와 KFC 치킨나이트 + 맥주는 혜자군여!! ,2139,6,0,0
2019-01-28 13:37:25.803275,13102291,6,1,2019-01-27 21:37:14, 와 KFC 치킨나이트 + 맥주는 혜자군여!! ,2146,7,0,0
2019-01-28 14:37:17.873619,13102291,6,1,2019-01-27 21:37:14, 와 KFC 치킨나이트 + 맥주는 혜자군여!! ,2147,1,0,0
2019-01-28 15:37:22.940218,13102291,6,1,2019-01-27 21:37:14, 와 KFC 치킨나이트 + 맥주는 혜자군여!! ,2148,1,0,0
2019-01-28 16:37:14.988857,13102291,6,1,2019-01-27 21:37:14, 와 KFC 치킨나이트 + 맥주는 혜자군여!! ,2152,4,0,0
2019-01-28 17:37:20.306016,13102291,6,1,2019-01-27 21:37:14, 와 KFC 치킨나이트 + 맥주는 혜자군여!! ,2157,5,0,0
2019-01-28 18:37:25.440141,13102291,6,1,2019-01-27 21:37:14, 와 KFC 치킨나이트 + 맥주는 혜자군여!! ,2160,3,0,0
2019-01-28 19:37:17.459497,13102291,6,1,2019-01-27 21:37:14, 와 KFC 치킨나이트 + 맥주는 혜자군여!! ,2163,3,0,0
2019-01-28 20:37:22.501140,13102291,6,1,2019-01-27 21:37:14, 와 KFC 치킨나이트 + 맥주는 혜자군여!! ,2169,6,0,0
2019-01-28 21:37:14.495938,13102291,6,1,2019-01-27 21:37:14, 와 KFC 치킨나이트 + 맥주는 혜자군여!! ,2172,3,0,0
