check_time,id,post_reply,post_symph,post_time,post_title,post_view,post_view_diff,post_reply_diff,post_symph_diff
2019-01-24 22:41:39.708789,13091193,16,0,2019-01-24 21:41:31, 명절때마다 등장하는 음란한 쏘세지.jpg ,3908,3908,16,0
2019-01-24 23:41:31.779849,13091193,16,0,2019-01-24 21:41:31, 명절때마다 등장하는 음란한 쏘세지.jpg ,4333,425,0,0
2019-01-25 00:41:36.850155,13091193,16,0,2019-01-24 21:41:31, 명절때마다 등장하는 음란한 쏘세지.jpg ,4654,321,0,0
2019-01-25 01:41:41.878778,13091193,16,0,2019-01-24 21:41:31, 명절때마다 등장하는 음란한 쏘세지.jpg ,4765,111,0,0
2019-01-25 02:41:34.771254,13091193,16,0,2019-01-24 21:41:31, 명절때마다 등장하는 음란한 쏘세지.jpg ,4817,52,0,0
2019-01-25 03:41:39.744382,13091193,16,0,2019-01-24 21:41:31, 명절때마다 등장하는 음란한 쏘세지.jpg ,4846,29,0,0
2019-01-25 04:41:31.801863,13091193,16,0,2019-01-24 21:41:31, 명절때마다 등장하는 음란한 쏘세지.jpg ,4865,19,0,0
2019-01-25 05:41:36.855904,13091193,16,0,2019-01-24 21:41:31, 명절때마다 등장하는 음란한 쏘세지.jpg ,4882,17,0,0
2019-01-25 06:41:41.870131,13091193,16,0,2019-01-24 21:41:31, 명절때마다 등장하는 음란한 쏘세지.jpg ,4906,24,0,0
2019-01-25 07:41:33.952542,13091193,16,0,2019-01-24 21:41:31, 명절때마다 등장하는 음란한 쏘세지.jpg ,4953,47,0,0
2019-01-25 08:41:39.087809,13091193,16,0,2019-01-24 21:41:31, 명절때마다 등장하는 음란한 쏘세지.jpg ,5011,58,0,0
2019-01-25 09:41:31.201221,13091193,16,0,2019-01-24 21:41:31, 명절때마다 등장하는 음란한 쏘세지.jpg ,5052,41,0,0
2019-01-25 10:41:36.331413,13091193,16,0,2019-01-24 21:41:31, 명절때마다 등장하는 음란한 쏘세지.jpg ,5078,26,0,0
2019-01-25 11:41:41.445975,13091193,16,0,2019-01-24 21:41:31, 명절때마다 등장하는 음란한 쏘세지.jpg ,5102,24,0,0
2019-01-25 12:41:33.821038,13091193,16,0,2019-01-24 21:41:31, 명절때마다 등장하는 음란한 쏘세지.jpg ,5114,12,0,0
2019-01-25 13:41:39.276267,13091193,16,0,2019-01-24 21:41:31, 명절때마다 등장하는 음란한 쏘세지.jpg ,5128,14,0,0
2019-01-25 14:41:31.413754,13091193,16,0,2019-01-24 21:41:31, 명절때마다 등장하는 음란한 쏘세지.jpg ,5143,15,0,0
2019-01-25 15:41:36.493362,13091193,16,0,2019-01-24 21:41:31, 명절때마다 등장하는 음란한 쏘세지.jpg ,5159,16,0,0
2019-01-25 16:41:41.533261,13091193,16,0,2019-01-24 21:41:31, 명절때마다 등장하는 음란한 쏘세지.jpg ,5190,31,0,0
2019-01-25 17:41:33.637364,13091193,16,0,2019-01-24 21:41:31, 명절때마다 등장하는 음란한 쏘세지.jpg ,5207,17,0,0
2019-01-25 18:41:38.751479,13091193,16,0,2019-01-24 21:41:31, 명절때마다 등장하는 음란한 쏘세지.jpg ,5217,10,0,0
2019-01-25 19:41:43.871168,13091193,16,0,2019-01-24 21:41:31, 명절때마다 등장하는 음란한 쏘세지.jpg ,5220,3,0,0
2019-01-25 20:41:35.980863,13091193,16,0,2019-01-24 21:41:31, 명절때마다 등장하는 음란한 쏘세지.jpg ,5226,6,0,0
2019-01-25 21:41:41.095473,13091193,16,0,2019-01-24 21:41:31, 명절때마다 등장하는 음란한 쏘세지.jpg ,5234,8,0,0
