check_time,id,post_reply,post_symph,post_time,post_title,post_view,post_view_diff,post_reply_diff,post_symph_diff
2019-01-26 22:07:11.109073,13099087,8,0,2019-01-26 21:07:01, 나고야 스파랜드 놀이기구 장난없더군요.. ,844,844,8,0
2019-01-26 23:07:03.184399,13099087,10,0,2019-01-26 21:07:01, 나고야 스파랜드 놀이기구 장난없더군요.. ,1055,211,2,0
2019-01-27 00:07:08.219894,13099087,10,0,2019-01-26 21:07:01, 나고야 스파랜드 놀이기구 장난없더군요.. ,1130,75,0,0
2019-01-27 01:07:13.307176,13099087,10,0,2019-01-26 21:07:01, 나고야 스파랜드 놀이기구 장난없더군요.. ,1147,17,0,0
2019-01-27 02:07:05.359020,13099087,10,0,2019-01-26 21:07:01, 나고야 스파랜드 놀이기구 장난없더군요.. ,1156,9,0,0
2019-01-27 03:07:10.445560,13099087,10,0,2019-01-26 21:07:01, 나고야 스파랜드 놀이기구 장난없더군요.. ,1171,15,0,0
2019-01-27 04:07:02.612344,13099087,10,0,2019-01-26 21:07:01, 나고야 스파랜드 놀이기구 장난없더군요.. ,1177,6,0,0
2019-01-27 05:07:07.653725,13099087,10,0,2019-01-26 21:07:01, 나고야 스파랜드 놀이기구 장난없더군요.. ,1177,0,0,0
2019-01-27 06:07:12.693863,13099087,10,0,2019-01-26 21:07:01, 나고야 스파랜드 놀이기구 장난없더군요.. ,1180,3,0,0
2019-01-27 07:07:04.774282,13099087,10,0,2019-01-26 21:07:01, 나고야 스파랜드 놀이기구 장난없더군요.. ,1184,4,0,0
2019-01-27 08:07:09.835477,13099087,10,0,2019-01-26 21:07:01, 나고야 스파랜드 놀이기구 장난없더군요.. ,1188,4,0,0
2019-01-27 09:07:02.057247,13099087,10,0,2019-01-26 21:07:01, 나고야 스파랜드 놀이기구 장난없더군요.. ,1196,8,0,0
2019-01-27 10:07:07.131602,13099087,10,0,2019-01-26 21:07:01, 나고야 스파랜드 놀이기구 장난없더군요.. ,1207,11,0,0
2019-01-27 11:07:12.204519,13099087,10,0,2019-01-26 21:07:01, 나고야 스파랜드 놀이기구 장난없더군요.. ,1212,5,0,0
2019-01-27 12:07:04.344152,13099087,10,0,2019-01-26 21:07:01, 나고야 스파랜드 놀이기구 장난없더군요.. ,1213,1,0,0
2019-01-27 13:07:09.511207,13099087,10,0,2019-01-26 21:07:01, 나고야 스파랜드 놀이기구 장난없더군요.. ,1216,3,0,0
2019-01-27 14:07:01.624034,13099087,10,0,2019-01-26 21:07:01, 나고야 스파랜드 놀이기구 장난없더군요.. ,1218,2,0,0
2019-01-27 15:07:06.643981,13099087,10,0,2019-01-26 21:07:01, 나고야 스파랜드 놀이기구 장난없더군요.. ,1220,2,0,0
2019-01-27 16:07:11.694744,13099087,10,0,2019-01-26 21:07:01, 나고야 스파랜드 놀이기구 장난없더군요.. ,1221,1,0,0
2019-01-27 17:07:03.730511,13099087,10,0,2019-01-26 21:07:01, 나고야 스파랜드 놀이기구 장난없더군요.. ,1224,3,0,0
2019-01-27 18:07:08.792006,13099087,10,0,2019-01-26 21:07:01, 나고야 스파랜드 놀이기구 장난없더군요.. ,1225,1,0,0
2019-01-27 19:07:13.905438,13099087,10,0,2019-01-26 21:07:01, 나고야 스파랜드 놀이기구 장난없더군요.. ,1228,3,0,0
2019-01-27 20:07:05.927046,13099087,10,0,2019-01-26 21:07:01, 나고야 스파랜드 놀이기구 장난없더군요.. ,1229,1,0,0
2019-01-27 21:07:11.049971,13099087,10,0,2019-01-26 21:07:01, 나고야 스파랜드 놀이기구 장난없더군요.. ,1232,3,0,0
