check_time,id,post_reply,post_symph,post_time,post_title,post_view,post_view_diff,post_reply_diff,post_symph_diff
2019-01-24 00:42:00.753032,13087318,17,1,2019-01-23 23:41:50, 피임이 어려웠어요 ,3203,3203,17,1
2019-01-24 01:41:52.883254,13087318,17,1,2019-01-23 23:41:50, 피임이 어려웠어요 ,3602,399,0,0
2019-01-24 02:41:58.017290,13087318,17,1,2019-01-23 23:41:50, 피임이 어려웠어요 ,3785,183,0,0
2019-01-24 03:41:50.153746,13087318,17,1,2019-01-23 23:41:50, 피임이 어려웠어요 ,3875,90,0,0
2019-01-24 04:41:55.123975,13087318,17,1,2019-01-23 23:41:50, 피임이 어려웠어요 ,3961,86,0,0
2019-01-24 05:42:00.347506,13087318,17,1,2019-01-23 23:41:50, 피임이 어려웠어요 ,4036,75,0,0
2019-01-24 06:41:52.321387,13087318,17,1,2019-01-23 23:41:50, 피임이 어려웠어요 ,4178,142,0,0
2019-01-24 07:41:57.333773,13087318,17,1,2019-01-23 23:41:50, 피임이 어려웠어요 ,4385,207,0,0
2019-01-24 08:42:02.410991,13087318,17,1,2019-01-23 23:41:50, 피임이 어려웠어요 ,4603,218,0,0
2019-01-24 09:41:54.435756,13087318,17,1,2019-01-23 23:41:50, 피임이 어려웠어요 ,4759,156,0,0
2019-01-24 10:41:59.488741,13087318,17,1,2019-01-23 23:41:50, 피임이 어려웠어요 ,4828,69,0,0
2019-01-24 11:41:51.694807,13087318,17,1,2019-01-23 23:41:50, 피임이 어려웠어요 ,4883,55,0,0
2019-01-24 12:41:56.770227,13087318,17,1,2019-01-23 23:41:50, 피임이 어려웠어요 ,4907,24,0,0
2019-01-24 13:42:01.770322,13087318,17,1,2019-01-23 23:41:50, 피임이 어려웠어요 ,4928,21,0,0
2019-01-24 14:41:53.720131,13087318,17,1,2019-01-23 23:41:50, 피임이 어려웠어요 ,4938,10,0,0
2019-01-24 15:41:58.743375,13087318,17,1,2019-01-23 23:41:50, 피임이 어려웠어요 ,4949,11,0,0
2019-01-24 16:41:50.730056,13087318,17,1,2019-01-23 23:41:50, 피임이 어려웠어요 ,4955,6,0,0
2019-01-24 17:41:55.769310,13087318,17,1,2019-01-23 23:41:50, 피임이 어려웠어요 ,4959,4,0,0
2019-01-24 18:42:00.833783,13087318,17,1,2019-01-23 23:41:50, 피임이 어려웠어요 ,4963,4,0,0
2019-01-24 19:41:52.883975,13087318,17,1,2019-01-23 23:41:50, 피임이 어려웠어요 ,4967,4,0,0
2019-01-24 20:41:57.927017,13087318,17,1,2019-01-23 23:41:50, 피임이 어려웠어요 ,4970,3,0,0
2019-01-24 21:41:50.017865,13087318,17,1,2019-01-23 23:41:50, 피임이 어려웠어요 ,4975,5,0,0
2019-01-24 22:41:55.102015,13087318,17,1,2019-01-23 23:41:50, 피임이 어려웠어요 ,4978,3,0,0
2019-01-24 23:42:00.189946,13087318,17,1,2019-01-23 23:41:50, 피임이 어려웠어요 ,4988,10,0,0
