check_time,id,post_reply,post_symph,post_time,post_title,post_view,post_view_diff,post_reply_diff,post_symph_diff
2019-01-28 00:31:04.036996,13102666,5,8,2019-01-27 23:31:01, 진짜 스트레이트 보는데 뒷목잡게 만드네요 ,1096,1096,5,8
2019-01-28 01:31:09.060291,13102666,5,8,2019-01-27 23:31:01, 진짜 스트레이트 보는데 뒷목잡게 만드네요 ,1214,118,0,0
2019-01-28 02:31:01.040325,13102666,5,8,2019-01-27 23:31:01, 진짜 스트레이트 보는데 뒷목잡게 만드네요 ,1254,40,0,0
2019-01-28 03:31:06.052397,13102666,5,8,2019-01-27 23:31:01, 진짜 스트레이트 보는데 뒷목잡게 만드네요 ,1279,25,0,0
2019-01-28 04:31:11.121800,13102666,5,8,2019-01-27 23:31:01, 진짜 스트레이트 보는데 뒷목잡게 만드네요 ,1292,13,0,0
2019-01-28 05:31:03.123379,13102666,5,8,2019-01-27 23:31:01, 진짜 스트레이트 보는데 뒷목잡게 만드네요 ,1311,19,0,0
2019-01-28 06:31:08.174018,13102666,5,8,2019-01-27 23:31:01, 진짜 스트레이트 보는데 뒷목잡게 만드네요 ,1330,19,0,0
2019-01-28 07:31:13.209668,13102666,5,8,2019-01-27 23:31:01, 진짜 스트레이트 보는데 뒷목잡게 만드네요 ,1359,29,0,0
2019-01-28 08:31:05.173552,13102666,5,8,2019-01-27 23:31:01, 진짜 스트레이트 보는데 뒷목잡게 만드네요 ,1412,53,0,0
2019-01-28 09:31:10.198860,13102666,5,9,2019-01-27 23:31:01, 진짜 스트레이트 보는데 뒷목잡게 만드네요 ,1447,35,0,1
2019-01-28 10:31:02.210043,13102666,5,9,2019-01-27 23:31:01, 진짜 스트레이트 보는데 뒷목잡게 만드네요 ,1467,20,0,0
2019-01-28 11:31:07.341741,13102666,5,9,2019-01-27 23:31:01, 진짜 스트레이트 보는데 뒷목잡게 만드네요 ,1479,12,0,0
2019-01-28 12:31:12.333473,13102666,5,9,2019-01-27 23:31:01, 진짜 스트레이트 보는데 뒷목잡게 만드네요 ,1487,8,0,0
2019-01-28 13:31:04.506924,13102666,5,9,2019-01-27 23:31:01, 진짜 스트레이트 보는데 뒷목잡게 만드네요 ,1493,6,0,0
2019-01-28 14:31:09.533721,13102666,5,9,2019-01-27 23:31:01, 진짜 스트레이트 보는데 뒷목잡게 만드네요 ,1499,6,0,0
2019-01-28 15:31:01.480818,13102666,5,9,2019-01-27 23:31:01, 진짜 스트레이트 보는데 뒷목잡게 만드네요 ,1509,10,0,0
2019-01-28 16:31:06.480138,13102666,5,9,2019-01-27 23:31:01, 진짜 스트레이트 보는데 뒷목잡게 만드네요 ,1520,11,0,0
2019-01-28 17:31:11.627765,13102666,5,9,2019-01-27 23:31:01, 진짜 스트레이트 보는데 뒷목잡게 만드네요 ,1522,2,0,0
2019-01-28 18:31:03.657595,13102666,5,9,2019-01-27 23:31:01, 진짜 스트레이트 보는데 뒷목잡게 만드네요 ,1526,4,0,0
2019-01-28 19:31:08.750852,13102666,5,9,2019-01-27 23:31:01, 진짜 스트레이트 보는데 뒷목잡게 만드네요 ,1528,2,0,0
2019-01-28 20:31:01.010797,13102666,5,9,2019-01-27 23:31:01, 진짜 스트레이트 보는데 뒷목잡게 만드네요 ,1530,2,0,0
2019-01-28 21:31:06.075182,13102666,5,9,2019-01-27 23:31:01, 진짜 스트레이트 보는데 뒷목잡게 만드네요 ,1534,4,0,0
2019-01-28 22:31:11.181685,13102666,5,10,2019-01-27 23:31:01, 진짜 스트레이트 보는데 뒷목잡게 만드네요 ,1537,3,0,1
2019-01-28 23:31:03.323440,13102666,5,10,2019-01-27 23:31:01, 진짜 스트레이트 보는데 뒷목잡게 만드네요 ,1541,4,0,0
