check_time,id,post_reply,post_symph,post_time,post_title,post_view,post_view_diff,post_reply_diff,post_symph_diff
2019-01-26 00:42:28.486382,13096064,3,0,2019-01-25 23:42:19, 손흥민 왜 쓰는 건지요? ,1930,1930,3,0
2019-01-26 01:42:20.850028,13096064,3,0,2019-01-25 23:42:19, 손흥민 왜 쓰는 건지요? ,1946,16,0,0
2019-01-26 02:42:25.966802,13096064,3,0,2019-01-25 23:42:19, 손흥민 왜 쓰는 건지요? ,1949,3,0,0
2019-01-26 03:42:31.038455,13096064,3,0,2019-01-25 23:42:19, 손흥민 왜 쓰는 건지요? ,1952,3,0,0
2019-01-26 04:42:23.143869,13096064,3,0,2019-01-25 23:42:19, 손흥민 왜 쓰는 건지요? ,1956,4,0,0
2019-01-26 05:42:28.166231,13096064,3,0,2019-01-25 23:42:19, 손흥민 왜 쓰는 건지요? ,1958,2,0,0
2019-01-26 06:42:20.196362,13096064,3,0,2019-01-25 23:42:19, 손흥민 왜 쓰는 건지요? ,1963,5,0,0
2019-01-26 07:42:25.705798,13096064,3,0,2019-01-25 23:42:19, 손흥민 왜 쓰는 건지요? ,1966,3,0,0
2019-01-26 08:42:30.778820,13096064,3,0,2019-01-25 23:42:19, 손흥민 왜 쓰는 건지요? ,1969,3,0,0
2019-01-26 09:42:22.829672,13096064,3,0,2019-01-25 23:42:19, 손흥민 왜 쓰는 건지요? ,1971,2,0,0
2019-01-26 10:42:27.957687,13096064,3,0,2019-01-25 23:42:19, 손흥민 왜 쓰는 건지요? ,1975,4,0,0
2019-01-26 11:42:20.076971,13096064,3,0,2019-01-25 23:42:19, 손흥민 왜 쓰는 건지요? ,1977,2,0,0
2019-01-26 12:42:25.158882,13096064,3,0,2019-01-25 23:42:19, 손흥민 왜 쓰는 건지요? ,1978,1,0,0
2019-01-26 13:42:30.299589,13096064,3,0,2019-01-25 23:42:19, 손흥민 왜 쓰는 건지요? ,1979,1,0,0
2019-01-26 14:42:22.357223,13096064,3,0,2019-01-25 23:42:19, 손흥민 왜 쓰는 건지요? ,1980,1,0,0
2019-01-26 15:42:27.471179,13096064,3,0,2019-01-25 23:42:19, 손흥민 왜 쓰는 건지요? ,1982,2,0,0
2019-01-26 16:42:19.586726,13096064,3,0,2019-01-25 23:42:19, 손흥민 왜 쓰는 건지요? ,1983,1,0,0
2019-01-26 17:42:24.720874,13096064,3,0,2019-01-25 23:42:19, 손흥민 왜 쓰는 건지요? ,1984,1,0,0
2019-01-26 18:42:29.838925,13096064,3,0,2019-01-25 23:42:19, 손흥민 왜 쓰는 건지요? ,1987,3,0,0
2019-01-26 19:42:21.976626,13096064,3,0,2019-01-25 23:42:19, 손흥민 왜 쓰는 건지요? ,1991,4,0,0
2019-01-26 20:42:27.098659,13096064,3,0,2019-01-25 23:42:19, 손흥민 왜 쓰는 건지요? ,1992,1,0,0
2019-01-26 21:42:19.281061,13096064,3,0,2019-01-25 23:42:19, 손흥민 왜 쓰는 건지요? ,1994,2,0,0
2019-01-26 22:42:24.644632,13096064,3,0,2019-01-25 23:42:19, 손흥민 왜 쓰는 건지요? ,1996,2,0,0
2019-01-26 23:42:29.801469,13096064,3,0,2019-01-25 23:42:19, 손흥민 왜 쓰는 건지요? ,1998,2,0,0
