check_time,id,post_reply,post_symph,post_time,post_title,post_view,post_view_diff,post_reply_diff,post_symph_diff
2019-01-24 00:36:59.663698,13087307,11,32,2019-01-23 23:36:58, 연합뉴스가 손혜원 기사를 조작하는 방식 ,2138,2138,11,32
2019-01-24 01:37:04.733268,13087307,13,42,2019-01-23 23:36:58, 연합뉴스가 손혜원 기사를 조작하는 방식 ,2502,364,2,10
2019-01-24 02:37:09.782308,13087307,14,46,2019-01-23 23:36:58, 연합뉴스가 손혜원 기사를 조작하는 방식 ,2664,162,1,4
2019-01-24 03:37:01.846851,13087307,14,48,2019-01-23 23:36:58, 연합뉴스가 손혜원 기사를 조작하는 방식 ,2738,74,0,2
2019-01-24 04:37:06.923774,13087307,15,50,2019-01-23 23:36:58, 연합뉴스가 손혜원 기사를 조작하는 방식 ,2811,73,1,2
2019-01-24 05:36:58.913832,13087307,15,51,2019-01-23 23:36:58, 연합뉴스가 손혜원 기사를 조작하는 방식 ,2910,99,0,1
2019-01-24 06:37:04.009005,13087307,16,53,2019-01-23 23:36:58, 연합뉴스가 손혜원 기사를 조작하는 방식 ,3082,172,1,2
2019-01-24 07:37:09.068315,13087307,16,58,2019-01-23 23:36:58, 연합뉴스가 손혜원 기사를 조작하는 방식 ,3815,733,0,5
2019-01-24 08:37:01.190511,13087307,21,98,2019-01-23 23:36:58, 연합뉴스가 손혜원 기사를 조작하는 방식 ,6267,2452,5,40
2019-01-24 09:37:06.320916,13087307,25,131,2019-01-23 23:36:58, 연합뉴스가 손혜원 기사를 조작하는 방식 ,8533,2266,4,33
2019-01-24 10:36:58.709776,13087307,28,162,2019-01-23 23:36:58, 연합뉴스가 손혜원 기사를 조작하는 방식 ,10658,2125,3,31
2019-01-24 11:37:03.774857,13087307,32,190,2019-01-23 23:36:58, 연합뉴스가 손혜원 기사를 조작하는 방식 ,12334,1676,4,28
2019-01-24 12:37:08.862804,13087307,32,191,2019-01-23 23:36:58, 연합뉴스가 손혜원 기사를 조작하는 방식 ,12450,116,0,1
2019-01-24 13:37:01.096083,13087307,33,192,2019-01-23 23:36:58, 연합뉴스가 손혜원 기사를 조작하는 방식 ,12523,73,1,1
2019-01-24 14:37:06.221715,13087307,33,192,2019-01-23 23:36:58, 연합뉴스가 손혜원 기사를 조작하는 방식 ,12562,39,0,0
2019-01-24 15:36:58.231199,13087307,33,192,2019-01-23 23:36:58, 연합뉴스가 손혜원 기사를 조작하는 방식 ,12621,59,0,0
2019-01-24 16:37:03.406826,13087307,33,192,2019-01-23 23:36:58, 연합뉴스가 손혜원 기사를 조작하는 방식 ,12652,31,0,0
2019-01-24 17:37:08.579614,13087307,33,192,2019-01-23 23:36:58, 연합뉴스가 손혜원 기사를 조작하는 방식 ,12698,46,0,0
2019-01-24 18:37:00.641473,13087307,33,192,2019-01-23 23:36:58, 연합뉴스가 손혜원 기사를 조작하는 방식 ,12723,25,0,0
2019-01-24 19:37:05.985346,13087307,33,195,2019-01-23 23:36:58, 연합뉴스가 손혜원 기사를 조작하는 방식 ,12762,39,0,3
2019-01-24 20:36:58.120086,13087307,33,196,2019-01-23 23:36:58, 연합뉴스가 손혜원 기사를 조작하는 방식 ,12785,23,0,1
2019-01-24 21:37:03.282126,13087307,33,197,2019-01-23 23:36:58, 연합뉴스가 손혜원 기사를 조작하는 방식 ,12801,16,0,1
2019-01-24 22:37:08.414912,13087307,33,197,2019-01-23 23:36:58, 연합뉴스가 손혜원 기사를 조작하는 방식 ,12812,11,0,0
2019-01-24 23:37:00.404024,13087307,33,197,2019-01-23 23:36:58, 연합뉴스가 손혜원 기사를 조작하는 방식 ,12825,13,0,0
