check_time,id,post_reply,post_symph,post_time,post_title,post_view,post_view_diff,post_reply_diff,post_symph_diff
2019-01-30 00:11:07.724827,13110099,11,0,2019-01-29 23:11:02, 해운대 모텔입니다 ,3318,3318,11,0
2019-01-30 01:11:12.865168,13110099,11,0,2019-01-29 23:11:02, 해운대 모텔입니다 ,3873,555,0,0
2019-01-30 02:11:05.012361,13110099,12,0,2019-01-29 23:11:02, 해운대 모텔입니다 ,4139,266,1,0
2019-01-30 03:11:10.136311,13110099,12,0,2019-01-29 23:11:02, 해운대 모텔입니다 ,4270,131,0,0
2019-01-30 04:11:02.096744,13110099,12,0,2019-01-29 23:11:02, 해운대 모텔입니다 ,4361,91,0,0
2019-01-30 05:11:07.126490,13110099,12,0,2019-01-29 23:11:02, 해운대 모텔입니다 ,4432,71,0,0
2019-01-30 06:11:12.104012,13110099,12,0,2019-01-29 23:11:02, 해운대 모텔입니다 ,4509,77,0,0
2019-01-30 07:11:04.096878,13110099,12,0,2019-01-29 23:11:02, 해운대 모텔입니다 ,4630,121,0,0
2019-01-30 08:11:09.096996,13110099,12,0,2019-01-29 23:11:02, 해운대 모텔입니다 ,4789,159,0,0
2019-01-30 09:11:14.116277,13110099,12,0,2019-01-29 23:11:02, 해운대 모텔입니다 ,4929,140,0,0
2019-01-30 10:11:06.150955,13110099,12,0,2019-01-29 23:11:02, 해운대 모텔입니다 ,4995,66,0,0
2019-01-30 11:11:11.149959,13110099,12,0,2019-01-29 23:11:02, 해운대 모텔입니다 ,5028,33,0,0
2019-01-30 12:11:03.177203,13110099,12,0,2019-01-29 23:11:02, 해운대 모텔입니다 ,5044,16,0,0
2019-01-30 13:11:08.216479,13110099,12,0,2019-01-29 23:11:02, 해운대 모텔입니다 ,5066,22,0,0
2019-01-30 14:11:13.256106,13110099,12,0,2019-01-29 23:11:02, 해운대 모텔입니다 ,5077,11,0,0
2019-01-30 15:11:05.282747,13110099,12,0,2019-01-29 23:11:02, 해운대 모텔입니다 ,5094,17,0,0
2019-01-30 16:11:10.400440,13110099,12,0,2019-01-29 23:11:02, 해운대 모텔입니다 ,5098,4,0,0
2019-01-30 17:11:02.693300,13110099,12,0,2019-01-29 23:11:02, 해운대 모텔입니다 ,5106,8,0,0
2019-01-30 18:11:07.716409,13110099,12,0,2019-01-29 23:11:02, 해운대 모텔입니다 ,5107,1,0,0
2019-01-30 19:11:12.717655,13110099,12,0,2019-01-29 23:11:02, 해운대 모텔입니다 ,5111,4,0,0
2019-01-30 20:11:04.783288,13110099,12,0,2019-01-29 23:11:02, 해운대 모텔입니다 ,5116,5,0,0
2019-01-30 21:11:09.797172,13110099,12,0,2019-01-29 23:11:02, 해운대 모텔입니다 ,5122,6,0,0
2019-01-30 22:11:14.821502,13110099,12,0,2019-01-29 23:11:02, 해운대 모텔입니다 ,5122,0,0,0
2019-01-30 23:11:06.783285,13110099,12,0,2019-01-29 23:11:02, 해운대 모텔입니다 ,5124,2,0,0
