check_time,id,post_reply,post_symph,post_time,post_title,post_view,post_view_diff,post_reply_diff,post_symph_diff
2019-01-26 00:52:22.190536,13096181,7,0,2019-01-25 23:52:14, 침대축구가 최고다 진짜 ,789,789,7,0
2019-01-26 01:52:14.248914,13096181,7,0,2019-01-25 23:52:14, 침대축구가 최고다 진짜 ,798,9,0,0
2019-01-26 02:52:20.060023,13096181,7,0,2019-01-25 23:52:14, 침대축구가 최고다 진짜 ,801,3,0,0
2019-01-26 03:52:25.119593,13096181,7,0,2019-01-25 23:52:14, 침대축구가 최고다 진짜 ,802,1,0,0
2019-01-26 04:52:17.159879,13096181,7,0,2019-01-25 23:52:14, 침대축구가 최고다 진짜 ,803,1,0,0
2019-01-26 05:52:22.212084,13096181,7,0,2019-01-25 23:52:14, 침대축구가 최고다 진짜 ,805,2,0,0
2019-01-26 06:52:14.171604,13096181,7,0,2019-01-25 23:52:14, 침대축구가 최고다 진짜 ,811,6,0,0
2019-01-26 07:52:19.175652,13096181,7,0,2019-01-25 23:52:14, 침대축구가 최고다 진짜 ,815,4,0,0
2019-01-26 08:52:24.249231,13096181,7,0,2019-01-25 23:52:14, 침대축구가 최고다 진짜 ,819,4,0,0
2019-01-26 09:52:16.307253,13096181,7,0,2019-01-25 23:52:14, 침대축구가 최고다 진짜 ,822,3,0,0
2019-01-26 10:52:21.355654,13096181,7,0,2019-01-25 23:52:14, 침대축구가 최고다 진짜 ,824,2,0,0
2019-01-26 11:52:26.448552,13096181,7,0,2019-01-25 23:52:14, 침대축구가 최고다 진짜 ,825,1,0,0
2019-01-26 12:52:18.484719,13096181,7,0,2019-01-25 23:52:14, 침대축구가 최고다 진짜 ,827,2,0,0
2019-01-26 13:52:23.549618,13096181,7,0,2019-01-25 23:52:14, 침대축구가 최고다 진짜 ,829,2,0,0
2019-01-26 14:52:15.536383,13096181,7,0,2019-01-25 23:52:14, 침대축구가 최고다 진짜 ,830,1,0,0
2019-01-26 15:52:20.839105,13096181,7,0,2019-01-25 23:52:14, 침대축구가 최고다 진짜 ,831,1,0,0
2019-01-26 16:52:25.860653,13096181,7,0,2019-01-25 23:52:14, 침대축구가 최고다 진짜 ,834,3,0,0
2019-01-26 17:52:17.931143,13096181,7,0,2019-01-25 23:52:14, 침대축구가 최고다 진짜 ,838,4,0,0
2019-01-26 18:52:23.052610,13096181,7,0,2019-01-25 23:52:14, 침대축구가 최고다 진짜 ,840,2,0,0
2019-01-26 19:52:15.156817,13096181,7,0,2019-01-25 23:52:14, 침대축구가 최고다 진짜 ,843,3,0,0
2019-01-26 20:52:20.249673,13096181,7,0,2019-01-25 23:52:14, 침대축구가 최고다 진짜 ,845,2,0,0
2019-01-26 21:52:25.365594,13096181,7,0,2019-01-25 23:52:14, 침대축구가 최고다 진짜 ,847,2,0,0
2019-01-26 22:52:17.457394,13096181,7,0,2019-01-25 23:52:14, 침대축구가 최고다 진짜 ,848,1,0,0
2019-01-26 23:52:22.513856,13096181,7,0,2019-01-25 23:52:14, 침대축구가 최고다 진짜 ,851,3,0,0
