check_time,id,post_reply,post_symph,post_time,post_title,post_view,post_view_diff,post_reply_diff,post_symph_diff
2019-01-28 00:17:14.089277,13102618,11,0,2019-01-27 23:17:09, 구급차 타본 후기 ,1332,1332,11,0
2019-01-28 01:17:19.198378,13102618,11,0,2019-01-27 23:17:09, 구급차 타본 후기 ,1527,195,0,0
2019-01-28 02:17:11.289979,13102618,11,0,2019-01-27 23:17:09, 구급차 타본 후기 ,1585,58,0,0
2019-01-28 03:17:16.322555,13102618,11,0,2019-01-27 23:17:09, 구급차 타본 후기 ,1613,28,0,0
2019-01-28 04:17:21.361265,13102618,11,0,2019-01-27 23:17:09, 구급차 타본 후기 ,1633,20,0,0
2019-01-28 05:17:13.420125,13102618,11,0,2019-01-27 23:17:09, 구급차 타본 후기 ,1650,17,0,0
2019-01-28 06:17:18.530489,13102618,11,0,2019-01-27 23:17:09, 구급차 타본 후기 ,1671,21,0,0
2019-01-28 07:17:10.574302,13102618,11,0,2019-01-27 23:17:09, 구급차 타본 후기 ,1698,27,0,0
2019-01-28 08:17:15.678626,13102618,11,0,2019-01-27 23:17:09, 구급차 타본 후기 ,1736,38,0,0
2019-01-28 09:17:20.798339,13102618,11,0,2019-01-27 23:17:09, 구급차 타본 후기 ,1773,37,0,0
2019-01-28 10:17:12.980102,13102618,11,0,2019-01-27 23:17:09, 구급차 타본 후기 ,1785,12,0,0
2019-01-28 11:17:18.023854,13102618,11,0,2019-01-27 23:17:09, 구급차 타본 후기 ,1790,5,0,0
2019-01-28 12:17:10.063889,13102618,11,0,2019-01-27 23:17:09, 구급차 타본 후기 ,1802,12,0,0
2019-01-28 13:17:15.356129,13102618,11,0,2019-01-27 23:17:09, 구급차 타본 후기 ,1809,7,0,0
2019-01-28 14:17:20.366619,13102618,11,0,2019-01-27 23:17:09, 구급차 타본 후기 ,1812,3,0,0
2019-01-28 15:17:13.343646,13102618,11,0,2019-01-27 23:17:09, 구급차 타본 후기 ,1815,3,0,0
2019-01-28 16:17:18.450270,13102618,11,0,2019-01-27 23:17:09, 구급차 타본 후기 ,1817,2,0,0
2019-01-28 17:17:10.506858,13102618,11,0,2019-01-27 23:17:09, 구급차 타본 후기 ,1819,2,0,0
2019-01-28 18:17:15.600132,13102618,11,0,2019-01-27 23:17:09, 구급차 타본 후기 ,1821,2,0,0
2019-01-28 19:17:20.628585,13102618,11,0,2019-01-27 23:17:09, 구급차 타본 후기 ,1823,2,0,0
2019-01-28 20:17:12.653857,13102618,11,0,2019-01-27 23:17:09, 구급차 타본 후기 ,1826,3,0,0
2019-01-28 21:17:17.690121,13102618,11,0,2019-01-27 23:17:09, 구급차 타본 후기 ,1827,1,0,0
2019-01-28 22:17:10.083361,13102618,11,0,2019-01-27 23:17:09, 구급차 타본 후기 ,1830,3,0,0
2019-01-28 23:17:15.119801,13102618,11,0,2019-01-27 23:17:09, 구급차 타본 후기 ,1832,2,0,0
