check_time,id,post_reply,post_symph,post_time,post_title,post_view,post_view_diff,post_reply_diff,post_symph_diff
2019-01-24 00:17:12.864214,13087245,4,0,2019-01-23 23:17:02, 골목식당 방학 때 경희대 앞 답사? ,1064,1064,4,0
2019-01-24 01:17:05.237375,13087245,4,0,2019-01-23 23:17:02, 골목식당 방학 때 경희대 앞 답사? ,1183,119,0,0
2019-01-24 02:17:10.379029,13087245,4,0,2019-01-23 23:17:02, 골목식당 방학 때 경희대 앞 답사? ,1212,29,0,0
2019-01-24 03:17:02.451669,13087245,4,0,2019-01-23 23:17:02, 골목식당 방학 때 경희대 앞 답사? ,1229,17,0,0
2019-01-24 04:17:07.555448,13087245,4,0,2019-01-23 23:17:02, 골목식당 방학 때 경희대 앞 답사? ,1240,11,0,0
2019-01-24 05:17:12.609872,13087245,4,0,2019-01-23 23:17:02, 골목식당 방학 때 경희대 앞 답사? ,1249,9,0,0
2019-01-24 06:17:04.750358,13087245,4,0,2019-01-23 23:17:02, 골목식당 방학 때 경희대 앞 답사? ,1265,16,0,0
2019-01-24 07:17:09.892581,13087245,4,0,2019-01-23 23:17:02, 골목식당 방학 때 경희대 앞 답사? ,1289,24,0,0
2019-01-24 08:17:02.345699,13087245,4,0,2019-01-23 23:17:02, 골목식당 방학 때 경희대 앞 답사? ,1310,21,0,0
2019-01-24 09:17:08.298785,13087245,4,0,2019-01-23 23:17:02, 골목식당 방학 때 경희대 앞 답사? ,1330,20,0,0
2019-01-24 10:17:13.677644,13087245,4,0,2019-01-23 23:17:02, 골목식당 방학 때 경희대 앞 답사? ,1352,22,0,0
2019-01-24 11:17:05.709857,13087245,4,0,2019-01-23 23:17:02, 골목식당 방학 때 경희대 앞 답사? ,1363,11,0,0
2019-01-24 12:17:10.692894,13087245,4,0,2019-01-23 23:17:02, 골목식당 방학 때 경희대 앞 답사? ,1373,10,0,0
2019-01-24 13:17:02.742293,13087245,4,0,2019-01-23 23:17:02, 골목식당 방학 때 경희대 앞 답사? ,1384,11,0,0
2019-01-24 14:17:07.768831,13087245,4,0,2019-01-23 23:17:02, 골목식당 방학 때 경희대 앞 답사? ,1391,7,0,0
2019-01-24 15:17:12.956126,13087245,4,0,2019-01-23 23:17:02, 골목식당 방학 때 경희대 앞 답사? ,1398,7,0,0
2019-01-24 16:17:04.975923,13087245,4,0,2019-01-23 23:17:02, 골목식당 방학 때 경희대 앞 답사? ,1403,5,0,0
2019-01-24 17:17:10.969052,13087245,4,0,2019-01-23 23:17:02, 골목식당 방학 때 경희대 앞 답사? ,1408,5,0,0
2019-01-24 18:17:03.612263,13087245,4,0,2019-01-23 23:17:02, 골목식당 방학 때 경희대 앞 답사? ,1411,3,0,0
2019-01-24 19:17:09.254512,13087245,4,0,2019-01-23 23:17:02, 골목식당 방학 때 경희대 앞 답사? ,1415,4,0,0
2019-01-24 20:17:02.008397,13087245,4,0,2019-01-23 23:17:02, 골목식당 방학 때 경희대 앞 답사? ,1417,2,0,0
2019-01-24 21:17:07.914200,13087245,4,0,2019-01-23 23:17:02, 골목식당 방학 때 경희대 앞 답사? ,1421,4,0,0
2019-01-24 22:17:14.086208,13087245,4,0,2019-01-23 23:17:02, 골목식당 방학 때 경희대 앞 답사? ,1427,6,0,0
2019-01-24 23:17:06.428942,13087245,4,0,2019-01-23 23:17:02, 골목식당 방학 때 경희대 앞 답사? ,1431,4,0,0
