check_time,id,post_reply,post_symph,post_time,post_title,post_view,post_view_diff,post_reply_diff,post_symph_diff
2019-01-25 00:12:02.296729,13091634,1,0,2019-01-24 23:11:59, LOL) 젠지는 안되겠네요.... ,355,355,1,0
2019-01-25 01:12:07.401339,13091634,1,0,2019-01-24 23:11:59, LOL) 젠지는 안되겠네요.... ,385,30,0,0
2019-01-25 02:11:59.499435,13091634,1,0,2019-01-24 23:11:59, LOL) 젠지는 안되겠네요.... ,396,11,0,0
2019-01-25 03:12:04.959213,13091634,1,0,2019-01-24 23:11:59, LOL) 젠지는 안되겠네요.... ,401,5,0,0
2019-01-25 04:12:10.082528,13091634,1,0,2019-01-24 23:11:59, LOL) 젠지는 안되겠네요.... ,405,4,0,0
2019-01-25 05:12:02.198038,13091634,1,0,2019-01-24 23:11:59, LOL) 젠지는 안되겠네요.... ,406,1,0,0
2019-01-25 06:12:07.351707,13091634,1,0,2019-01-24 23:11:59, LOL) 젠지는 안되겠네요.... ,410,4,0,0
2019-01-25 07:11:59.642633,13091634,1,0,2019-01-24 23:11:59, LOL) 젠지는 안되겠네요.... ,416,6,0,0
2019-01-25 08:12:05.197088,13091634,1,0,2019-01-24 23:11:59, LOL) 젠지는 안되겠네요.... ,422,6,0,0
2019-01-25 09:12:10.329608,13091634,1,0,2019-01-24 23:11:59, LOL) 젠지는 안되겠네요.... ,428,6,0,0
2019-01-25 10:12:02.413717,13091634,1,0,2019-01-24 23:11:59, LOL) 젠지는 안되겠네요.... ,433,5,0,0
2019-01-25 11:12:09.235313,13091634,1,0,2019-01-24 23:11:59, LOL) 젠지는 안되겠네요.... ,435,2,0,0
2019-01-25 12:12:01.351217,13091634,1,0,2019-01-24 23:11:59, LOL) 젠지는 안되겠네요.... ,435,0,0,0
2019-01-25 13:12:06.516976,13091634,1,0,2019-01-24 23:11:59, LOL) 젠지는 안되겠네요.... ,437,2,0,0
2019-01-25 14:12:11.665635,13091634,1,0,2019-01-24 23:11:59, LOL) 젠지는 안되겠네요.... ,439,2,0,0
2019-01-25 15:12:03.774861,13091634,1,0,2019-01-24 23:11:59, LOL) 젠지는 안되겠네요.... ,441,2,0,0
2019-01-25 16:12:09.013929,13091634,1,0,2019-01-24 23:11:59, LOL) 젠지는 안되겠네요.... ,442,1,0,0
2019-01-25 17:12:01.046730,13091634,1,0,2019-01-24 23:11:59, LOL) 젠지는 안되겠네요.... ,443,1,0,0
2019-01-25 18:12:06.071053,13091634,1,0,2019-01-24 23:11:59, LOL) 젠지는 안되겠네요.... ,444,1,0,0
2019-01-25 19:12:11.053212,13091634,1,0,2019-01-24 23:11:59, LOL) 젠지는 안되겠네요.... ,446,2,0,0
2019-01-25 20:12:03.360253,13091634,1,0,2019-01-24 23:11:59, LOL) 젠지는 안되겠네요.... ,447,1,0,0
2019-01-25 21:12:08.475101,13091634,1,0,2019-01-24 23:11:59, LOL) 젠지는 안되겠네요.... ,448,1,0,0
2019-01-25 22:12:00.527953,13091634,1,0,2019-01-24 23:11:59, LOL) 젠지는 안되겠네요.... ,450,2,0,0
2019-01-25 23:12:05.635484,13091634,1,0,2019-01-24 23:11:59, LOL) 젠지는 안되겠네요.... ,452,2,0,0
