check_time,id,post_reply,post_symph,post_time,post_title,post_view,post_view_diff,post_reply_diff,post_symph_diff
2019-01-30 00:27:10.279241,13110148,1,0,2019-01-29 23:27:03, PD수첩보는데 무안단물이 나오네요 ,1039,1039,1,0
2019-01-30 01:27:15.476939,13110148,1,0,2019-01-29 23:27:03, PD수첩보는데 무안단물이 나오네요 ,1142,103,0,0
2019-01-30 02:27:07.506290,13110148,1,0,2019-01-29 23:27:03, PD수첩보는데 무안단물이 나오네요 ,1179,37,0,0
2019-01-30 03:27:12.863109,13110148,1,0,2019-01-29 23:27:03, PD수첩보는데 무안단물이 나오네요 ,1205,26,0,0
2019-01-30 04:27:04.917066,13110148,1,0,2019-01-29 23:27:03, PD수첩보는데 무안단물이 나오네요 ,1226,21,0,0
2019-01-30 05:27:10.320813,13110148,1,0,2019-01-29 23:27:03, PD수첩보는데 무안단물이 나오네요 ,1239,13,0,0
2019-01-30 06:27:15.454092,13110148,1,0,2019-01-29 23:27:03, PD수첩보는데 무안단물이 나오네요 ,1252,13,0,0
2019-01-30 07:27:07.592864,13110148,1,0,2019-01-29 23:27:03, PD수첩보는데 무안단물이 나오네요 ,1276,24,0,0
2019-01-30 08:27:13.391062,13110148,1,0,2019-01-29 23:27:03, PD수첩보는데 무안단물이 나오네요 ,1297,21,0,0
2019-01-30 09:27:05.766533,13110148,1,0,2019-01-29 23:27:03, PD수첩보는데 무안단물이 나오네요 ,1315,18,0,0
2019-01-30 10:27:10.869441,13110148,1,0,2019-01-29 23:27:03, PD수첩보는데 무안단물이 나오네요 ,1320,5,0,0
2019-01-30 11:27:03.011145,13110148,1,0,2019-01-29 23:27:03, PD수첩보는데 무안단물이 나오네요 ,1325,5,0,0
2019-01-30 12:27:08.508744,13110148,1,0,2019-01-29 23:27:03, PD수첩보는데 무안단물이 나오네요 ,1329,4,0,0
2019-01-30 13:27:13.667371,13110148,1,0,2019-01-29 23:27:03, PD수첩보는데 무안단물이 나오네요 ,1332,3,0,0
2019-01-30 14:27:05.760853,13110148,1,0,2019-01-29 23:27:03, PD수첩보는데 무안단물이 나오네요 ,1332,0,0,0
2019-01-30 15:27:10.868203,13110148,1,0,2019-01-29 23:27:03, PD수첩보는데 무안단물이 나오네요 ,1334,2,0,0
2019-01-30 16:27:15.926919,13110148,1,0,2019-01-29 23:27:03, PD수첩보는데 무안단물이 나오네요 ,1338,4,0,0
2019-01-30 17:27:08.034996,13110148,1,0,2019-01-29 23:27:03, PD수첩보는데 무안단물이 나오네요 ,1340,2,0,0
2019-01-30 18:27:13.276323,13110148,1,0,2019-01-29 23:27:03, PD수첩보는데 무안단물이 나오네요 ,1342,2,0,0
2019-01-30 19:27:05.347795,13110148,1,0,2019-01-29 23:27:03, PD수첩보는데 무안단물이 나오네요 ,1344,2,0,0
2019-01-30 20:27:10.596178,13110148,1,0,2019-01-29 23:27:03, PD수첩보는데 무안단물이 나오네요 ,1345,1,0,0
2019-01-30 21:27:15.907572,13110148,1,0,2019-01-29 23:27:03, PD수첩보는데 무안단물이 나오네요 ,1347,2,0,0
2019-01-30 22:27:08.014553,13110148,1,0,2019-01-29 23:27:03, PD수첩보는데 무안단물이 나오네요 ,1348,1,0,0
2019-01-30 23:27:13.631853,13110148,1,0,2019-01-29 23:27:03, PD수첩보는데 무안단물이 나오네요 ,1350,2,0,0
