check_time,id,post_reply,post_symph,post_time,post_title,post_view,post_view_diff,post_reply_diff,post_symph_diff
2019-01-29 00:06:36.357477,13106452,12,0,2019-01-28 23:06:27, 홍준표 “나는 누명 쓰고 쫓겨난 조강지처…다시 받아들이는 게 도리” ,1219,1219,12,0
2019-01-29 01:06:28.486273,13106452,12,0,2019-01-28 23:06:27, 홍준표 “나는 누명 쓰고 쫓겨난 조강지처…다시 받아들이는 게 도리” ,1327,108,0,0
2019-01-29 02:06:33.605517,13106452,12,0,2019-01-28 23:06:27, 홍준표 “나는 누명 쓰고 쫓겨난 조강지처…다시 받아들이는 게 도리” ,1369,42,0,0
2019-01-29 03:06:38.639455,13106452,12,0,2019-01-28 23:06:27, 홍준표 “나는 누명 쓰고 쫓겨난 조강지처…다시 받아들이는 게 도리” ,1391,22,0,0
2019-01-29 04:06:30.726457,13106452,12,0,2019-01-28 23:06:27, 홍준표 “나는 누명 쓰고 쫓겨난 조강지처…다시 받아들이는 게 도리” ,1400,9,0,0
2019-01-29 05:06:35.826936,13106452,12,0,2019-01-28 23:06:27, 홍준표 “나는 누명 쓰고 쫓겨난 조강지처…다시 받아들이는 게 도리” ,1412,12,0,0
2019-01-29 06:06:28.655001,13106452,12,0,2019-01-28 23:06:27, 홍준표 “나는 누명 쓰고 쫓겨난 조강지처…다시 받아들이는 게 도리” ,1426,14,0,0
2019-01-29 07:06:33.732659,13106452,12,0,2019-01-28 23:06:27, 홍준표 “나는 누명 쓰고 쫓겨난 조강지처…다시 받아들이는 게 도리” ,1443,17,0,0
2019-01-29 08:06:38.798173,13106452,12,0,2019-01-28 23:06:27, 홍준표 “나는 누명 쓰고 쫓겨난 조강지처…다시 받아들이는 게 도리” ,1473,30,0,0
2019-01-29 09:06:30.819909,13106452,12,0,2019-01-28 23:06:27, 홍준표 “나는 누명 쓰고 쫓겨난 조강지처…다시 받아들이는 게 도리” ,1494,21,0,0
2019-01-29 10:06:35.869978,13106452,12,0,2019-01-28 23:06:27, 홍준표 “나는 누명 쓰고 쫓겨난 조강지처…다시 받아들이는 게 도리” ,1516,22,0,0
2019-01-29 11:06:27.891918,13106452,12,0,2019-01-28 23:06:27, 홍준표 “나는 누명 쓰고 쫓겨난 조강지처…다시 받아들이는 게 도리” ,1520,4,0,0
2019-01-29 12:06:33.367809,13106452,12,0,2019-01-28 23:06:27, 홍준표 “나는 누명 쓰고 쫓겨난 조강지처…다시 받아들이는 게 도리” ,1527,7,0,0
2019-01-29 13:06:38.561114,13106452,12,0,2019-01-28 23:06:27, 홍준표 “나는 누명 쓰고 쫓겨난 조강지처…다시 받아들이는 게 도리” ,1531,4,0,0
2019-01-29 14:06:30.620606,13106452,12,0,2019-01-28 23:06:27, 홍준표 “나는 누명 쓰고 쫓겨난 조강지처…다시 받아들이는 게 도리” ,1534,3,0,0
2019-01-29 15:06:35.853964,13106452,12,0,2019-01-28 23:06:27, 홍준표 “나는 누명 쓰고 쫓겨난 조강지처…다시 받아들이는 게 도리” ,1539,5,0,0
2019-01-29 16:06:27.979206,13106452,12,0,2019-01-28 23:06:27, 홍준표 “나는 누명 쓰고 쫓겨난 조강지처…다시 받아들이는 게 도리” ,1540,1,0,0
2019-01-29 17:06:33.069695,13106452,12,0,2019-01-28 23:06:27, 홍준표 “나는 누명 쓰고 쫓겨난 조강지처…다시 받아들이는 게 도리” ,1544,4,0,0
2019-01-29 18:06:38.217649,13106452,12,0,2019-01-28 23:06:27, 홍준표 “나는 누명 쓰고 쫓겨난 조강지처…다시 받아들이는 게 도리” ,1548,4,0,0
2019-01-29 19:06:30.323755,13106452,12,0,2019-01-28 23:06:27, 홍준표 “나는 누명 쓰고 쫓겨난 조강지처…다시 받아들이는 게 도리” ,1552,4,0,0
2019-01-29 20:06:35.633015,13106452,12,0,2019-01-28 23:06:27, 홍준표 “나는 누명 쓰고 쫓겨난 조강지처…다시 받아들이는 게 도리” ,1553,1,0,0
2019-01-29 21:06:27.663759,13106452,12,0,2019-01-28 23:06:27, 홍준표 “나는 누명 쓰고 쫓겨난 조강지처…다시 받아들이는 게 도리” ,1559,6,0,0
2019-01-29 22:06:32.721867,13106452,12,0,2019-01-28 23:06:27, 홍준표 “나는 누명 쓰고 쫓겨난 조강지처…다시 받아들이는 게 도리” ,1561,2,0,0
2019-01-29 23:06:37.796292,13106452,12,0,2019-01-28 23:06:27, 홍준표 “나는 누명 쓰고 쫓겨난 조강지처…다시 받아들이는 게 도리” ,1566,5,0,0
