check_time,id,post_reply,post_symph,post_time,post_title,post_view,post_view_diff,post_reply_diff,post_symph_diff
2019-01-28 00:46:54.986721,13102716,7,0,2019-01-27 23:46:46, 14년전 구매해서 아직까지 사용하는 사운드카드. ,1457,1457,7,0
2019-01-28 01:46:47.009773,13102716,7,0,2019-01-27 23:46:46, 14년전 구매해서 아직까지 사용하는 사운드카드. ,1587,130,0,0
2019-01-28 02:46:52.096417,13102716,7,0,2019-01-27 23:46:46, 14년전 구매해서 아직까지 사용하는 사운드카드. ,1643,56,0,0
2019-01-28 03:46:57.144028,13102716,7,0,2019-01-27 23:46:46, 14년전 구매해서 아직까지 사용하는 사운드카드. ,1673,30,0,0
2019-01-28 04:46:49.176287,13102716,7,0,2019-01-27 23:46:46, 14년전 구매해서 아직까지 사용하는 사운드카드. ,1695,22,0,0
2019-01-28 05:46:55.229537,13102716,7,0,2019-01-27 23:46:46, 14년전 구매해서 아직까지 사용하는 사운드카드. ,1727,32,0,0
2019-01-28 06:46:47.315872,13102716,7,0,2019-01-27 23:46:46, 14년전 구매해서 아직까지 사용하는 사운드카드. ,1765,38,0,0
2019-01-28 07:46:52.373935,13102716,7,0,2019-01-27 23:46:46, 14년전 구매해서 아직까지 사용하는 사운드카드. ,1800,35,0,0
2019-01-28 08:46:57.522530,13102716,7,0,2019-01-27 23:46:46, 14년전 구매해서 아직까지 사용하는 사운드카드. ,1842,42,0,0
2019-01-28 09:46:49.680570,13102716,7,0,2019-01-27 23:46:46, 14년전 구매해서 아직까지 사용하는 사운드카드. ,1868,26,0,0
2019-01-28 10:46:54.859476,13102716,7,0,2019-01-27 23:46:46, 14년전 구매해서 아직까지 사용하는 사운드카드. ,1879,11,0,0
2019-01-28 11:46:46.982259,13102716,7,0,2019-01-27 23:46:46, 14년전 구매해서 아직까지 사용하는 사운드카드. ,1889,10,0,0
2019-01-28 12:46:52.147025,13102716,7,0,2019-01-27 23:46:46, 14년전 구매해서 아직까지 사용하는 사운드카드. ,1897,8,0,0
2019-01-28 13:46:57.265277,13102716,7,0,2019-01-27 23:46:46, 14년전 구매해서 아직까지 사용하는 사운드카드. ,1900,3,0,0
2019-01-28 14:46:49.337266,13102716,7,0,2019-01-27 23:46:46, 14년전 구매해서 아직까지 사용하는 사운드카드. ,1900,0,0,0
2019-01-28 15:46:54.455591,13102716,7,0,2019-01-27 23:46:46, 14년전 구매해서 아직까지 사용하는 사운드카드. ,1906,6,0,0
2019-01-28 16:46:46.588467,13102716,7,0,2019-01-27 23:46:46, 14년전 구매해서 아직까지 사용하는 사운드카드. ,1910,4,0,0
2019-01-28 17:46:51.723182,13102716,7,0,2019-01-27 23:46:46, 14년전 구매해서 아직까지 사용하는 사운드카드. ,1912,2,0,0
2019-01-28 18:46:57.101266,13102716,7,0,2019-01-27 23:46:46, 14년전 구매해서 아직까지 사용하는 사운드카드. ,1914,2,0,0
2019-01-28 19:46:49.157115,13102716,7,0,2019-01-27 23:46:46, 14년전 구매해서 아직까지 사용하는 사운드카드. ,1916,2,0,0
2019-01-28 20:46:54.216137,13102716,7,0,2019-01-27 23:46:46, 14년전 구매해서 아직까지 사용하는 사운드카드. ,1919,3,0,0
2019-01-28 21:46:46.230868,13102716,7,0,2019-01-27 23:46:46, 14년전 구매해서 아직까지 사용하는 사운드카드. ,1922,3,0,0
2019-01-28 22:46:51.348972,13102716,7,0,2019-01-27 23:46:46, 14년전 구매해서 아직까지 사용하는 사운드카드. ,1924,2,0,0
2019-01-28 23:46:56.732646,13102716,7,0,2019-01-27 23:46:46, 14년전 구매해서 아직까지 사용하는 사운드카드. ,1927,3,0,0
