check_time,id,post_reply,post_symph,post_time,post_title,post_view,post_view_diff,post_reply_diff,post_symph_diff
2019-01-27 00:47:21.683117,13099577,10,1,2019-01-26 23:47:11, 벤투 욕하시는 분들 공통점 ,1030,1030,10,1
2019-01-27 01:47:13.688830,13099577,10,2,2019-01-26 23:47:11, 벤투 욕하시는 분들 공통점 ,1100,70,0,1
2019-01-27 02:47:18.783423,13099577,10,2,2019-01-26 23:47:11, 벤투 욕하시는 분들 공통점 ,1133,33,0,0
2019-01-27 03:47:23.878706,13099577,10,2,2019-01-26 23:47:11, 벤투 욕하시는 분들 공통점 ,1146,13,0,0
2019-01-27 04:47:15.883573,13099577,10,2,2019-01-26 23:47:11, 벤투 욕하시는 분들 공통점 ,1156,10,0,0
2019-01-27 05:47:20.906204,13099577,10,2,2019-01-26 23:47:11, 벤투 욕하시는 분들 공통점 ,1166,10,0,0
2019-01-27 06:47:13.262835,13099577,10,2,2019-01-26 23:47:11, 벤투 욕하시는 분들 공통점 ,1177,11,0,0
2019-01-27 07:47:18.966922,13099577,10,2,2019-01-26 23:47:11, 벤투 욕하시는 분들 공통점 ,1187,10,0,0
2019-01-27 08:47:11.602385,13099577,10,2,2019-01-26 23:47:11, 벤투 욕하시는 분들 공통점 ,1201,14,0,0
2019-01-27 09:47:16.715021,13099577,10,2,2019-01-26 23:47:11, 벤투 욕하시는 분들 공통점 ,1225,24,0,0
2019-01-27 10:47:22.084152,13099577,10,2,2019-01-26 23:47:11, 벤투 욕하시는 분들 공통점 ,1235,10,0,0
2019-01-27 11:47:14.055535,13099577,10,2,2019-01-26 23:47:11, 벤투 욕하시는 분들 공통점 ,1246,11,0,0
2019-01-27 12:47:19.118798,13099577,10,2,2019-01-26 23:47:11, 벤투 욕하시는 분들 공통점 ,1255,9,0,0
2019-01-27 13:47:11.250847,13099577,10,2,2019-01-26 23:47:11, 벤투 욕하시는 분들 공통점 ,1260,5,0,0
2019-01-27 14:47:16.352186,13099577,10,2,2019-01-26 23:47:11, 벤투 욕하시는 분들 공통점 ,1262,2,0,0
2019-01-27 15:47:21.917526,13099577,10,2,2019-01-26 23:47:11, 벤투 욕하시는 분들 공통점 ,1267,5,0,0
2019-01-27 16:47:14.046915,13099577,10,2,2019-01-26 23:47:11, 벤투 욕하시는 분들 공통점 ,1273,6,0,0
2019-01-27 17:47:19.502762,13099577,10,2,2019-01-26 23:47:11, 벤투 욕하시는 분들 공통점 ,1277,4,0,0
2019-01-27 18:47:11.636005,13099577,10,2,2019-01-26 23:47:11, 벤투 욕하시는 분들 공통점 ,1279,2,0,0
2019-01-27 19:47:16.812343,13099577,10,2,2019-01-26 23:47:11, 벤투 욕하시는 분들 공통점 ,1283,4,0,0
2019-01-27 20:47:22.009786,13099577,10,2,2019-01-26 23:47:11, 벤투 욕하시는 분들 공통점 ,1286,3,0,0
2019-01-27 21:47:14.635267,13099577,10,2,2019-01-26 23:47:11, 벤투 욕하시는 분들 공통점 ,1288,2,0,0
2019-01-27 22:47:20.365007,13099577,10,2,2019-01-26 23:47:11, 벤투 욕하시는 분들 공통점 ,1290,2,0,0
2019-01-27 23:47:12.409982,13099577,10,2,2019-01-26 23:47:11, 벤투 욕하시는 분들 공통점 ,1291,1,0,0
