check_time,id,post_reply,post_symph,post_time,post_title,post_view,post_view_diff,post_reply_diff,post_symph_diff
2019-01-24 00:46:40.190135,13087330,2,1,2019-01-23 23:46:28, 게시글 글자가 까맣게 보이는 경우가 있네요... ,262,262,2,1
2019-01-24 01:46:32.242913,13087330,2,1,2019-01-23 23:46:28, 게시글 글자가 까맣게 보이는 경우가 있네요... ,284,22,0,0
2019-01-24 02:46:37.229549,13087330,2,1,2019-01-23 23:46:28, 게시글 글자가 까맣게 보이는 경우가 있네요... ,292,8,0,0
2019-01-24 03:46:29.230514,13087330,2,1,2019-01-23 23:46:28, 게시글 글자가 까맣게 보이는 경우가 있네요... ,296,4,0,0
2019-01-24 04:46:34.216629,13087330,2,1,2019-01-23 23:46:28, 게시글 글자가 까맣게 보이는 경우가 있네요... ,299,3,0,0
2019-01-24 05:46:39.203159,13087330,2,1,2019-01-23 23:46:28, 게시글 글자가 까맣게 보이는 경우가 있네요... ,302,3,0,0
2019-01-24 06:46:31.203266,13087330,2,1,2019-01-23 23:46:28, 게시글 글자가 까맣게 보이는 경우가 있네요... ,306,4,0,0
2019-01-24 07:46:36.216455,13087330,2,1,2019-01-23 23:46:28, 게시글 글자가 까맣게 보이는 경우가 있네요... ,311,5,0,0
2019-01-24 08:46:28.320970,13087330,2,1,2019-01-23 23:46:28, 게시글 글자가 까맣게 보이는 경우가 있네요... ,315,4,0,0
2019-01-24 09:46:33.347237,13087330,2,1,2019-01-23 23:46:28, 게시글 글자가 까맣게 보이는 경우가 있네요... ,320,5,0,0
2019-01-24 10:46:38.413486,13087330,2,1,2019-01-23 23:46:28, 게시글 글자가 까맣게 보이는 경우가 있네요... ,323,3,0,0
2019-01-24 11:46:30.426724,13087330,2,1,2019-01-23 23:46:28, 게시글 글자가 까맣게 보이는 경우가 있네요... ,325,2,0,0
2019-01-24 12:46:35.743033,13087330,2,1,2019-01-23 23:46:28, 게시글 글자가 까맣게 보이는 경우가 있네요... ,326,1,0,0
2019-01-24 13:46:40.782491,13087330,2,1,2019-01-23 23:46:28, 게시글 글자가 까맣게 보이는 경우가 있네요... ,328,2,0,0
2019-01-24 14:46:33.096174,13087330,2,1,2019-01-23 23:46:28, 게시글 글자가 까맣게 보이는 경우가 있네요... ,329,1,0,0
2019-01-24 15:46:38.220261,13087330,2,1,2019-01-23 23:46:28, 게시글 글자가 까맣게 보이는 경우가 있네요... ,331,2,0,0
2019-01-24 16:46:30.238379,13087330,2,1,2019-01-23 23:46:28, 게시글 글자가 까맣게 보이는 경우가 있네요... ,332,1,0,0
2019-01-24 17:46:35.289884,13087330,2,1,2019-01-23 23:46:28, 게시글 글자가 까맣게 보이는 경우가 있네요... ,333,1,0,0
2019-01-24 18:46:40.380650,13087330,2,1,2019-01-23 23:46:28, 게시글 글자가 까맣게 보이는 경우가 있네요... ,335,2,0,0
2019-01-24 19:46:32.603743,13087330,2,1,2019-01-23 23:46:28, 게시글 글자가 까맣게 보이는 경우가 있네요... ,336,1,0,0
2019-01-24 20:46:37.650320,13087330,2,1,2019-01-23 23:46:28, 게시글 글자가 까맣게 보이는 경우가 있네요... ,340,4,0,0
2019-01-24 21:46:29.671929,13087330,2,1,2019-01-23 23:46:28, 게시글 글자가 까맣게 보이는 경우가 있네요... ,341,1,0,0
2019-01-24 22:46:34.825392,13087330,2,1,2019-01-23 23:46:28, 게시글 글자가 까맣게 보이는 경우가 있네요... ,343,2,0,0
2019-01-24 23:46:39.988862,13087330,2,1,2019-01-23 23:46:28, 게시글 글자가 까맣게 보이는 경우가 있네요... ,343,0,0,0
