check_time,id,post_reply,post_symph,post_time,post_title,post_view,post_view_diff,post_reply_diff,post_symph_diff
2019-01-28 00:27:07.930248,13102652,9,1,2019-01-27 23:27:07, (노스포) 킹덤 후기 ,1345,1345,9,1
2019-01-28 01:27:13.409847,13102652,9,1,2019-01-27 23:27:07, (노스포) 킹덤 후기 ,1594,249,0,0
2019-01-28 02:27:18.677202,13102652,9,1,2019-01-27 23:27:07, (노스포) 킹덤 후기 ,1681,87,0,0
2019-01-28 03:27:10.813169,13102652,9,1,2019-01-27 23:27:07, (노스포) 킹덤 후기 ,1720,39,0,0
2019-01-28 04:27:15.912437,13102652,9,1,2019-01-27 23:27:07, (노스포) 킹덤 후기 ,1748,28,0,0
2019-01-28 05:27:08.025727,13102652,9,1,2019-01-27 23:27:07, (노스포) 킹덤 후기 ,1763,15,0,0
2019-01-28 06:27:13.106401,13102652,9,1,2019-01-27 23:27:07, (노스포) 킹덤 후기 ,1780,17,0,0
2019-01-28 07:27:18.362431,13102652,9,1,2019-01-27 23:27:07, (노스포) 킹덤 후기 ,1803,23,0,0
2019-01-28 08:27:10.683466,13102652,9,1,2019-01-27 23:27:07, (노스포) 킹덤 후기 ,1839,36,0,0
2019-01-28 09:27:16.063473,13102652,9,1,2019-01-27 23:27:07, (노스포) 킹덤 후기 ,1867,28,0,0
2019-01-28 10:27:08.135898,13102652,9,1,2019-01-27 23:27:07, (노스포) 킹덤 후기 ,1890,23,0,0
2019-01-28 11:27:13.204681,13102652,9,1,2019-01-27 23:27:07, (노스포) 킹덤 후기 ,1908,18,0,0
2019-01-28 12:27:18.201008,13102652,9,1,2019-01-27 23:27:07, (노스포) 킹덤 후기 ,1918,10,0,0
2019-01-28 13:27:10.228294,13102652,9,1,2019-01-27 23:27:07, (노스포) 킹덤 후기 ,1927,9,0,0
2019-01-28 14:27:15.501935,13102652,9,1,2019-01-27 23:27:07, (노스포) 킹덤 후기 ,1933,6,0,0
2019-01-28 15:27:07.798439,13102652,9,1,2019-01-27 23:27:07, (노스포) 킹덤 후기 ,1936,3,0,0
2019-01-28 16:27:12.967372,13102652,9,1,2019-01-27 23:27:07, (노스포) 킹덤 후기 ,1942,6,0,0
2019-01-28 17:27:18.240286,13102652,9,1,2019-01-27 23:27:07, (노스포) 킹덤 후기 ,1948,6,0,0
2019-01-28 18:27:10.600234,13102652,9,1,2019-01-27 23:27:07, (노스포) 킹덤 후기 ,1953,5,0,0
2019-01-28 19:27:15.918509,13102652,9,1,2019-01-27 23:27:07, (노스포) 킹덤 후기 ,1958,5,0,0
2019-01-28 20:27:08.369587,13102652,9,1,2019-01-27 23:27:07, (노스포) 킹덤 후기 ,1959,1,0,0
2019-01-28 21:27:13.571919,13102652,9,1,2019-01-27 23:27:07, (노스포) 킹덤 후기 ,1963,4,0,0
2019-01-28 22:27:18.617162,13102652,9,1,2019-01-27 23:27:07, (노스포) 킹덤 후기 ,1965,2,0,0
2019-01-28 23:27:10.634152,13102652,9,1,2019-01-27 23:27:07, (노스포) 킹덤 후기 ,1969,4,0,0
