check_time,id,post_reply,post_symph,post_time,post_title,post_view,post_view_diff,post_reply_diff,post_symph_diff
2019-01-28 00:21:23.474413,13102636,11,0,2019-01-27 23:21:22, [약스포] 넷플릭스 킹덤 1화를 보았습니다. ,991,991,11,0
2019-01-28 01:21:28.810713,13102636,11,0,2019-01-27 23:21:22, [약스포] 넷플릭스 킹덤 1화를 보았습니다. ,1176,185,0,0
2019-01-28 02:21:33.951636,13102636,11,0,2019-01-27 23:21:22, [약스포] 넷플릭스 킹덤 1화를 보았습니다. ,1254,78,0,0
2019-01-28 03:21:26.077355,13102636,11,0,2019-01-27 23:21:22, [약스포] 넷플릭스 킹덤 1화를 보았습니다. ,1280,26,0,0
2019-01-28 04:21:31.269188,13102636,11,0,2019-01-27 23:21:22, [약스포] 넷플릭스 킹덤 1화를 보았습니다. ,1304,24,0,0
2019-01-28 05:21:23.330233,13102636,11,0,2019-01-27 23:21:22, [약스포] 넷플릭스 킹덤 1화를 보았습니다. ,1315,11,0,0
2019-01-28 06:21:28.429187,13102636,11,0,2019-01-27 23:21:22, [약스포] 넷플릭스 킹덤 1화를 보았습니다. ,1328,13,0,0
2019-01-28 07:21:33.516490,13102636,11,0,2019-01-27 23:21:22, [약스포] 넷플릭스 킹덤 1화를 보았습니다. ,1339,11,0,0
2019-01-28 08:21:25.613298,13102636,11,0,2019-01-27 23:21:22, [약스포] 넷플릭스 킹덤 1화를 보았습니다. ,1366,27,0,0
2019-01-28 09:21:30.754816,13102636,11,0,2019-01-27 23:21:22, [약스포] 넷플릭스 킹덤 1화를 보았습니다. ,1392,26,0,0
2019-01-28 10:21:22.838421,13102636,11,0,2019-01-27 23:21:22, [약스포] 넷플릭스 킹덤 1화를 보았습니다. ,1410,18,0,0
2019-01-28 11:21:27.948214,13102636,11,0,2019-01-27 23:21:22, [약스포] 넷플릭스 킹덤 1화를 보았습니다. ,1415,5,0,0
2019-01-28 12:21:33.072369,13102636,11,0,2019-01-27 23:21:22, [약스포] 넷플릭스 킹덤 1화를 보았습니다. ,1423,8,0,0
2019-01-28 13:21:25.399951,13102636,11,0,2019-01-27 23:21:22, [약스포] 넷플릭스 킹덤 1화를 보았습니다. ,1425,2,0,0
2019-01-28 14:21:30.566817,13102636,11,0,2019-01-27 23:21:22, [약스포] 넷플릭스 킹덤 1화를 보았습니다. ,1432,7,0,0
2019-01-28 15:21:22.642791,13102636,11,0,2019-01-27 23:21:22, [약스포] 넷플릭스 킹덤 1화를 보았습니다. ,1436,4,0,0
2019-01-28 16:21:27.812225,13102636,11,0,2019-01-27 23:21:22, [약스포] 넷플릭스 킹덤 1화를 보았습니다. ,1440,4,0,0
2019-01-28 17:21:33.895068,13102636,11,0,2019-01-27 23:21:22, [약스포] 넷플릭스 킹덤 1화를 보았습니다. ,1447,7,0,0
2019-01-28 18:21:25.936336,13102636,11,0,2019-01-27 23:21:22, [약스포] 넷플릭스 킹덤 1화를 보았습니다. ,1450,3,0,0
2019-01-28 19:21:31.022729,13102636,11,0,2019-01-27 23:21:22, [약스포] 넷플릭스 킹덤 1화를 보았습니다. ,1454,4,0,0
2019-01-28 20:21:23.017803,13102636,11,0,2019-01-27 23:21:22, [약스포] 넷플릭스 킹덤 1화를 보았습니다. ,1457,3,0,0
2019-01-28 21:21:28.140491,13102636,11,0,2019-01-27 23:21:22, [약스포] 넷플릭스 킹덤 1화를 보았습니다. ,1461,4,0,0
2019-01-28 22:21:33.229502,13102636,11,0,2019-01-27 23:21:22, [약스포] 넷플릭스 킹덤 1화를 보았습니다. ,1471,10,0,0
2019-01-28 23:21:25.490585,13102636,11,0,2019-01-27 23:21:22, [약스포] 넷플릭스 킹덤 1화를 보았습니다. ,1473,2,0,0
