check_time,id,post_reply,post_symph,post_time,post_title,post_view,post_view_diff,post_reply_diff,post_symph_diff
2019-01-27 00:17:14.259908,13099455,14,0,2019-01-26 23:17:07, 커피맛 보러 가는 체인 ,1877,1877,14,0
2019-01-27 01:17:19.306940,13099455,14,0,2019-01-26 23:17:07, 커피맛 보러 가는 체인 ,1995,118,0,0
2019-01-27 02:17:11.557251,13099455,14,0,2019-01-26 23:17:07, 커피맛 보러 가는 체인 ,2030,35,0,0
2019-01-27 03:17:16.760419,13099455,14,0,2019-01-26 23:17:07, 커피맛 보러 가는 체인 ,2051,21,0,0
2019-01-27 04:17:08.782400,13099455,14,0,2019-01-26 23:17:07, 커피맛 보러 가는 체인 ,2069,18,0,0
2019-01-27 05:17:13.758368,13099455,14,0,2019-01-26 23:17:07, 커피맛 보러 가는 체인 ,2077,8,0,0
2019-01-27 06:17:18.782207,13099455,14,0,2019-01-26 23:17:07, 커피맛 보러 가는 체인 ,2087,10,0,0
2019-01-27 07:17:10.860112,13099455,14,0,2019-01-26 23:17:07, 커피맛 보러 가는 체인 ,2102,15,0,0
2019-01-27 08:17:16.105594,13099455,14,0,2019-01-26 23:17:07, 커피맛 보러 가는 체인 ,2119,17,0,0
2019-01-27 09:17:08.196836,13099455,14,0,2019-01-26 23:17:07, 커피맛 보러 가는 체인 ,2143,24,0,0
2019-01-27 10:17:13.355718,13099455,14,0,2019-01-26 23:17:07, 커피맛 보러 가는 체인 ,2159,16,0,0
2019-01-27 11:17:18.703819,13099455,14,0,2019-01-26 23:17:07, 커피맛 보러 가는 체인 ,2169,10,0,0
2019-01-27 12:17:10.805103,13099455,14,0,2019-01-26 23:17:07, 커피맛 보러 가는 체인 ,2177,8,0,0
2019-01-27 13:17:15.990949,13099455,14,0,2019-01-26 23:17:07, 커피맛 보러 가는 체인 ,2183,6,0,0
2019-01-27 14:17:08.244089,13099455,14,0,2019-01-26 23:17:07, 커피맛 보러 가는 체인 ,2190,7,0,0
2019-01-27 15:17:13.307200,13099455,14,0,2019-01-26 23:17:07, 커피맛 보러 가는 체인 ,2195,5,0,0
2019-01-27 16:17:18.400016,13099455,14,0,2019-01-26 23:17:07, 커피맛 보러 가는 체인 ,2198,3,0,0
2019-01-27 17:17:10.435862,13099455,14,0,2019-01-26 23:17:07, 커피맛 보러 가는 체인 ,2203,5,0,0
2019-01-27 18:17:15.552649,13099455,14,0,2019-01-26 23:17:07, 커피맛 보러 가는 체인 ,2209,6,0,0
2019-01-27 19:17:07.635762,13099455,14,0,2019-01-26 23:17:07, 커피맛 보러 가는 체인 ,2213,4,0,0
2019-01-27 20:17:12.716093,13099455,14,0,2019-01-26 23:17:07, 커피맛 보러 가는 체인 ,2215,2,0,0
2019-01-27 21:17:17.891914,13099455,14,0,2019-01-26 23:17:07, 커피맛 보러 가는 체인 ,2221,6,0,0
2019-01-27 22:17:09.999544,13099455,14,0,2019-01-26 23:17:07, 커피맛 보러 가는 체인 ,2229,8,0,0
2019-01-27 23:17:15.216982,13099455,14,0,2019-01-26 23:17:07, 커피맛 보러 가는 체인 ,2230,1,0,0
