check_time,id,post_reply,post_symph,post_time,post_title,post_view,post_view_diff,post_reply_diff,post_symph_diff
2019-01-29 00:46:48.749249,13106580,2,0,2019-01-28 23:46:45, 코빈 모호한 입장에… 英 젊은층 노동당 지지율 하락세 ,367,367,2,0
2019-01-29 01:46:53.871765,13106580,7,0,2019-01-28 23:46:45, 코빈 모호한 입장에… 英 젊은층 노동당 지지율 하락세 ,414,47,5,0
2019-01-29 02:46:46.012333,13106580,13,0,2019-01-28 23:46:45, 코빈 모호한 입장에… 英 젊은층 노동당 지지율 하락세 ,431,17,6,0
2019-01-29 03:46:51.157569,13106580,13,0,2019-01-28 23:46:45, 코빈 모호한 입장에… 英 젊은층 노동당 지지율 하락세 ,448,17,0,0
2019-01-29 04:46:56.646770,13106580,13,0,2019-01-28 23:46:45, 코빈 모호한 입장에… 英 젊은층 노동당 지지율 하락세 ,459,11,0,0
2019-01-29 05:46:49.207497,13106580,13,0,2019-01-28 23:46:45, 코빈 모호한 입장에… 英 젊은층 노동당 지지율 하락세 ,475,16,0,0
2019-01-29 06:46:54.673643,13106580,13,0,2019-01-28 23:46:45, 코빈 모호한 입장에… 英 젊은층 노동당 지지율 하락세 ,485,10,0,0
2019-01-29 07:46:47.058836,13106580,13,0,2019-01-28 23:46:45, 코빈 모호한 입장에… 英 젊은층 노동당 지지율 하락세 ,508,23,0,0
2019-01-29 08:46:52.327046,13106580,13,0,2019-01-28 23:46:45, 코빈 모호한 입장에… 英 젊은층 노동당 지지율 하락세 ,535,27,0,0
2019-01-29 09:46:57.392717,13106580,14,0,2019-01-28 23:46:45, 코빈 모호한 입장에… 英 젊은층 노동당 지지율 하락세 ,551,16,1,0
2019-01-29 10:46:49.445673,13106580,14,0,2019-01-28 23:46:45, 코빈 모호한 입장에… 英 젊은층 노동당 지지율 하락세 ,554,3,0,0
2019-01-29 11:46:54.482736,13106580,14,0,2019-01-28 23:46:45, 코빈 모호한 입장에… 英 젊은층 노동당 지지율 하락세 ,564,10,0,0
2019-01-29 12:46:46.622551,13106580,14,0,2019-01-28 23:46:45, 코빈 모호한 입장에… 英 젊은층 노동당 지지율 하락세 ,565,1,0,0
2019-01-29 13:46:51.801555,13106580,14,0,2019-01-28 23:46:45, 코빈 모호한 입장에… 英 젊은층 노동당 지지율 하락세 ,567,2,0,0
2019-01-29 14:46:56.996697,13106580,14,0,2019-01-28 23:46:45, 코빈 모호한 입장에… 英 젊은층 노동당 지지율 하락세 ,570,3,0,0
2019-01-29 15:46:49.055515,13106580,14,0,2019-01-28 23:46:45, 코빈 모호한 입장에… 英 젊은층 노동당 지지율 하락세 ,573,3,0,0
2019-01-29 16:46:54.078024,13106580,14,0,2019-01-28 23:46:45, 코빈 모호한 입장에… 英 젊은층 노동당 지지율 하락세 ,576,3,0,0
2019-01-29 17:46:46.087729,13106580,14,0,2019-01-28 23:46:45, 코빈 모호한 입장에… 英 젊은층 노동당 지지율 하락세 ,577,1,0,0
2019-01-29 18:46:51.389205,13106580,14,0,2019-01-28 23:46:45, 코빈 모호한 입장에… 英 젊은층 노동당 지지율 하락세 ,581,4,0,0
2019-01-29 19:46:56.425655,13106580,14,0,2019-01-28 23:46:45, 코빈 모호한 입장에… 英 젊은층 노동당 지지율 하락세 ,585,4,0,0
2019-01-29 20:46:48.543602,13106580,14,0,2019-01-28 23:46:45, 코빈 모호한 입장에… 英 젊은층 노동당 지지율 하락세 ,586,1,0,0
2019-01-29 21:46:53.672027,13106580,14,0,2019-01-28 23:46:45, 코빈 모호한 입장에… 英 젊은층 노동당 지지율 하락세 ,589,3,0,0
2019-01-29 22:46:46.072518,13106580,14,0,2019-01-28 23:46:45, 코빈 모호한 입장에… 英 젊은층 노동당 지지율 하락세 ,591,2,0,0
2019-01-29 23:46:51.157188,13106580,14,0,2019-01-28 23:46:45, 코빈 모호한 입장에… 英 젊은층 노동당 지지율 하락세 ,595,4,0,0
