check_time,id,post_reply,post_symph,post_time,post_title,post_view,post_view_diff,post_reply_diff,post_symph_diff
2019-01-24 00:57:23.693509,13087361,25,0,2019-01-23 23:57:15, 신기한 자전거 운동 기구를 봤어요. ,1516,1516,25,0
2019-01-24 01:57:15.747064,13087361,25,0,2019-01-23 23:57:15, 신기한 자전거 운동 기구를 봤어요. ,1753,237,0,0
2019-01-24 02:57:20.783257,13087361,25,0,2019-01-23 23:57:15, 신기한 자전거 운동 기구를 봤어요. ,1851,98,0,0
2019-01-24 03:57:25.830933,13087361,25,0,2019-01-23 23:57:15, 신기한 자전거 운동 기구를 봤어요. ,1930,79,0,0
2019-01-24 04:57:18.057672,13087361,25,0,2019-01-23 23:57:15, 신기한 자전거 운동 기구를 봤어요. ,1995,65,0,0
2019-01-24 05:57:23.343680,13087361,25,0,2019-01-23 23:57:15, 신기한 자전거 운동 기구를 봤어요. ,2065,70,0,0
2019-01-24 06:57:15.584448,13087361,25,0,2019-01-23 23:57:15, 신기한 자전거 운동 기구를 봤어요. ,2192,127,0,0
2019-01-24 07:57:20.650590,13087361,25,0,2019-01-23 23:57:15, 신기한 자전거 운동 기구를 봤어요. ,2361,169,0,0
2019-01-24 08:57:25.882550,13087361,25,0,2019-01-23 23:57:15, 신기한 자전거 운동 기구를 봤어요. ,2535,174,0,0
2019-01-24 09:57:17.872767,13087361,25,0,2019-01-23 23:57:15, 신기한 자전거 운동 기구를 봤어요. ,2629,94,0,0
2019-01-24 10:57:22.914002,13087361,25,0,2019-01-23 23:57:15, 신기한 자전거 운동 기구를 봤어요. ,2666,37,0,0
2019-01-24 11:57:15.292972,13087361,25,0,2019-01-23 23:57:15, 신기한 자전거 운동 기구를 봤어요. ,2700,34,0,0
2019-01-24 12:57:20.412792,13087361,25,0,2019-01-23 23:57:15, 신기한 자전거 운동 기구를 봤어요. ,2711,11,0,0
2019-01-24 13:57:25.707734,13087361,25,0,2019-01-23 23:57:15, 신기한 자전거 운동 기구를 봤어요. ,2725,14,0,0
2019-01-24 14:57:17.773684,13087361,25,0,2019-01-23 23:57:15, 신기한 자전거 운동 기구를 봤어요. ,2737,12,0,0
2019-01-24 15:57:22.939678,13087361,25,0,2019-01-23 23:57:15, 신기한 자전거 운동 기구를 봤어요. ,2743,6,0,0
2019-01-24 16:57:15.150207,13087361,25,0,2019-01-23 23:57:15, 신기한 자전거 운동 기구를 봤어요. ,2746,3,0,0
2019-01-24 17:57:20.426426,13087361,25,0,2019-01-23 23:57:15, 신기한 자전거 운동 기구를 봤어요. ,2751,5,0,0
2019-01-24 18:57:25.480883,13087361,25,0,2019-01-23 23:57:15, 신기한 자전거 운동 기구를 봤어요. ,2753,2,0,0
2019-01-24 19:57:17.857637,13087361,25,0,2019-01-23 23:57:15, 신기한 자전거 운동 기구를 봤어요. ,2755,2,0,0
2019-01-24 20:57:23.150746,13087361,25,0,2019-01-23 23:57:15, 신기한 자전거 운동 기구를 봤어요. ,2759,4,0,0
2019-01-24 21:57:15.176295,13087361,25,0,2019-01-23 23:57:15, 신기한 자전거 운동 기구를 봤어요. ,2765,6,0,0
2019-01-24 22:57:20.253695,13087361,25,0,2019-01-23 23:57:15, 신기한 자전거 운동 기구를 봤어요. ,2767,2,0,0
2019-01-24 23:57:25.431792,13087361,25,0,2019-01-23 23:57:15, 신기한 자전거 운동 기구를 봤어요. ,2769,2,0,0
