check_time,id,post_reply,post_symph,post_time,post_title,post_view,post_view_diff,post_reply_diff,post_symph_diff
2019-01-28 00:42:26.614139,13102699,4,11,2019-01-27 23:42:20, 김앤장은 정말 사회악이네요 ,2258,2258,4,11
2019-01-28 01:42:31.686492,13102699,4,13,2019-01-27 23:42:20, 김앤장은 정말 사회악이네요 ,2688,430,0,2
2019-01-28 02:42:23.944100,13102699,4,13,2019-01-27 23:42:20, 김앤장은 정말 사회악이네요 ,2883,195,0,0
2019-01-28 03:42:28.992823,13102699,4,15,2019-01-27 23:42:20, 김앤장은 정말 사회악이네요 ,2999,116,0,2
2019-01-28 04:42:21.091047,13102699,4,15,2019-01-27 23:42:20, 김앤장은 정말 사회악이네요 ,3073,74,0,0
2019-01-28 05:42:26.192588,13102699,4,15,2019-01-27 23:42:20, 김앤장은 정말 사회악이네요 ,3152,79,0,0
2019-01-28 06:42:31.447984,13102699,4,15,2019-01-27 23:42:20, 김앤장은 정말 사회악이네요 ,3292,140,0,0
2019-01-28 07:42:23.911853,13102699,4,19,2019-01-27 23:42:20, 김앤장은 정말 사회악이네요 ,3523,231,0,4
2019-01-28 08:42:28.998941,13102699,4,21,2019-01-27 23:42:20, 김앤장은 정말 사회악이네요 ,3760,237,0,2
2019-01-28 09:42:21.257019,13102699,4,23,2019-01-27 23:42:20, 김앤장은 정말 사회악이네요 ,3927,167,0,2
2019-01-28 10:42:26.284144,13102699,4,27,2019-01-27 23:42:20, 김앤장은 정말 사회악이네요 ,4142,215,0,4
2019-01-28 11:42:31.480233,13102699,4,28,2019-01-27 23:42:20, 김앤장은 정말 사회악이네요 ,4290,148,0,1
2019-01-28 12:42:23.523175,13102699,4,28,2019-01-27 23:42:20, 김앤장은 정말 사회악이네요 ,4348,58,0,0
2019-01-28 13:42:28.595683,13102699,4,28,2019-01-27 23:42:20, 김앤장은 정말 사회악이네요 ,4396,48,0,0
2019-01-28 14:42:20.573023,13102699,4,29,2019-01-27 23:42:20, 김앤장은 정말 사회악이네요 ,4429,33,0,1
2019-01-28 15:42:25.576791,13102699,4,29,2019-01-27 23:42:20, 김앤장은 정말 사회악이네요 ,4461,32,0,0
2019-01-28 16:42:30.775083,13102699,4,29,2019-01-27 23:42:20, 김앤장은 정말 사회악이네요 ,4482,21,0,0
2019-01-28 17:42:22.834946,13102699,4,29,2019-01-27 23:42:20, 김앤장은 정말 사회악이네요 ,4504,22,0,0
2019-01-28 18:42:28.161422,13102699,4,29,2019-01-27 23:42:20, 김앤장은 정말 사회악이네요 ,4531,27,0,0
2019-01-28 19:42:20.270330,13102699,4,29,2019-01-27 23:42:20, 김앤장은 정말 사회악이네요 ,4555,24,0,0
2019-01-28 20:42:25.370059,13102699,4,29,2019-01-27 23:42:20, 김앤장은 정말 사회악이네요 ,4570,15,0,0
2019-01-28 21:42:30.412667,13102699,4,29,2019-01-27 23:42:20, 김앤장은 정말 사회악이네요 ,4584,14,0,0
2019-01-28 22:42:22.427396,13102699,4,29,2019-01-27 23:42:20, 김앤장은 정말 사회악이네요 ,4600,16,0,0
2019-01-28 23:42:27.480753,13102699,4,29,2019-01-27 23:42:20, 김앤장은 정말 사회악이네요 ,4613,13,0,0
