check_time,id,post_reply,post_symph,post_time,post_title,post_view,post_view_diff,post_reply_diff,post_symph_diff
2019-01-27 00:57:02.089914,13099623,5,0,2019-01-26 23:56:58, [스캐] 케이가 왜 벽에 그렇게 쓰는지... 나왔군요. ,2169,2169,5,0
2019-01-27 01:57:07.184612,13099623,5,0,2019-01-26 23:56:58, [스캐] 케이가 왜 벽에 그렇게 쓰는지... 나왔군요. ,2242,73,0,0
2019-01-27 02:56:59.400813,13099623,5,0,2019-01-26 23:56:58, [스캐] 케이가 왜 벽에 그렇게 쓰는지... 나왔군요. ,2273,31,0,0
2019-01-27 03:57:04.453034,13099623,5,0,2019-01-26 23:56:58, [스캐] 케이가 왜 벽에 그렇게 쓰는지... 나왔군요. ,2292,19,0,0
2019-01-27 04:57:09.545230,13099623,5,0,2019-01-26 23:56:58, [스캐] 케이가 왜 벽에 그렇게 쓰는지... 나왔군요. ,2299,7,0,0
2019-01-27 05:57:01.471465,13099623,5,0,2019-01-26 23:56:58, [스캐] 케이가 왜 벽에 그렇게 쓰는지... 나왔군요. ,2310,11,0,0
2019-01-27 06:57:06.767211,13099623,5,0,2019-01-26 23:56:58, [스캐] 케이가 왜 벽에 그렇게 쓰는지... 나왔군요. ,2327,17,0,0
2019-01-27 07:56:58.710866,13099623,5,0,2019-01-26 23:56:58, [스캐] 케이가 왜 벽에 그렇게 쓰는지... 나왔군요. ,2346,19,0,0
2019-01-27 08:57:03.730508,13099623,5,0,2019-01-26 23:56:58, [스캐] 케이가 왜 벽에 그렇게 쓰는지... 나왔군요. ,2368,22,0,0
2019-01-27 09:57:08.832216,13099623,5,0,2019-01-26 23:56:58, [스캐] 케이가 왜 벽에 그렇게 쓰는지... 나왔군요. ,2389,21,0,0
2019-01-27 10:57:00.850207,13099623,5,0,2019-01-26 23:56:58, [스캐] 케이가 왜 벽에 그렇게 쓰는지... 나왔군요. ,2403,14,0,0
2019-01-27 11:57:05.897007,13099623,5,0,2019-01-26 23:56:58, [스캐] 케이가 왜 벽에 그렇게 쓰는지... 나왔군요. ,2417,14,0,0
2019-01-27 12:57:10.998671,13099623,5,0,2019-01-26 23:56:58, [스캐] 케이가 왜 벽에 그렇게 쓰는지... 나왔군요. ,2424,7,0,0
2019-01-27 13:57:03.571546,13099623,5,0,2019-01-26 23:56:58, [스캐] 케이가 왜 벽에 그렇게 쓰는지... 나왔군요. ,2434,10,0,0
2019-01-27 14:57:08.753475,13099623,5,0,2019-01-26 23:56:58, [스캐] 케이가 왜 벽에 그렇게 쓰는지... 나왔군요. ,2440,6,0,0
2019-01-27 15:57:01.023313,13099623,5,0,2019-01-26 23:56:58, [스캐] 케이가 왜 벽에 그렇게 쓰는지... 나왔군요. ,2447,7,0,0
2019-01-27 16:57:06.057266,13099623,5,0,2019-01-26 23:56:58, [스캐] 케이가 왜 벽에 그렇게 쓰는지... 나왔군요. ,2452,5,0,0
2019-01-27 17:56:58.097141,13099623,5,0,2019-01-26 23:56:58, [스캐] 케이가 왜 벽에 그렇게 쓰는지... 나왔군요. ,2456,4,0,0
2019-01-27 18:57:03.136774,13099623,5,0,2019-01-26 23:56:58, [스캐] 케이가 왜 벽에 그렇게 쓰는지... 나왔군요. ,2459,3,0,0
2019-01-27 19:57:08.346949,13099623,5,0,2019-01-26 23:56:58, [스캐] 케이가 왜 벽에 그렇게 쓰는지... 나왔군요. ,2462,3,0,0
2019-01-27 20:57:00.427552,13099623,5,0,2019-01-26 23:56:58, [스캐] 케이가 왜 벽에 그렇게 쓰는지... 나왔군요. ,2465,3,0,0
2019-01-27 21:57:05.501489,13099623,5,0,2019-01-26 23:56:58, [스캐] 케이가 왜 벽에 그렇게 쓰는지... 나왔군요. ,2469,4,0,0
2019-01-27 22:57:10.619648,13099623,5,0,2019-01-26 23:56:58, [스캐] 케이가 왜 벽에 그렇게 쓰는지... 나왔군요. ,2473,4,0,0
2019-01-27 23:57:03.071314,13099623,5,0,2019-01-26 23:56:58, [스캐] 케이가 왜 벽에 그렇게 쓰는지... 나왔군요. ,2474,1,0,0
