check_time,id,post_reply,post_symph,post_time,post_title,post_view,post_view_diff,post_reply_diff,post_symph_diff
2019-01-25 00:42:20.424152,13091745,5,0,2019-01-24 23:42:17, 아이즈원) 오늘 브이앱 한짤 요약.gif ,2667,2667,5,0
2019-01-25 01:42:25.668868,13091745,6,0,2019-01-24 23:42:17, 아이즈원) 오늘 브이앱 한짤 요약.gif ,2909,242,1,0
2019-01-25 02:42:17.647485,13091745,6,0,2019-01-24 23:42:17, 아이즈원) 오늘 브이앱 한짤 요약.gif ,2995,86,0,0
2019-01-25 03:42:23.107491,13091745,6,0,2019-01-24 23:42:17, 아이즈원) 오늘 브이앱 한짤 요약.gif ,3040,45,0,0
2019-01-25 04:42:28.373575,13091745,6,0,2019-01-24 23:42:17, 아이즈원) 오늘 브이앱 한짤 요약.gif ,3081,41,0,0
2019-01-25 05:42:20.447395,13091745,6,0,2019-01-24 23:42:17, 아이즈원) 오늘 브이앱 한짤 요약.gif ,3124,43,0,0
2019-01-25 06:42:25.785233,13091745,6,0,2019-01-24 23:42:17, 아이즈원) 오늘 브이앱 한짤 요약.gif ,3191,67,0,0
2019-01-25 07:42:17.838689,13091745,6,0,2019-01-24 23:42:17, 아이즈원) 오늘 브이앱 한짤 요약.gif ,3319,128,0,0
2019-01-25 08:42:22.985329,13091745,6,0,2019-01-24 23:42:17, 아이즈원) 오늘 브이앱 한짤 요약.gif ,3437,118,0,0
2019-01-25 09:42:28.138525,13091745,6,0,2019-01-24 23:42:17, 아이즈원) 오늘 브이앱 한짤 요약.gif ,3513,76,0,0
2019-01-25 10:42:20.454598,13091745,6,0,2019-01-24 23:42:17, 아이즈원) 오늘 브이앱 한짤 요약.gif ,3565,52,0,0
2019-01-25 11:42:25.862498,13091745,6,0,2019-01-24 23:42:17, 아이즈원) 오늘 브이앱 한짤 요약.gif ,3598,33,0,0
2019-01-25 12:42:18.211506,13091745,6,0,2019-01-24 23:42:17, 아이즈원) 오늘 브이앱 한짤 요약.gif ,3617,19,0,0
2019-01-25 13:42:23.294934,13091745,7,1,2019-01-24 23:42:17, 아이즈원) 오늘 브이앱 한짤 요약.gif ,3660,43,1,1
2019-01-25 14:42:28.534515,13091745,7,1,2019-01-24 23:42:17, 아이즈원) 오늘 브이앱 한짤 요약.gif ,3678,18,0,0
2019-01-25 15:42:20.648736,13091745,7,1,2019-01-24 23:42:17, 아이즈원) 오늘 브이앱 한짤 요약.gif ,3696,18,0,0
2019-01-25 16:42:25.696279,13091745,7,1,2019-01-24 23:42:17, 아이즈원) 오늘 브이앱 한짤 요약.gif ,3701,5,0,0
2019-01-25 17:42:17.733168,13091745,7,1,2019-01-24 23:42:17, 아이즈원) 오늘 브이앱 한짤 요약.gif ,3713,12,0,0
2019-01-25 18:42:22.787612,13091745,7,1,2019-01-24 23:42:17, 아이즈원) 오늘 브이앱 한짤 요약.gif ,3724,11,0,0
2019-01-25 19:42:28.400367,13091745,7,1,2019-01-24 23:42:17, 아이즈원) 오늘 브이앱 한짤 요약.gif ,3726,2,0,0
2019-01-25 20:42:20.439772,13091745,7,1,2019-01-24 23:42:17, 아이즈원) 오늘 브이앱 한짤 요약.gif ,3733,7,0,0
2019-01-25 21:42:25.467169,13091745,7,1,2019-01-24 23:42:17, 아이즈원) 오늘 브이앱 한짤 요약.gif ,3742,9,0,0
2019-01-25 22:42:17.529970,13091745,7,1,2019-01-24 23:42:17, 아이즈원) 오늘 브이앱 한짤 요약.gif ,3746,4,0,0
2019-01-25 23:42:22.557571,13091745,7,1,2019-01-24 23:42:17, 아이즈원) 오늘 브이앱 한짤 요약.gif ,3753,7,0,0
