check_time,id,post_reply,post_symph,post_time,post_title,post_view,post_view_diff,post_reply_diff,post_symph_diff
2019-01-30 00:02:19.150483,13110073,4,0,2019-01-29 23:02:08, 다들 지금 뭐 드시고 계세요?!! ,797,797,4,0
2019-01-30 01:02:11.204435,13110073,4,0,2019-01-29 23:02:08, 다들 지금 뭐 드시고 계세요?!! ,871,74,0,0
2019-01-30 02:02:16.423368,13110073,4,0,2019-01-29 23:02:08, 다들 지금 뭐 드시고 계세요?!! ,901,30,0,0
2019-01-30 03:02:08.494113,13110073,4,0,2019-01-29 23:02:08, 다들 지금 뭐 드시고 계세요?!! ,915,14,0,0
2019-01-30 04:02:13.534257,13110073,4,0,2019-01-29 23:02:08, 다들 지금 뭐 드시고 계세요?!! ,926,11,0,0
2019-01-30 05:02:18.610730,13110073,4,0,2019-01-29 23:02:08, 다들 지금 뭐 드시고 계세요?!! ,937,11,0,0
2019-01-30 06:02:10.610375,13110073,4,0,2019-01-29 23:02:08, 다들 지금 뭐 드시고 계세요?!! ,941,4,0,0
2019-01-30 07:02:15.664127,13110073,4,0,2019-01-29 23:02:08, 다들 지금 뭐 드시고 계세요?!! ,953,12,0,0
2019-01-30 08:02:20.716537,13110073,4,0,2019-01-29 23:02:08, 다들 지금 뭐 드시고 계세요?!! ,964,11,0,0
2019-01-30 09:02:12.769848,13110073,4,0,2019-01-29 23:02:08, 다들 지금 뭐 드시고 계세요?!! ,975,11,0,0
2019-01-30 10:02:17.820916,13110073,4,0,2019-01-29 23:02:08, 다들 지금 뭐 드시고 계세요?!! ,984,9,0,0
2019-01-30 11:02:09.847948,13110073,4,0,2019-01-29 23:02:08, 다들 지금 뭐 드시고 계세요?!! ,989,5,0,0
2019-01-30 12:02:14.860294,13110073,4,0,2019-01-29 23:02:08, 다들 지금 뭐 드시고 계세요?!! ,993,4,0,0
2019-01-30 13:02:19.953956,13110073,4,0,2019-01-29 23:02:08, 다들 지금 뭐 드시고 계세요?!! ,997,4,0,0
2019-01-30 14:02:12.006024,13110073,4,0,2019-01-29 23:02:08, 다들 지금 뭐 드시고 계세요?!! ,998,1,0,0
2019-01-30 15:02:17.124090,13110073,4,0,2019-01-29 23:02:08, 다들 지금 뭐 드시고 계세요?!! ,1003,5,0,0
2019-01-30 16:02:09.204230,13110073,4,0,2019-01-29 23:02:08, 다들 지금 뭐 드시고 계세요?!! ,1004,1,0,0
2019-01-30 17:02:14.296611,13110073,4,0,2019-01-29 23:02:08, 다들 지금 뭐 드시고 계세요?!! ,1007,3,0,0
2019-01-30 18:02:19.307707,13110073,4,0,2019-01-29 23:02:08, 다들 지금 뭐 드시고 계세요?!! ,1008,1,0,0
2019-01-30 19:02:11.361137,13110073,4,0,2019-01-29 23:02:08, 다들 지금 뭐 드시고 계세요?!! ,1010,2,0,0
2019-01-30 20:02:16.373948,13110073,4,0,2019-01-29 23:02:08, 다들 지금 뭐 드시고 계세요?!! ,1012,2,0,0
2019-01-30 21:02:08.546679,13110073,4,0,2019-01-29 23:02:08, 다들 지금 뭐 드시고 계세요?!! ,1015,3,0,0
2019-01-30 22:02:13.558655,13110073,4,0,2019-01-29 23:02:08, 다들 지금 뭐 드시고 계세요?!! ,1016,1,0,0
2019-01-30 23:02:18.571062,13110073,4,0,2019-01-29 23:02:08, 다들 지금 뭐 드시고 계세요?!! ,1017,1,0,0
