check_time,id,post_reply,post_symph,post_time,post_title,post_view,post_view_diff,post_reply_diff,post_symph_diff
2019-01-28 00:52:07.280623,13102729,7,1,2019-01-27 23:52:07, 기레기들은 초계기 문제를 딴나라 일처럼 다루네요 ,514,514,7,1
2019-01-28 01:52:12.371671,13102729,8,1,2019-01-27 23:52:07, 기레기들은 초계기 문제를 딴나라 일처럼 다루네요 ,580,66,1,0
2019-01-28 02:52:17.493349,13102729,8,1,2019-01-27 23:52:07, 기레기들은 초계기 문제를 딴나라 일처럼 다루네요 ,604,24,0,0
2019-01-28 03:52:09.587578,13102729,8,1,2019-01-27 23:52:07, 기레기들은 초계기 문제를 딴나라 일처럼 다루네요 ,623,19,0,0
2019-01-28 04:52:14.676340,13102729,8,1,2019-01-27 23:52:07, 기레기들은 초계기 문제를 딴나라 일처럼 다루네요 ,639,16,0,0
2019-01-28 05:52:19.808641,13102729,8,1,2019-01-27 23:52:07, 기레기들은 초계기 문제를 딴나라 일처럼 다루네요 ,664,25,0,0
2019-01-28 06:52:11.926507,13102729,8,1,2019-01-27 23:52:07, 기레기들은 초계기 문제를 딴나라 일처럼 다루네요 ,680,16,0,0
2019-01-28 07:52:17.048261,13102729,8,1,2019-01-27 23:52:07, 기레기들은 초계기 문제를 딴나라 일처럼 다루네요 ,699,19,0,0
2019-01-28 08:52:09.385070,13102729,8,1,2019-01-27 23:52:07, 기레기들은 초계기 문제를 딴나라 일처럼 다루네요 ,721,22,0,0
2019-01-28 09:52:14.484619,13102729,8,1,2019-01-27 23:52:07, 기레기들은 초계기 문제를 딴나라 일처럼 다루네요 ,731,10,0,0
2019-01-28 10:52:19.612785,13102729,8,1,2019-01-27 23:52:07, 기레기들은 초계기 문제를 딴나라 일처럼 다루네요 ,737,6,0,0
2019-01-28 11:52:11.646916,13102729,8,1,2019-01-27 23:52:07, 기레기들은 초계기 문제를 딴나라 일처럼 다루네요 ,748,11,0,0
2019-01-28 12:52:16.733445,13102729,8,1,2019-01-27 23:52:07, 기레기들은 초계기 문제를 딴나라 일처럼 다루네요 ,750,2,0,0
2019-01-28 13:52:08.980275,13102729,8,1,2019-01-27 23:52:07, 기레기들은 초계기 문제를 딴나라 일처럼 다루네요 ,754,4,0,0
2019-01-28 14:52:14.005757,13102729,8,1,2019-01-27 23:52:07, 기레기들은 초계기 문제를 딴나라 일처럼 다루네요 ,757,3,0,0
2019-01-28 15:52:19.046496,13102729,8,1,2019-01-27 23:52:07, 기레기들은 초계기 문제를 딴나라 일처럼 다루네요 ,758,1,0,0
2019-01-28 16:52:11.297104,13102729,8,1,2019-01-27 23:52:07, 기레기들은 초계기 문제를 딴나라 일처럼 다루네요 ,762,4,0,0
2019-01-28 17:52:16.343419,13102729,8,1,2019-01-27 23:52:07, 기레기들은 초계기 문제를 딴나라 일처럼 다루네요 ,763,1,0,0
2019-01-28 18:52:09.219950,13102729,8,1,2019-01-27 23:52:07, 기레기들은 초계기 문제를 딴나라 일처럼 다루네요 ,769,6,0,0
2019-01-28 19:52:14.654185,13102729,8,1,2019-01-27 23:52:07, 기레기들은 초계기 문제를 딴나라 일처럼 다루네요 ,771,2,0,0
2019-01-28 20:52:19.802080,13102729,8,1,2019-01-27 23:52:07, 기레기들은 초계기 문제를 딴나라 일처럼 다루네요 ,774,3,0,0
2019-01-28 21:52:11.899637,13102729,8,1,2019-01-27 23:52:07, 기레기들은 초계기 문제를 딴나라 일처럼 다루네요 ,776,2,0,0
2019-01-28 22:52:17.206461,13102729,8,1,2019-01-27 23:52:07, 기레기들은 초계기 문제를 딴나라 일처럼 다루네요 ,779,3,0,0
2019-01-28 23:52:09.472475,13102729,8,1,2019-01-27 23:52:07, 기레기들은 초계기 문제를 딴나라 일처럼 다루네요 ,781,2,0,0
