check_time,id,post_reply,post_symph,post_time,post_title,post_view,post_view_diff,post_reply_diff,post_symph_diff
2019-01-30 00:21:53.150445,13110127,6,1,2019-01-29 23:21:51, 빚쟁이의 삶..(feat. 디딤돌) ,2051,2051,6,1
2019-01-30 01:21:58.176200,13110127,6,1,2019-01-29 23:21:51, 빚쟁이의 삶..(feat. 디딤돌) ,2388,337,0,0
2019-01-30 02:22:03.225589,13110127,6,1,2019-01-29 23:21:51, 빚쟁이의 삶..(feat. 디딤돌) ,2507,119,0,0
2019-01-30 03:21:55.289277,13110127,6,1,2019-01-29 23:21:51, 빚쟁이의 삶..(feat. 디딤돌) ,2567,60,0,0
2019-01-30 04:22:00.356294,13110127,6,1,2019-01-29 23:21:51, 빚쟁이의 삶..(feat. 디딤돌) ,2624,57,0,0
2019-01-30 05:21:52.493510,13110127,6,1,2019-01-29 23:21:51, 빚쟁이의 삶..(feat. 디딤돌) ,2668,44,0,0
2019-01-30 06:21:57.598681,13110127,6,1,2019-01-29 23:21:51, 빚쟁이의 삶..(feat. 디딤돌) ,2719,51,0,0
2019-01-30 07:22:02.778808,13110127,6,1,2019-01-29 23:21:51, 빚쟁이의 삶..(feat. 디딤돌) ,2789,70,0,0
2019-01-30 08:21:55.054416,13110127,6,1,2019-01-29 23:21:51, 빚쟁이의 삶..(feat. 디딤돌) ,2884,95,0,0
2019-01-30 09:22:00.168764,13110127,6,1,2019-01-29 23:21:51, 빚쟁이의 삶..(feat. 디딤돌) ,2943,59,0,0
2019-01-30 10:21:52.221728,13110127,6,1,2019-01-29 23:21:51, 빚쟁이의 삶..(feat. 디딤돌) ,2977,34,0,0
2019-01-30 11:21:57.340024,13110127,6,1,2019-01-29 23:21:51, 빚쟁이의 삶..(feat. 디딤돌) ,3001,24,0,0
2019-01-30 12:22:02.493981,13110127,6,1,2019-01-29 23:21:51, 빚쟁이의 삶..(feat. 디딤돌) ,3008,7,0,0
2019-01-30 13:21:54.609233,13110127,6,1,2019-01-29 23:21:51, 빚쟁이의 삶..(feat. 디딤돌) ,3016,8,0,0
2019-01-30 14:21:59.766535,13110127,6,1,2019-01-29 23:21:51, 빚쟁이의 삶..(feat. 디딤돌) ,3021,5,0,0
2019-01-30 15:21:51.852383,13110127,6,1,2019-01-29 23:21:51, 빚쟁이의 삶..(feat. 디딤돌) ,3029,8,0,0
2019-01-30 16:21:57.093905,13110127,6,1,2019-01-29 23:21:51, 빚쟁이의 삶..(feat. 디딤돌) ,3034,5,0,0
2019-01-30 17:22:02.097162,13110127,6,1,2019-01-29 23:21:51, 빚쟁이의 삶..(feat. 디딤돌) ,3038,4,0,0
2019-01-30 18:21:54.149327,13110127,6,1,2019-01-29 23:21:51, 빚쟁이의 삶..(feat. 디딤돌) ,3039,1,0,0
2019-01-30 19:21:59.223281,13110127,6,1,2019-01-29 23:21:51, 빚쟁이의 삶..(feat. 디딤돌) ,3045,6,0,0
2019-01-30 20:21:51.615799,13110127,6,1,2019-01-29 23:21:51, 빚쟁이의 삶..(feat. 디딤돌) ,3050,5,0,0
2019-01-30 21:21:56.729937,13110127,6,1,2019-01-29 23:21:51, 빚쟁이의 삶..(feat. 디딤돌) ,3051,1,0,0
2019-01-30 22:22:01.754455,13110127,6,1,2019-01-29 23:21:51, 빚쟁이의 삶..(feat. 디딤돌) ,3053,2,0,0
2019-01-30 23:21:53.869967,13110127,6,1,2019-01-29 23:21:51, 빚쟁이의 삶..(feat. 디딤돌) ,3055,2,0,0
