check_time,id,post_reply,post_symph,post_time,post_title,post_view,post_view_diff,post_reply_diff,post_symph_diff
2019-01-29 00:27:15.850664,13106515,5,0,2019-01-28 23:27:05, u+ IPTV로 바꿨는데 많이 편해졌습니다. ,1050,1050,5,0
2019-01-29 01:27:08.160304,13106515,5,0,2019-01-28 23:27:05, u+ IPTV로 바꿨는데 많이 편해졌습니다. ,1160,110,0,0
2019-01-29 02:27:13.312253,13106515,5,0,2019-01-28 23:27:05, u+ IPTV로 바꿨는데 많이 편해졌습니다. ,1195,35,0,0
2019-01-29 03:27:05.506289,13106515,5,0,2019-01-28 23:27:05, u+ IPTV로 바꿨는데 많이 편해졌습니다. ,1213,18,0,0
2019-01-29 04:27:10.532340,13106515,5,0,2019-01-28 23:27:05, u+ IPTV로 바꿨는데 많이 편해졌습니다. ,1231,18,0,0
2019-01-29 05:27:15.604195,13106515,5,0,2019-01-28 23:27:05, u+ IPTV로 바꿨는데 많이 편해졌습니다. ,1243,12,0,0
2019-01-29 06:27:07.744640,13106515,5,0,2019-01-28 23:27:05, u+ IPTV로 바꿨는데 많이 편해졌습니다. ,1261,18,0,0
2019-01-29 07:27:12.794268,13106515,5,0,2019-01-28 23:27:05, u+ IPTV로 바꿨는데 많이 편해졌습니다. ,1286,25,0,0
2019-01-29 08:27:17.920534,13106515,5,0,2019-01-28 23:27:05, u+ IPTV로 바꿨는데 많이 편해졌습니다. ,1307,21,0,0
2019-01-29 09:27:09.991672,13106515,5,0,2019-01-28 23:27:05, u+ IPTV로 바꿨는데 많이 편해졌습니다. ,1328,21,0,0
2019-01-29 10:27:15.085966,13106515,5,0,2019-01-28 23:27:05, u+ IPTV로 바꿨는데 많이 편해졌습니다. ,1338,10,0,0
2019-01-29 11:27:07.104413,13106515,5,0,2019-01-28 23:27:05, u+ IPTV로 바꿨는데 많이 편해졌습니다. ,1345,7,0,0
2019-01-29 12:27:12.709556,13106515,5,0,2019-01-28 23:27:05, u+ IPTV로 바꿨는데 많이 편해졌습니다. ,1352,7,0,0
2019-01-29 13:27:17.763004,13106515,6,0,2019-01-28 23:27:05, u+ IPTV로 바꿨는데 많이 편해졌습니다. ,1355,3,1,0
2019-01-29 14:27:09.799373,13106515,6,0,2019-01-28 23:27:05, u+ IPTV로 바꿨는데 많이 편해졌습니다. ,1357,2,0,0
2019-01-29 15:27:14.918499,13106515,6,0,2019-01-28 23:27:05, u+ IPTV로 바꿨는데 많이 편해졌습니다. ,1362,5,0,0
2019-01-29 16:27:07.015288,13106515,6,0,2019-01-28 23:27:05, u+ IPTV로 바꿨는데 많이 편해졌습니다. ,1365,3,0,0
2019-01-29 17:27:12.405892,13106515,6,0,2019-01-28 23:27:05, u+ IPTV로 바꿨는데 많이 편해졌습니다. ,1369,4,0,0
2019-01-29 18:27:17.632905,13106515,6,0,2019-01-28 23:27:05, u+ IPTV로 바꿨는데 많이 편해졌습니다. ,1370,1,0,0
2019-01-29 19:27:09.743427,13106515,6,0,2019-01-28 23:27:05, u+ IPTV로 바꿨는데 많이 편해졌습니다. ,1374,4,0,0
2019-01-29 20:27:15.152075,13106515,6,0,2019-01-28 23:27:05, u+ IPTV로 바꿨는데 많이 편해졌습니다. ,1375,1,0,0
2019-01-29 21:27:07.226394,13106515,6,0,2019-01-28 23:27:05, u+ IPTV로 바꿨는데 많이 편해졌습니다. ,1378,3,0,0
2019-01-29 22:27:12.618878,13106515,6,0,2019-01-28 23:27:05, u+ IPTV로 바꿨는데 많이 편해졌습니다. ,1380,2,0,0
2019-01-29 23:27:17.677612,13106515,6,0,2019-01-28 23:27:05, u+ IPTV로 바꿨는데 많이 편해졌습니다. ,1384,4,0,0
