check_time,id,post_reply,post_symph,post_time,post_title,post_view,post_view_diff,post_reply_diff,post_symph_diff
2019-01-25 00:01:41.727908,13091598,7,0,2019-01-24 23:01:37, 일본은 키퍼가 구멍 우리나라는 키퍼가 최강ㅋ ,1056,1056,7,0
2019-01-25 01:01:46.820568,13091598,7,0,2019-01-24 23:01:37, 일본은 키퍼가 구멍 우리나라는 키퍼가 최강ㅋ ,1105,49,0,0
2019-01-25 02:01:38.888192,13091598,7,0,2019-01-24 23:01:37, 일본은 키퍼가 구멍 우리나라는 키퍼가 최강ㅋ ,1121,16,0,0
2019-01-25 03:01:43.873680,13091598,7,0,2019-01-24 23:01:37, 일본은 키퍼가 구멍 우리나라는 키퍼가 최강ㅋ ,1131,10,0,0
2019-01-25 04:01:48.927540,13091598,7,0,2019-01-24 23:01:37, 일본은 키퍼가 구멍 우리나라는 키퍼가 최강ㅋ ,1134,3,0,0
2019-01-25 05:01:40.988742,13091598,7,0,2019-01-24 23:01:37, 일본은 키퍼가 구멍 우리나라는 키퍼가 최강ㅋ ,1138,4,0,0
2019-01-25 06:01:46.286918,13091598,7,0,2019-01-24 23:01:37, 일본은 키퍼가 구멍 우리나라는 키퍼가 최강ㅋ ,1139,1,0,0
2019-01-25 07:01:38.532747,13091598,7,0,2019-01-24 23:01:37, 일본은 키퍼가 구멍 우리나라는 키퍼가 최강ㅋ ,1143,4,0,0
2019-01-25 08:01:43.533610,13091598,7,0,2019-01-24 23:01:37, 일본은 키퍼가 구멍 우리나라는 키퍼가 최강ㅋ ,1150,7,0,0
2019-01-25 09:01:48.571077,13091598,7,0,2019-01-24 23:01:37, 일본은 키퍼가 구멍 우리나라는 키퍼가 최강ㅋ ,1161,11,0,0
2019-01-25 10:01:40.570585,13091598,7,0,2019-01-24 23:01:37, 일본은 키퍼가 구멍 우리나라는 키퍼가 최강ㅋ ,1164,3,0,0
2019-01-25 11:01:45.854225,13091598,7,0,2019-01-24 23:01:37, 일본은 키퍼가 구멍 우리나라는 키퍼가 최강ㅋ ,1166,2,0,0
2019-01-25 12:01:37.875656,13091598,7,0,2019-01-24 23:01:37, 일본은 키퍼가 구멍 우리나라는 키퍼가 최강ㅋ ,1168,2,0,0
2019-01-25 13:01:42.935881,13091598,7,0,2019-01-24 23:01:37, 일본은 키퍼가 구멍 우리나라는 키퍼가 최강ㅋ ,1169,1,0,0
2019-01-25 14:01:48.006088,13091598,7,0,2019-01-24 23:01:37, 일본은 키퍼가 구멍 우리나라는 키퍼가 최강ㅋ ,1171,2,0,0
2019-01-25 15:01:40.077394,13091598,7,0,2019-01-24 23:01:37, 일본은 키퍼가 구멍 우리나라는 키퍼가 최강ㅋ ,1176,5,0,0
2019-01-25 16:01:45.127284,13091598,7,0,2019-01-24 23:01:37, 일본은 키퍼가 구멍 우리나라는 키퍼가 최강ㅋ ,1178,2,0,0
2019-01-25 17:01:37.123482,13091598,7,0,2019-01-24 23:01:37, 일본은 키퍼가 구멍 우리나라는 키퍼가 최강ㅋ ,1179,1,0,0
2019-01-25 18:01:42.310538,13091598,7,0,2019-01-24 23:01:37, 일본은 키퍼가 구멍 우리나라는 키퍼가 최강ㅋ ,1181,2,0,0
2019-01-25 19:01:47.334419,13091598,7,0,2019-01-24 23:01:37, 일본은 키퍼가 구멍 우리나라는 키퍼가 최강ㅋ ,1183,2,0,0
2019-01-25 20:01:39.480328,13091598,7,0,2019-01-24 23:01:37, 일본은 키퍼가 구멍 우리나라는 키퍼가 최강ㅋ ,1184,1,0,0
2019-01-25 21:01:44.546452,13091598,7,0,2019-01-24 23:01:37, 일본은 키퍼가 구멍 우리나라는 키퍼가 최강ㅋ ,1188,4,0,0
2019-01-25 22:01:49.570554,13091598,7,0,2019-01-24 23:01:37, 일본은 키퍼가 구멍 우리나라는 키퍼가 최강ㅋ ,1190,2,0,0
2019-01-25 23:01:41.610875,13091598,7,0,2019-01-24 23:01:37, 일본은 키퍼가 구멍 우리나라는 키퍼가 최강ㅋ ,1192,2,0,0
