check_time,id,post_reply,post_symph,post_time,post_title,post_view,post_view_diff,post_reply_diff,post_symph_diff
2019-01-24 19:15:40.741160,13090476,14,0,2019-01-24 18:15:29, 소모임 이름을 저렇게 해놓은 이유가 뭘까요.. ,1367,1367,14,0
2019-01-24 20:15:32.764812,13090476,18,0,2019-01-24 18:15:29, 소모임 이름을 저렇게 해놓은 이유가 뭘까요.. ,1500,133,4,0
2019-01-24 21:15:37.798000,13090476,18,0,2019-01-24 18:15:29, 소모임 이름을 저렇게 해놓은 이유가 뭘까요.. ,1543,43,0,0
2019-01-24 22:15:29.826886,13090476,18,0,2019-01-24 18:15:29, 소모임 이름을 저렇게 해놓은 이유가 뭘까요.. ,1565,22,0,0
2019-01-24 23:15:35.120466,13090476,18,0,2019-01-24 18:15:29, 소모임 이름을 저렇게 해놓은 이유가 뭘까요.. ,1576,11,0,0
2019-01-25 00:15:40.160179,13090476,18,0,2019-01-24 18:15:29, 소모임 이름을 저렇게 해놓은 이유가 뭘까요.. ,1583,7,0,0
2019-01-25 01:15:32.237638,13090476,18,0,2019-01-24 18:15:29, 소모임 이름을 저렇게 해놓은 이유가 뭘까요.. ,1587,4,0,0
2019-01-25 02:15:37.306646,13090476,18,0,2019-01-24 18:15:29, 소모임 이름을 저렇게 해놓은 이유가 뭘까요.. ,1593,6,0,0
2019-01-25 03:15:29.347543,13090476,18,0,2019-01-24 18:15:29, 소모임 이름을 저렇게 해놓은 이유가 뭘까요.. ,1596,3,0,0
2019-01-25 04:15:34.379959,13090476,18,0,2019-01-24 18:15:29, 소모임 이름을 저렇게 해놓은 이유가 뭘까요.. ,1597,1,0,0
2019-01-25 05:15:39.317072,13090476,18,0,2019-01-24 18:15:29, 소모임 이름을 저렇게 해놓은 이유가 뭘까요.. ,1599,2,0,0
2019-01-25 06:15:31.312653,13090476,18,0,2019-01-24 18:15:29, 소모임 이름을 저렇게 해놓은 이유가 뭘까요.. ,1600,1,0,0
2019-01-25 07:15:36.293351,13090476,18,0,2019-01-24 18:15:29, 소모임 이름을 저렇게 해놓은 이유가 뭘까요.. ,1604,4,0,0
2019-01-25 08:15:41.325822,13090476,18,0,2019-01-24 18:15:29, 소모임 이름을 저렇게 해놓은 이유가 뭘까요.. ,1604,0,0,0
2019-01-25 09:15:33.323283,13090476,18,0,2019-01-24 18:15:29, 소모임 이름을 저렇게 해놓은 이유가 뭘까요.. ,1605,1,0,0
2019-01-25 10:15:38.373480,13090476,18,0,2019-01-24 18:15:29, 소모임 이름을 저렇게 해놓은 이유가 뭘까요.. ,1609,4,0,0
2019-01-25 11:15:30.382778,13090476,18,0,2019-01-24 18:15:29, 소모임 이름을 저렇게 해놓은 이유가 뭘까요.. ,1609,0,0,0
2019-01-25 12:15:35.374656,13090476,18,0,2019-01-24 18:15:29, 소모임 이름을 저렇게 해놓은 이유가 뭘까요.. ,1611,2,0,0
2019-01-25 13:15:40.307236,13090476,18,0,2019-01-24 18:15:29, 소모임 이름을 저렇게 해놓은 이유가 뭘까요.. ,1613,2,0,0
2019-01-25 14:15:32.400416,13090476,18,0,2019-01-24 18:15:29, 소모임 이름을 저렇게 해놓은 이유가 뭘까요.. ,1615,2,0,0
2019-01-25 15:15:37.485032,13090476,18,0,2019-01-24 18:15:29, 소모임 이름을 저렇게 해놓은 이유가 뭘까요.. ,1618,3,0,0
2019-01-25 16:15:29.507568,13090476,18,0,2019-01-24 18:15:29, 소모임 이름을 저렇게 해놓은 이유가 뭘까요.. ,1622,4,0,0
2019-01-25 17:15:34.584194,13090476,18,0,2019-01-24 18:15:29, 소모임 이름을 저렇게 해놓은 이유가 뭘까요.. ,1623,1,0,0
2019-01-25 18:15:39.570554,13090476,18,0,2019-01-24 18:15:29, 소모임 이름을 저렇게 해놓은 이유가 뭘까요.. ,1626,3,0,0
