check_time,id,post_reply,post_symph,post_time,post_title,post_view,post_view_diff,post_reply_diff,post_symph_diff
2019-01-30 19:57:25.672959,13113658,0,17,2019-01-30 18:57:14, 어그로/알바 피해서 커뮤니티 잠시 쉬지마세요. 그러면 그 놈들 현실에서 보게됩니다. ,315,315,0,17
2019-01-30 20:57:17.778185,13113658,0,18,2019-01-30 18:57:14, 어그로/알바 피해서 커뮤니티 잠시 쉬지마세요. 그러면 그 놈들 현실에서 보게됩니다. ,332,17,0,1
2019-01-30 21:57:22.888938,13113658,0,18,2019-01-30 18:57:14, 어그로/알바 피해서 커뮤니티 잠시 쉬지마세요. 그러면 그 놈들 현실에서 보게됩니다. ,347,15,0,0
2019-01-30 22:57:14.949876,13113658,0,18,2019-01-30 18:57:14, 어그로/알바 피해서 커뮤니티 잠시 쉬지마세요. 그러면 그 놈들 현실에서 보게됩니다. ,361,14,0,0
2019-01-30 23:57:20.294642,13113658,0,18,2019-01-30 18:57:14, 어그로/알바 피해서 커뮤니티 잠시 쉬지마세요. 그러면 그 놈들 현실에서 보게됩니다. ,374,13,0,0
2019-01-31 00:57:25.536016,13113658,0,18,2019-01-30 18:57:14, 어그로/알바 피해서 커뮤니티 잠시 쉬지마세요. 그러면 그 놈들 현실에서 보게됩니다. ,382,8,0,0
2019-01-31 01:57:17.517022,13113658,0,18,2019-01-30 18:57:14, 어그로/알바 피해서 커뮤니티 잠시 쉬지마세요. 그러면 그 놈들 현실에서 보게됩니다. ,385,3,0,0
2019-01-31 02:57:22.495861,13113658,0,18,2019-01-30 18:57:14, 어그로/알바 피해서 커뮤니티 잠시 쉬지마세요. 그러면 그 놈들 현실에서 보게됩니다. ,393,8,0,0
2019-01-31 03:57:14.528964,13113658,0,18,2019-01-30 18:57:14, 어그로/알바 피해서 커뮤니티 잠시 쉬지마세요. 그러면 그 놈들 현실에서 보게됩니다. ,395,2,0,0
2019-01-31 04:57:19.478831,13113658,0,18,2019-01-30 18:57:14, 어그로/알바 피해서 커뮤니티 잠시 쉬지마세요. 그러면 그 놈들 현실에서 보게됩니다. ,401,6,0,0
2019-01-31 05:57:24.621391,13113658,0,18,2019-01-30 18:57:14, 어그로/알바 피해서 커뮤니티 잠시 쉬지마세요. 그러면 그 놈들 현실에서 보게됩니다. ,402,1,0,0
2019-01-31 06:57:16.602956,13113658,0,18,2019-01-30 18:57:14, 어그로/알바 피해서 커뮤니티 잠시 쉬지마세요. 그러면 그 놈들 현실에서 보게됩니다. ,404,2,0,0
2019-01-31 07:57:21.901000,13113658,0,18,2019-01-30 18:57:14, 어그로/알바 피해서 커뮤니티 잠시 쉬지마세요. 그러면 그 놈들 현실에서 보게됩니다. ,406,2,0,0
2019-01-31 08:57:14.024394,13113658,0,18,2019-01-30 18:57:14, 어그로/알바 피해서 커뮤니티 잠시 쉬지마세요. 그러면 그 놈들 현실에서 보게됩니다. ,410,4,0,0
2019-01-31 09:57:19.269875,13113658,0,18,2019-01-30 18:57:14, 어그로/알바 피해서 커뮤니티 잠시 쉬지마세요. 그러면 그 놈들 현실에서 보게됩니다. ,413,3,0,0
2019-01-31 10:57:24.400373,13113658,0,18,2019-01-30 18:57:14, 어그로/알바 피해서 커뮤니티 잠시 쉬지마세요. 그러면 그 놈들 현실에서 보게됩니다. ,414,1,0,0
2019-01-31 11:57:16.541060,13113658,0,18,2019-01-30 18:57:14, 어그로/알바 피해서 커뮤니티 잠시 쉬지마세요. 그러면 그 놈들 현실에서 보게됩니다. ,415,1,0,0
2019-01-31 12:57:22.140723,13113658,0,18,2019-01-30 18:57:14, 어그로/알바 피해서 커뮤니티 잠시 쉬지마세요. 그러면 그 놈들 현실에서 보게됩니다. ,417,2,0,0
2019-01-31 13:57:14.210627,13113658,0,18,2019-01-30 18:57:14, 어그로/알바 피해서 커뮤니티 잠시 쉬지마세요. 그러면 그 놈들 현실에서 보게됩니다. ,418,1,0,0
2019-01-31 14:57:19.357869,13113658,0,18,2019-01-30 18:57:14, 어그로/알바 피해서 커뮤니티 잠시 쉬지마세요. 그러면 그 놈들 현실에서 보게됩니다. ,419,1,0,0
2019-01-31 15:57:24.652108,13113658,0,18,2019-01-30 18:57:14, 어그로/알바 피해서 커뮤니티 잠시 쉬지마세요. 그러면 그 놈들 현실에서 보게됩니다. ,420,1,0,0
2019-01-31 16:57:16.612330,13113658,0,18,2019-01-30 18:57:14, 어그로/알바 피해서 커뮤니티 잠시 쉬지마세요. 그러면 그 놈들 현실에서 보게됩니다. ,422,2,0,0
2019-01-31 17:57:21.984997,13113658,0,18,2019-01-30 18:57:14, 어그로/알바 피해서 커뮤니티 잠시 쉬지마세요. 그러면 그 놈들 현실에서 보게됩니다. ,422,0,0,0
2019-01-31 18:57:14.006130,13113658,0,18,2019-01-30 18:57:14, 어그로/알바 피해서 커뮤니티 잠시 쉬지마세요. 그러면 그 놈들 현실에서 보게됩니다. ,425,3,0,0
