check_time,id,post_reply,post_symph,post_time,post_title,post_view,post_view_diff,post_reply_diff,post_symph_diff
2019-01-24 19:01:39.117865,13090436,9,0,2019-01-24 18:01:32, 뒤늦게 주먹왕 랄프 1을 봅니다 ,661,661,9,0
2019-01-24 20:01:44.276933,13090436,9,0,2019-01-24 18:01:32, 뒤늦게 주먹왕 랄프 1을 봅니다 ,721,60,0,0
2019-01-24 21:01:36.438565,13090436,9,0,2019-01-24 18:01:32, 뒤늦게 주먹왕 랄프 1을 봅니다 ,739,18,0,0
2019-01-24 22:01:41.585878,13090436,9,0,2019-01-24 18:01:32, 뒤늦게 주먹왕 랄프 1을 봅니다 ,747,8,0,0
2019-01-24 23:01:33.692423,13090436,9,0,2019-01-24 18:01:32, 뒤늦게 주먹왕 랄프 1을 봅니다 ,750,3,0,0
2019-01-25 00:01:38.812890,13090436,9,0,2019-01-24 18:01:32, 뒤늦게 주먹왕 랄프 1을 봅니다 ,757,7,0,0
2019-01-25 01:01:43.987924,13090436,9,0,2019-01-24 18:01:32, 뒤늦게 주먹왕 랄프 1을 봅니다 ,761,4,0,0
2019-01-25 02:01:35.979713,13090436,9,0,2019-01-24 18:01:32, 뒤늦게 주먹왕 랄프 1을 봅니다 ,767,6,0,0
2019-01-25 03:01:40.997218,13090436,9,0,2019-01-24 18:01:32, 뒤늦게 주먹왕 랄프 1을 봅니다 ,769,2,0,0
2019-01-25 04:01:33.056978,13090436,9,0,2019-01-24 18:01:32, 뒤늦게 주먹왕 랄프 1을 봅니다 ,770,1,0,0
2019-01-25 05:01:38.110516,13090436,9,0,2019-01-24 18:01:32, 뒤늦게 주먹왕 랄프 1을 봅니다 ,772,2,0,0
2019-01-25 06:01:43.231044,13090436,9,0,2019-01-24 18:01:32, 뒤늦게 주먹왕 랄프 1을 봅니다 ,774,2,0,0
2019-01-25 07:01:35.255628,13090436,9,0,2019-01-24 18:01:32, 뒤늦게 주먹왕 랄프 1을 봅니다 ,776,2,0,0
2019-01-25 08:01:40.509494,13090436,9,0,2019-01-24 18:01:32, 뒤늦게 주먹왕 랄프 1을 봅니다 ,779,3,0,0
2019-01-25 09:01:32.490525,13090436,9,0,2019-01-24 18:01:32, 뒤늦게 주먹왕 랄프 1을 봅니다 ,781,2,0,0
2019-01-25 10:01:37.489999,13090436,9,0,2019-01-24 18:01:32, 뒤늦게 주먹왕 랄프 1을 봅니다 ,783,2,0,0
2019-01-25 11:01:42.527296,13090436,9,0,2019-01-24 18:01:32, 뒤늦게 주먹왕 랄프 1을 봅니다 ,785,2,0,0
2019-01-25 12:01:34.577013,13090436,9,0,2019-01-24 18:01:32, 뒤늦게 주먹왕 랄프 1을 봅니다 ,787,2,0,0
2019-01-25 13:01:39.660761,13090436,9,0,2019-01-24 18:01:32, 뒤늦게 주먹왕 랄프 1을 봅니다 ,788,1,0,0
2019-01-25 14:01:44.736712,13090436,9,0,2019-01-24 18:01:32, 뒤늦게 주먹왕 랄프 1을 봅니다 ,791,3,0,0
2019-01-25 15:01:37.714158,13090436,9,0,2019-01-24 18:01:32, 뒤늦게 주먹왕 랄프 1을 봅니다 ,795,4,0,0
2019-01-25 16:01:42.860137,13090436,9,0,2019-01-24 18:01:32, 뒤늦게 주먹왕 랄프 1을 봅니다 ,796,1,0,0
2019-01-25 17:01:35.063817,13090436,9,0,2019-01-24 18:01:32, 뒤늦게 주먹왕 랄프 1을 봅니다 ,797,1,0,0
2019-01-25 18:01:40.197683,13090436,9,0,2019-01-24 18:01:32, 뒤늦게 주먹왕 랄프 1을 봅니다 ,798,1,0,0
