check_time,id,post_reply,post_symph,post_time,post_title,post_view,post_view_diff,post_reply_diff,post_symph_diff
2019-01-30 19:02:36.960287,13113440,7,3,2019-01-30 18:02:25, 오늘은 저희 아들에게 중요한 날?이 될 것 같습니다(후기) ,1098,1098,7,3
2019-01-30 20:02:29.176525,13113440,7,3,2019-01-30 18:02:25, 오늘은 저희 아들에게 중요한 날?이 될 것 같습니다(후기) ,1182,84,0,0
2019-01-30 21:02:34.279511,13113440,7,3,2019-01-30 18:02:25, 오늘은 저희 아들에게 중요한 날?이 될 것 같습니다(후기) ,1210,28,0,0
2019-01-30 22:02:26.411469,13113440,7,3,2019-01-30 18:02:25, 오늘은 저희 아들에게 중요한 날?이 될 것 같습니다(후기) ,1231,21,0,0
2019-01-30 23:02:31.499584,13113440,7,3,2019-01-30 18:02:25, 오늘은 저희 아들에게 중요한 날?이 될 것 같습니다(후기) ,1247,16,0,0
2019-01-31 00:02:36.592639,13113440,7,3,2019-01-30 18:02:25, 오늘은 저희 아들에게 중요한 날?이 될 것 같습니다(후기) ,1257,10,0,0
2019-01-31 01:02:28.681665,13113440,7,3,2019-01-30 18:02:25, 오늘은 저희 아들에게 중요한 날?이 될 것 같습니다(후기) ,1265,8,0,0
2019-01-31 02:02:33.966666,13113440,7,3,2019-01-30 18:02:25, 오늘은 저희 아들에게 중요한 날?이 될 것 같습니다(후기) ,1270,5,0,0
2019-01-31 03:02:25.937082,13113440,7,3,2019-01-30 18:02:25, 오늘은 저희 아들에게 중요한 날?이 될 것 같습니다(후기) ,1272,2,0,0
2019-01-31 04:02:31.099966,13113440,7,3,2019-01-30 18:02:25, 오늘은 저희 아들에게 중요한 날?이 될 것 같습니다(후기) ,1274,2,0,0
2019-01-31 05:02:36.231486,13113440,7,3,2019-01-30 18:02:25, 오늘은 저희 아들에게 중요한 날?이 될 것 같습니다(후기) ,1278,4,0,0
2019-01-31 06:02:28.280541,13113440,7,3,2019-01-30 18:02:25, 오늘은 저희 아들에게 중요한 날?이 될 것 같습니다(후기) ,1280,2,0,0
2019-01-31 07:02:33.337336,13113440,7,3,2019-01-30 18:02:25, 오늘은 저희 아들에게 중요한 날?이 될 것 같습니다(후기) ,1281,1,0,0
2019-01-31 08:02:25.515879,13113440,7,3,2019-01-30 18:02:25, 오늘은 저희 아들에게 중요한 날?이 될 것 같습니다(후기) ,1282,1,0,0
2019-01-31 09:02:30.483260,13113440,7,3,2019-01-30 18:02:25, 오늘은 저희 아들에게 중요한 날?이 될 것 같습니다(후기) ,1286,4,0,0
2019-01-31 10:02:35.726972,13113440,7,3,2019-01-30 18:02:25, 오늘은 저희 아들에게 중요한 날?이 될 것 같습니다(후기) ,1289,3,0,0
2019-01-31 11:02:27.805078,13113440,7,3,2019-01-30 18:02:25, 오늘은 저희 아들에게 중요한 날?이 될 것 같습니다(후기) ,1291,2,0,0
2019-01-31 12:02:32.936679,13113440,7,3,2019-01-30 18:02:25, 오늘은 저희 아들에게 중요한 날?이 될 것 같습니다(후기) ,1295,4,0,0
2019-01-31 13:02:25.063072,13113440,7,3,2019-01-30 18:02:25, 오늘은 저희 아들에게 중요한 날?이 될 것 같습니다(후기) ,1297,2,0,0
2019-01-31 14:02:30.129466,13113440,7,3,2019-01-30 18:02:25, 오늘은 저희 아들에게 중요한 날?이 될 것 같습니다(후기) ,1299,2,0,0
2019-01-31 15:02:36.090555,13113440,7,3,2019-01-30 18:02:25, 오늘은 저희 아들에게 중요한 날?이 될 것 같습니다(후기) ,1300,1,0,0
2019-01-31 16:02:28.157904,13113440,7,3,2019-01-30 18:02:25, 오늘은 저희 아들에게 중요한 날?이 될 것 같습니다(후기) ,1302,2,0,0
2019-01-31 17:02:33.580994,13113440,7,3,2019-01-30 18:02:25, 오늘은 저희 아들에게 중요한 날?이 될 것 같습니다(후기) ,1303,1,0,0
2019-01-31 18:02:25.617254,13113440,7,3,2019-01-30 18:02:25, 오늘은 저희 아들에게 중요한 날?이 될 것 같습니다(후기) ,1304,1,0,0
