check_time,id,post_reply,post_symph,post_time,post_title,post_view,post_view_diff,post_reply_diff,post_symph_diff
2019-01-28 19:25:08.387091,13105560,8,0,2019-01-28 18:25:03, 드래곤볼 액션RPG 게임 '프로젝트 Z' 트레일러 ,1146,1146,8,0
2019-01-28 20:25:13.534185,13105560,8,0,2019-01-28 18:25:03, 드래곤볼 액션RPG 게임 '프로젝트 Z' 트레일러 ,1323,177,0,0
2019-01-28 21:25:05.624195,13105560,8,0,2019-01-28 18:25:03, 드래곤볼 액션RPG 게임 '프로젝트 Z' 트레일러 ,1407,84,0,0
2019-01-28 22:25:10.806995,13105560,8,0,2019-01-28 18:25:03, 드래곤볼 액션RPG 게임 '프로젝트 Z' 트레일러 ,1437,30,0,0
2019-01-28 23:25:16.007367,13105560,8,0,2019-01-28 18:25:03, 드래곤볼 액션RPG 게임 '프로젝트 Z' 트레일러 ,1457,20,0,0
2019-01-29 00:25:08.304601,13105560,8,0,2019-01-28 18:25:03, 드래곤볼 액션RPG 게임 '프로젝트 Z' 트레일러 ,1475,18,0,0
2019-01-29 01:25:13.453521,13105560,8,0,2019-01-28 18:25:03, 드래곤볼 액션RPG 게임 '프로젝트 Z' 트레일러 ,1484,9,0,0
2019-01-29 02:25:05.771906,13105560,8,0,2019-01-28 18:25:03, 드래곤볼 액션RPG 게임 '프로젝트 Z' 트레일러 ,1493,9,0,0
2019-01-29 03:25:11.010720,13105560,8,0,2019-01-28 18:25:03, 드래곤볼 액션RPG 게임 '프로젝트 Z' 트레일러 ,1497,4,0,0
2019-01-29 04:25:03.294006,13105560,8,0,2019-01-28 18:25:03, 드래곤볼 액션RPG 게임 '프로젝트 Z' 트레일러 ,1501,4,0,0
2019-01-29 05:25:08.339526,13105560,8,0,2019-01-28 18:25:03, 드래곤볼 액션RPG 게임 '프로젝트 Z' 트레일러 ,1504,3,0,0
2019-01-29 06:25:13.389046,13105560,8,0,2019-01-28 18:25:03, 드래곤볼 액션RPG 게임 '프로젝트 Z' 트레일러 ,1507,3,0,0
2019-01-29 07:25:05.468915,13105560,8,0,2019-01-28 18:25:03, 드래곤볼 액션RPG 게임 '프로젝트 Z' 트레일러 ,1513,6,0,0
2019-01-29 08:25:10.559302,13105560,8,0,2019-01-28 18:25:03, 드래곤볼 액션RPG 게임 '프로젝트 Z' 트레일러 ,1518,5,0,0
2019-01-29 09:25:15.590884,13105560,8,0,2019-01-28 18:25:03, 드래곤볼 액션RPG 게임 '프로젝트 Z' 트레일러 ,1523,5,0,0
2019-01-29 10:25:07.636602,13105560,8,0,2019-01-28 18:25:03, 드래곤볼 액션RPG 게임 '프로젝트 Z' 트레일러 ,1531,8,0,0
2019-01-29 11:25:12.770195,13105560,8,0,2019-01-28 18:25:03, 드래곤볼 액션RPG 게임 '프로젝트 Z' 트레일러 ,1535,4,0,0
2019-01-29 12:25:04.973494,13105560,8,0,2019-01-28 18:25:03, 드래곤볼 액션RPG 게임 '프로젝트 Z' 트레일러 ,1538,3,0,0
2019-01-29 13:25:10.276023,13105560,8,0,2019-01-28 18:25:03, 드래곤볼 액션RPG 게임 '프로젝트 Z' 트레일러 ,1542,4,0,0
2019-01-29 14:25:15.398938,13105560,8,0,2019-01-28 18:25:03, 드래곤볼 액션RPG 게임 '프로젝트 Z' 트레일러 ,1544,2,0,0
2019-01-29 15:25:07.535268,13105560,8,0,2019-01-28 18:25:03, 드래곤볼 액션RPG 게임 '프로젝트 Z' 트레일러 ,1545,1,0,0
2019-01-29 16:25:12.670617,13105560,8,0,2019-01-28 18:25:03, 드래곤볼 액션RPG 게임 '프로젝트 Z' 트레일러 ,1548,3,0,0
2019-01-29 17:25:04.778350,13105560,8,0,2019-01-28 18:25:03, 드래곤볼 액션RPG 게임 '프로젝트 Z' 트레일러 ,1551,3,0,0
2019-01-29 18:25:10.036434,13105560,8,0,2019-01-28 18:25:03, 드래곤볼 액션RPG 게임 '프로젝트 Z' 트레일러 ,1553,2,0,0
