check_time,id,post_reply,post_symph,post_time,post_title,post_view,post_view_diff,post_reply_diff,post_symph_diff
2019-01-27 19:06:55.019137,13101677,7,0,2019-01-27 18:06:54, 요즘 읽은 책 ,1053,1053,7,0
2019-01-27 20:07:00.207192,13101677,8,0,2019-01-27 18:06:54, 요즘 읽은 책 ,1226,173,1,0
2019-01-27 21:07:06.144272,13101677,8,0,2019-01-27 18:06:54, 요즘 읽은 책 ,1314,88,0,0
2019-01-27 22:06:58.189714,13101677,9,0,2019-01-27 18:06:54, 요즘 읽은 책 ,1360,46,1,0
2019-01-27 23:07:03.240432,13101677,10,0,2019-01-27 18:06:54, 요즘 읽은 책 ,1389,29,1,0
2019-01-28 00:06:55.307922,13101677,10,0,2019-01-27 18:06:54, 요즘 읽은 책 ,1408,19,0,0
2019-01-28 01:07:00.538452,13101677,10,0,2019-01-27 18:06:54, 요즘 읽은 책 ,1414,6,0,0
2019-01-28 02:07:05.590945,13101677,10,0,2019-01-27 18:06:54, 요즘 읽은 책 ,1419,5,0,0
2019-01-28 03:06:57.895332,13101677,10,0,2019-01-27 18:06:54, 요즘 읽은 책 ,1424,5,0,0
2019-01-28 04:07:03.184986,13101677,10,0,2019-01-27 18:06:54, 요즘 읽은 책 ,1425,1,0,0
2019-01-28 05:06:55.336950,13101677,10,0,2019-01-27 18:06:54, 요즘 읽은 책 ,1427,2,0,0
2019-01-28 06:07:00.461604,13101677,10,0,2019-01-27 18:06:54, 요즘 읽은 책 ,1428,1,0,0
2019-01-28 07:07:05.603669,13101677,10,0,2019-01-27 18:06:54, 요즘 읽은 책 ,1432,4,0,0
2019-01-28 08:06:57.709558,13101677,10,0,2019-01-27 18:06:54, 요즘 읽은 책 ,1438,6,0,0
2019-01-28 09:07:03.129560,13101677,10,0,2019-01-27 18:06:54, 요즘 읽은 책 ,1440,2,0,0
2019-01-28 10:06:55.136948,13101677,10,0,2019-01-27 18:06:54, 요즘 읽은 책 ,1444,4,0,0
2019-01-28 11:07:00.253376,13101677,10,0,2019-01-27 18:06:54, 요즘 읽은 책 ,1449,5,0,0
2019-01-28 12:07:05.419862,13101677,10,0,2019-01-27 18:06:54, 요즘 읽은 책 ,1452,3,0,0
2019-01-28 13:06:57.451122,13101677,10,0,2019-01-27 18:06:54, 요즘 읽은 책 ,1455,3,0,0
2019-01-28 14:07:02.537882,13101677,10,0,2019-01-27 18:06:54, 요즘 읽은 책 ,1457,2,0,0
2019-01-28 15:06:54.524590,13101677,10,0,2019-01-27 18:06:54, 요즘 읽은 책 ,1459,2,0,0
2019-01-28 16:06:59.551601,13101677,10,0,2019-01-27 18:06:54, 요즘 읽은 책 ,1460,1,0,0
2019-01-28 17:07:04.686271,13101677,10,0,2019-01-27 18:06:54, 요즘 읽은 책 ,1462,2,0,0
2019-01-28 18:06:56.864901,13101677,10,0,2019-01-27 18:06:54, 요즘 읽은 책 ,1463,1,0,0
