check_time,id,post_reply,post_symph,post_time,post_title,post_view,post_view_diff,post_reply_diff,post_symph_diff
2019-01-31 19:01:16.637039,13117141,2,0,2019-01-31 18:01:15, ps4pro 1tb 신도림이나 부천 없겠죠? ,635,635,2,0
2019-01-31 20:01:21.748976,13117141,2,0,2019-01-31 18:01:15, ps4pro 1tb 신도림이나 부천 없겠죠? ,718,83,0,0
2019-01-31 21:01:26.889844,13117141,2,0,2019-01-31 18:01:15, ps4pro 1tb 신도림이나 부천 없겠죠? ,748,30,0,0
2019-01-31 22:01:19.065415,13117141,2,0,2019-01-31 18:01:15, ps4pro 1tb 신도림이나 부천 없겠죠? ,773,25,0,0
2019-01-31 23:01:24.129073,13117141,2,0,2019-01-31 18:01:15, ps4pro 1tb 신도림이나 부천 없겠죠? ,797,24,0,0
2019-02-01 00:01:16.438939,13117141,2,0,2019-01-31 18:01:15, ps4pro 1tb 신도림이나 부천 없겠죠? ,818,21,0,0
2019-02-01 01:01:21.571703,13117141,2,0,2019-01-31 18:01:15, ps4pro 1tb 신도림이나 부천 없겠죠? ,828,10,0,0
2019-02-01 02:01:26.604248,13117141,2,0,2019-01-31 18:01:15, ps4pro 1tb 신도림이나 부천 없겠죠? ,833,5,0,0
2019-02-01 03:01:18.623479,13117141,2,0,2019-01-31 18:01:15, ps4pro 1tb 신도림이나 부천 없겠죠? ,838,5,0,0
2019-02-01 04:01:23.610045,13117141,2,0,2019-01-31 18:01:15, ps4pro 1tb 신도림이나 부천 없겠죠? ,842,4,0,0
2019-02-01 05:01:15.640623,13117141,2,0,2019-01-31 18:01:15, ps4pro 1tb 신도림이나 부천 없겠죠? ,847,5,0,0
2019-02-01 06:01:20.620015,13117141,2,0,2019-01-31 18:01:15, ps4pro 1tb 신도림이나 부천 없겠죠? ,850,3,0,0
2019-02-01 07:01:25.623857,13117141,2,0,2019-01-31 18:01:15, ps4pro 1tb 신도림이나 부천 없겠죠? ,854,4,0,0
2019-02-01 08:01:17.623377,13117141,2,0,2019-01-31 18:01:15, ps4pro 1tb 신도림이나 부천 없겠죠? ,860,6,0,0
2019-02-01 09:01:22.622886,13117141,2,0,2019-01-31 18:01:15, ps4pro 1tb 신도림이나 부천 없겠죠? ,869,9,0,0
2019-02-01 10:01:27.657620,13117141,2,0,2019-01-31 18:01:15, ps4pro 1tb 신도림이나 부천 없겠죠? ,875,6,0,0
2019-02-01 11:01:19.698007,13117141,2,0,2019-01-31 18:01:15, ps4pro 1tb 신도림이나 부천 없겠죠? ,891,16,0,0
2019-02-01 12:01:24.733603,13117141,2,0,2019-01-31 18:01:15, ps4pro 1tb 신도림이나 부천 없겠죠? ,896,5,0,0
2019-02-01 13:01:16.765583,13117141,2,0,2019-01-31 18:01:15, ps4pro 1tb 신도림이나 부천 없겠죠? ,904,8,0,0
2019-02-01 14:01:21.808576,13117141,2,0,2019-01-31 18:01:15, ps4pro 1tb 신도림이나 부천 없겠죠? ,910,6,0,0
2019-02-01 15:01:26.853564,13117141,2,0,2019-01-31 18:01:15, ps4pro 1tb 신도림이나 부천 없겠죠? ,919,9,0,0
2019-02-01 16:01:18.912173,13117141,2,0,2019-01-31 18:01:15, ps4pro 1tb 신도림이나 부천 없겠죠? ,923,4,0,0
2019-02-01 17:01:23.939384,13117141,2,0,2019-01-31 18:01:15, ps4pro 1tb 신도림이나 부천 없겠죠? ,926,3,0,0
2019-02-01 18:01:16.177253,13117141,2,0,2019-01-31 18:01:15, ps4pro 1tb 신도림이나 부천 없겠죠? ,928,2,0,0
