check_time,id,post_reply,post_symph,post_time,post_title,post_view,post_view_diff,post_reply_diff,post_symph_diff
2019-01-27 19:46:42.453954,13101776,0,0,2019-01-27 18:46:30, Anthem 잠깐 해봤습니다. ,475,475,0,0
2019-01-27 20:46:34.708819,13101776,1,0,2019-01-27 18:46:30, Anthem 잠깐 해봤습니다. ,559,84,1,0
2019-01-27 21:46:39.780485,13101776,1,0,2019-01-27 18:46:30, Anthem 잠깐 해봤습니다. ,607,48,0,0
2019-01-27 22:46:32.166381,13101776,1,0,2019-01-27 18:46:30, Anthem 잠깐 해봤습니다. ,626,19,0,0
2019-01-27 23:46:37.337268,13101776,1,0,2019-01-27 18:46:30, Anthem 잠깐 해봤습니다. ,636,10,0,0
2019-01-28 00:46:42.590002,13101776,1,0,2019-01-27 18:46:30, Anthem 잠깐 해봤습니다. ,640,4,0,0
2019-01-28 01:46:35.154471,13101776,1,0,2019-01-27 18:46:30, Anthem 잠깐 해봤습니다. ,643,3,0,0
2019-01-28 02:46:40.623132,13101776,1,0,2019-01-27 18:46:30, Anthem 잠깐 해봤습니다. ,646,3,0,0
2019-01-28 03:46:32.706838,13101776,1,0,2019-01-27 18:46:30, Anthem 잠깐 해봤습니다. ,648,2,0,0
2019-01-28 04:46:37.913907,13101776,1,0,2019-01-27 18:46:30, Anthem 잠깐 해봤습니다. ,650,2,0,0
2019-01-28 05:46:43.008896,13101776,1,0,2019-01-27 18:46:30, Anthem 잠깐 해봤습니다. ,651,1,0,0
2019-01-28 06:46:35.048876,13101776,1,0,2019-01-27 18:46:30, Anthem 잠깐 해봤습니다. ,652,1,0,0
2019-01-28 07:46:40.307574,13101776,1,0,2019-01-27 18:46:30, Anthem 잠깐 해봤습니다. ,655,3,0,0
2019-01-28 08:46:32.498293,13101776,1,0,2019-01-27 18:46:30, Anthem 잠깐 해봤습니다. ,657,2,0,0
2019-01-28 09:46:37.574053,13101776,1,0,2019-01-27 18:46:30, Anthem 잠깐 해봤습니다. ,660,3,0,0
2019-01-28 10:46:30.077825,13101776,1,0,2019-01-27 18:46:30, Anthem 잠깐 해봤습니다. ,661,1,0,0
2019-01-28 11:46:35.127279,13101776,1,0,2019-01-27 18:46:30, Anthem 잠깐 해봤습니다. ,663,2,0,0
2019-01-28 12:46:40.366603,13101776,1,0,2019-01-27 18:46:30, Anthem 잠깐 해봤습니다. ,664,1,0,0
2019-01-28 13:46:33.235749,13101776,1,0,2019-01-27 18:46:30, Anthem 잠깐 해봤습니다. ,665,1,0,0
2019-01-28 14:46:38.440414,13101776,1,0,2019-01-27 18:46:30, Anthem 잠깐 해봤습니다. ,666,1,0,0
2019-01-28 15:46:30.594450,13101776,1,0,2019-01-27 18:46:30, Anthem 잠깐 해봤습니다. ,667,1,0,0
2019-01-28 16:46:35.750382,13101776,1,0,2019-01-27 18:46:30, Anthem 잠깐 해봤습니다. ,668,1,0,0
2019-01-28 17:46:41.167103,13101776,1,0,2019-01-27 18:46:30, Anthem 잠깐 해봤습니다. ,670,2,0,0
2019-01-28 18:46:33.213665,13101776,1,0,2019-01-27 18:46:30, Anthem 잠깐 해봤습니다. ,672,2,0,0
