check_time,id,post_reply,post_symph,post_time,post_title,post_view,post_view_diff,post_reply_diff,post_symph_diff
2019-01-29 19:37:28.293595,13109255,8,2,2019-01-29 18:37:19, [혐주의] 이토준지 멜로드라마(새드엔딩) ,1918,1918,8,2
2019-01-29 20:37:20.568146,13109255,8,2,2019-01-29 18:37:19, [혐주의] 이토준지 멜로드라마(새드엔딩) ,2180,262,0,0
2019-01-29 21:37:25.677785,13109255,8,2,2019-01-29 18:37:19, [혐주의] 이토준지 멜로드라마(새드엔딩) ,2305,125,0,0
2019-01-29 22:37:30.749278,13109255,8,2,2019-01-29 18:37:19, [혐주의] 이토준지 멜로드라마(새드엔딩) ,2374,69,0,0
2019-01-29 23:37:22.865902,13109255,8,2,2019-01-29 18:37:19, [혐주의] 이토준지 멜로드라마(새드엔딩) ,2416,42,0,0
2019-01-30 00:37:28.226711,13109255,8,2,2019-01-29 18:37:19, [혐주의] 이토준지 멜로드라마(새드엔딩) ,2439,23,0,0
2019-01-30 01:37:20.326963,13109255,8,2,2019-01-29 18:37:19, [혐주의] 이토준지 멜로드라마(새드엔딩) ,2459,20,0,0
2019-01-30 02:37:25.431621,13109255,8,2,2019-01-29 18:37:19, [혐주의] 이토준지 멜로드라마(새드엔딩) ,2469,10,0,0
2019-01-30 03:37:30.605820,13109255,8,2,2019-01-29 18:37:19, [혐주의] 이토준지 멜로드라마(새드엔딩) ,2476,7,0,0
2019-01-30 04:37:22.655264,13109255,8,2,2019-01-29 18:37:19, [혐주의] 이토준지 멜로드라마(새드엔딩) ,2482,6,0,0
2019-01-30 05:37:27.760140,13109255,8,2,2019-01-29 18:37:19, [혐주의] 이토준지 멜로드라마(새드엔딩) ,2485,3,0,0
2019-01-30 06:37:19.820864,13109255,8,2,2019-01-29 18:37:19, [혐주의] 이토준지 멜로드라마(새드엔딩) ,2487,2,0,0
2019-01-30 07:37:24.873945,13109255,8,2,2019-01-29 18:37:19, [혐주의] 이토준지 멜로드라마(새드엔딩) ,2495,8,0,0
2019-01-30 08:37:29.902203,13109255,8,2,2019-01-29 18:37:19, [혐주의] 이토준지 멜로드라마(새드엔딩) ,2506,11,0,0
2019-01-30 09:37:21.926436,13109255,8,2,2019-01-29 18:37:19, [혐주의] 이토준지 멜로드라마(새드엔딩) ,2514,8,0,0
2019-01-30 10:37:27.037150,13109255,8,2,2019-01-29 18:37:19, [혐주의] 이토준지 멜로드라마(새드엔딩) ,2522,8,0,0
2019-01-30 11:37:19.049402,13109255,8,2,2019-01-29 18:37:19, [혐주의] 이토준지 멜로드라마(새드엔딩) ,2528,6,0,0
2019-01-30 12:37:24.395030,13109255,8,2,2019-01-29 18:37:19, [혐주의] 이토준지 멜로드라마(새드엔딩) ,2530,2,0,0
2019-01-30 13:37:29.537478,13109255,8,2,2019-01-29 18:37:19, [혐주의] 이토준지 멜로드라마(새드엔딩) ,2536,6,0,0
2019-01-30 14:37:21.727350,13109255,8,2,2019-01-29 18:37:19, [혐주의] 이토준지 멜로드라마(새드엔딩) ,2543,7,0,0
2019-01-30 15:37:26.869233,13109255,8,2,2019-01-29 18:37:19, [혐주의] 이토준지 멜로드라마(새드엔딩) ,2547,4,0,0
2019-01-30 16:37:31.983247,13109255,8,2,2019-01-29 18:37:19, [혐주의] 이토준지 멜로드라마(새드엔딩) ,2549,2,0,0
2019-01-30 17:37:24.269358,13109255,8,2,2019-01-29 18:37:19, [혐주의] 이토준지 멜로드라마(새드엔딩) ,2552,3,0,0
2019-01-30 18:37:29.480198,13109255,8,2,2019-01-29 18:37:19, [혐주의] 이토준지 멜로드라마(새드엔딩) ,2553,1,0,0
