check_time,id,post_reply,post_symph,post_time,post_title,post_view,post_view_diff,post_reply_diff,post_symph_diff
2019-01-27 19:57:02.002524,13101810,3,0,2019-01-27 18:56:59, 플스대란 소식을 가장 먼저 접했음에도 불구 아직도 ,1382,1382,3,0
2019-01-27 20:57:07.047118,13101810,3,0,2019-01-27 18:56:59, 플스대란 소식을 가장 먼저 접했음에도 불구 아직도 ,1664,282,0,0
2019-01-27 21:56:59.089458,13101810,3,0,2019-01-27 18:56:59, 플스대란 소식을 가장 먼저 접했음에도 불구 아직도 ,1782,118,0,0
2019-01-27 22:57:04.171077,13101810,3,0,2019-01-27 18:56:59, 플스대란 소식을 가장 먼저 접했음에도 불구 아직도 ,1855,73,0,0
2019-01-27 23:57:09.635696,13101810,3,0,2019-01-27 18:56:59, 플스대란 소식을 가장 먼저 접했음에도 불구 아직도 ,1894,39,0,0
2019-01-28 00:57:02.442690,13101810,3,0,2019-01-27 18:56:59, 플스대란 소식을 가장 먼저 접했음에도 불구 아직도 ,1935,41,0,0
2019-01-28 01:57:07.796317,13101810,3,0,2019-01-27 18:56:59, 플스대란 소식을 가장 먼저 접했음에도 불구 아직도 ,1943,8,0,0
2019-01-28 02:57:00.094219,13101810,3,0,2019-01-27 18:56:59, 플스대란 소식을 가장 먼저 접했음에도 불구 아직도 ,1952,9,0,0
2019-01-28 03:57:05.260544,13101810,3,0,2019-01-27 18:56:59, 플스대란 소식을 가장 먼저 접했음에도 불구 아직도 ,1955,3,0,0
2019-01-28 04:57:10.435278,13101810,3,0,2019-01-27 18:56:59, 플스대란 소식을 가장 먼저 접했음에도 불구 아직도 ,1962,7,0,0
2019-01-28 05:57:02.463136,13101810,3,0,2019-01-27 18:56:59, 플스대란 소식을 가장 먼저 접했음에도 불구 아직도 ,1968,6,0,0
2019-01-28 06:57:07.557072,13101810,3,0,2019-01-27 18:56:59, 플스대란 소식을 가장 먼저 접했음에도 불구 아직도 ,1973,5,0,0
2019-01-28 07:57:00.952849,13101810,3,0,2019-01-27 18:56:59, 플스대란 소식을 가장 먼저 접했음에도 불구 아직도 ,1990,17,0,0
2019-01-28 08:57:06.921642,13101810,3,0,2019-01-27 18:56:59, 플스대란 소식을 가장 먼저 접했음에도 불구 아직도 ,2000,10,0,0
2019-01-28 09:56:59.415241,13101810,3,0,2019-01-27 18:56:59, 플스대란 소식을 가장 먼저 접했음에도 불구 아직도 ,2015,15,0,0
2019-01-28 10:57:04.526052,13101810,3,0,2019-01-27 18:56:59, 플스대란 소식을 가장 먼저 접했음에도 불구 아직도 ,2031,16,0,0
2019-01-28 11:57:09.694001,13101810,3,0,2019-01-27 18:56:59, 플스대란 소식을 가장 먼저 접했음에도 불구 아직도 ,2043,12,0,0
2019-01-28 12:57:01.774094,13101810,3,0,2019-01-27 18:56:59, 플스대란 소식을 가장 먼저 접했음에도 불구 아직도 ,2056,13,0,0
2019-01-28 13:57:07.208647,13101810,3,0,2019-01-27 18:56:59, 플스대란 소식을 가장 먼저 접했음에도 불구 아직도 ,2064,8,0,0
2019-01-28 14:56:59.235478,13101810,3,0,2019-01-27 18:56:59, 플스대란 소식을 가장 먼저 접했음에도 불구 아직도 ,2070,6,0,0
2019-01-28 15:57:04.266731,13101810,3,0,2019-01-27 18:56:59, 플스대란 소식을 가장 먼저 접했음에도 불구 아직도 ,2071,1,0,0
2019-01-28 16:57:09.327919,13101810,3,0,2019-01-27 18:56:59, 플스대란 소식을 가장 먼저 접했음에도 불구 아직도 ,2077,6,0,0
2019-01-28 17:57:01.379449,13101810,3,0,2019-01-27 18:56:59, 플스대란 소식을 가장 먼저 접했음에도 불구 아직도 ,2080,3,0,0
2019-01-28 18:57:06.587897,13101810,3,0,2019-01-27 18:56:59, 플스대란 소식을 가장 먼저 접했음에도 불구 아직도 ,2084,4,0,0
