check_time,id,post_reply,post_symph,post_time,post_title,post_view,post_view_diff,post_reply_diff,post_symph_diff
2019-01-30 19:26:54.208604,13113534,3,0,2019-01-30 18:26:53, 사법부가 죽었다는 소리가 들리는 군요 ,622,622,3,0
2019-01-30 20:26:59.292544,13113534,3,0,2019-01-30 18:26:53, 사법부가 죽었다는 소리가 들리는 군요 ,661,39,0,0
2019-01-30 21:27:04.315661,13113534,3,0,2019-01-30 18:26:53, 사법부가 죽었다는 소리가 들리는 군요 ,668,7,0,0
2019-01-30 22:26:56.433104,13113534,3,0,2019-01-30 18:26:53, 사법부가 죽었다는 소리가 들리는 군요 ,676,8,0,0
2019-01-30 23:27:01.621459,13113534,3,0,2019-01-30 18:26:53, 사법부가 죽었다는 소리가 들리는 군요 ,679,3,0,0
2019-01-31 00:26:53.929455,13113534,3,0,2019-01-30 18:26:53, 사법부가 죽었다는 소리가 들리는 군요 ,683,4,0,0
2019-01-31 01:26:59.078584,13113534,3,0,2019-01-30 18:26:53, 사법부가 죽었다는 소리가 들리는 군요 ,687,4,0,0
2019-01-31 02:27:04.458201,13113534,3,0,2019-01-30 18:26:53, 사법부가 죽었다는 소리가 들리는 군요 ,689,2,0,0
2019-01-31 03:26:56.558563,13113534,3,0,2019-01-30 18:26:53, 사법부가 죽었다는 소리가 들리는 군요 ,690,1,0,0
2019-01-31 04:27:01.714438,13113534,3,0,2019-01-30 18:26:53, 사법부가 죽었다는 소리가 들리는 군요 ,691,1,0,0
2019-01-31 05:26:53.762277,13113534,3,0,2019-01-30 18:26:53, 사법부가 죽었다는 소리가 들리는 군요 ,697,6,0,0
2019-01-31 06:26:58.831256,13113534,3,0,2019-01-30 18:26:53, 사법부가 죽었다는 소리가 들리는 군요 ,698,1,0,0
2019-01-31 07:27:03.897763,13113534,3,0,2019-01-30 18:26:53, 사법부가 죽었다는 소리가 들리는 군요 ,699,1,0,0
2019-01-31 08:26:56.019908,13113534,3,0,2019-01-30 18:26:53, 사법부가 죽었다는 소리가 들리는 군요 ,701,2,0,0
2019-01-31 09:27:01.161830,13113534,3,0,2019-01-30 18:26:53, 사법부가 죽었다는 소리가 들리는 군요 ,705,4,0,0
2019-01-31 10:26:53.346818,13113534,3,0,2019-01-30 18:26:53, 사법부가 죽었다는 소리가 들리는 군요 ,706,1,0,0
2019-01-31 11:26:58.611447,13113534,3,0,2019-01-30 18:26:53, 사법부가 죽었다는 소리가 들리는 군요 ,709,3,0,0
2019-01-31 12:27:03.648130,13113534,3,0,2019-01-30 18:26:53, 사법부가 죽었다는 소리가 들리는 군요 ,710,1,0,0
2019-01-31 13:26:55.690667,13113534,3,0,2019-01-30 18:26:53, 사법부가 죽었다는 소리가 들리는 군요 ,713,3,0,0
2019-01-31 14:27:00.759303,13113534,3,0,2019-01-30 18:26:53, 사법부가 죽었다는 소리가 들리는 군요 ,714,1,0,0
2019-01-31 15:27:05.792195,13113534,3,0,2019-01-30 18:26:53, 사법부가 죽었다는 소리가 들리는 군요 ,716,2,0,0
2019-01-31 16:26:57.884186,13113534,3,0,2019-01-30 18:26:53, 사법부가 죽었다는 소리가 들리는 군요 ,717,1,0,0
2019-01-31 17:27:02.928464,13113534,3,0,2019-01-30 18:26:53, 사법부가 죽었다는 소리가 들리는 군요 ,720,3,0,0
2019-01-31 18:26:54.987360,13113534,3,0,2019-01-30 18:26:53, 사법부가 죽었다는 소리가 들리는 군요 ,721,1,0,0
