check_time,id,post_reply,post_symph,post_time,post_title,post_view,post_view_diff,post_reply_diff,post_symph_diff
2019-01-28 19:46:52.763611,13105626,1,0,2019-01-28 18:46:46, 그 팀포트리스 2 일본인 이야기 주작이라는 말이 있네요.. ,1001,1001,1,0
2019-01-28 20:46:57.875830,13105626,1,0,2019-01-28 18:46:46, 그 팀포트리스 2 일본인 이야기 주작이라는 말이 있네요.. ,1135,134,0,0
2019-01-28 21:46:49.945672,13105626,1,0,2019-01-28 18:46:46, 그 팀포트리스 2 일본인 이야기 주작이라는 말이 있네요.. ,1186,51,0,0
2019-01-28 22:46:54.966929,13105626,1,0,2019-01-28 18:46:46, 그 팀포트리스 2 일본인 이야기 주작이라는 말이 있네요.. ,1204,18,0,0
2019-01-28 23:46:47.086674,13105626,1,0,2019-01-28 18:46:46, 그 팀포트리스 2 일본인 이야기 주작이라는 말이 있네요.. ,1213,9,0,0
2019-01-29 00:46:52.104839,13105626,1,0,2019-01-28 18:46:46, 그 팀포트리스 2 일본인 이야기 주작이라는 말이 있네요.. ,1220,7,0,0
2019-01-29 01:46:57.189877,13105626,1,0,2019-01-28 18:46:46, 그 팀포트리스 2 일본인 이야기 주작이라는 말이 있네요.. ,1222,2,0,0
2019-01-29 02:46:49.254550,13105626,1,0,2019-01-28 18:46:46, 그 팀포트리스 2 일본인 이야기 주작이라는 말이 있네요.. ,1223,1,0,0
2019-01-29 03:46:54.270298,13105626,1,0,2019-01-28 18:46:46, 그 팀포트리스 2 일본인 이야기 주작이라는 말이 있네요.. ,1227,4,0,0
2019-01-29 04:46:46.227751,13105626,1,0,2019-01-28 18:46:46, 그 팀포트리스 2 일본인 이야기 주작이라는 말이 있네요.. ,1229,2,0,0
2019-01-29 05:46:51.255950,13105626,1,0,2019-01-28 18:46:46, 그 팀포트리스 2 일본인 이야기 주작이라는 말이 있네요.. ,1232,3,0,0
2019-01-29 06:46:56.296141,13105626,1,0,2019-01-28 18:46:46, 그 팀포트리스 2 일본인 이야기 주작이라는 말이 있네요.. ,1235,3,0,0
2019-01-29 07:46:48.471246,13105626,1,0,2019-01-28 18:46:46, 그 팀포트리스 2 일본인 이야기 주작이라는 말이 있네요.. ,1238,3,0,0
2019-01-29 08:46:53.520763,13105626,1,0,2019-01-28 18:46:46, 그 팀포트리스 2 일본인 이야기 주작이라는 말이 있네요.. ,1241,3,0,0
2019-01-29 09:46:58.525090,13105626,1,0,2019-01-28 18:46:46, 그 팀포트리스 2 일본인 이야기 주작이라는 말이 있네요.. ,1244,3,0,0
2019-01-29 10:46:50.543436,13105626,1,0,2019-01-28 18:46:46, 그 팀포트리스 2 일본인 이야기 주작이라는 말이 있네요.. ,1246,2,0,0
2019-01-29 11:46:56.382791,13105626,1,0,2019-01-28 18:46:46, 그 팀포트리스 2 일본인 이야기 주작이라는 말이 있네요.. ,1247,1,0,0
2019-01-29 12:46:48.571199,13105626,1,0,2019-01-28 18:46:46, 그 팀포트리스 2 일본인 이야기 주작이라는 말이 있네요.. ,1248,1,0,0
2019-01-29 13:46:54.463574,13105626,1,0,2019-01-28 18:46:46, 그 팀포트리스 2 일본인 이야기 주작이라는 말이 있네요.. ,1250,2,0,0
2019-01-29 14:46:46.596987,13105626,1,0,2019-01-28 18:46:46, 그 팀포트리스 2 일본인 이야기 주작이라는 말이 있네요.. ,1253,3,0,0
2019-01-29 15:46:51.730365,13105626,1,0,2019-01-28 18:46:46, 그 팀포트리스 2 일본인 이야기 주작이라는 말이 있네요.. ,1254,1,0,0
2019-01-29 16:46:56.972604,13105626,1,0,2019-01-28 18:46:46, 그 팀포트리스 2 일본인 이야기 주작이라는 말이 있네요.. ,1258,4,0,0
2019-01-29 17:46:49.021036,13105626,1,0,2019-01-28 18:46:46, 그 팀포트리스 2 일본인 이야기 주작이라는 말이 있네요.. ,1259,1,0,0
2019-01-29 18:46:54.205335,13105626,1,0,2019-01-28 18:46:46, 그 팀포트리스 2 일본인 이야기 주작이라는 말이 있네요.. ,1260,1,0,0
