check_time,id,post_reply,post_symph,post_time,post_title,post_view,post_view_diff,post_reply_diff,post_symph_diff
2019-01-29 19:57:03.312616,13109305,8,0,2019-01-29 18:56:57, 하악하악 플스가 왔어욧!! ,974,974,8,0
2019-01-29 20:57:08.484654,13109305,8,0,2019-01-29 18:56:57, 하악하악 플스가 왔어욧!! ,1116,142,0,0
2019-01-29 21:57:00.698041,13109305,8,0,2019-01-29 18:56:57, 하악하악 플스가 왔어욧!! ,1186,70,0,0
2019-01-29 22:57:05.692205,13109305,8,0,2019-01-29 18:56:57, 하악하악 플스가 왔어욧!! ,1232,46,0,0
2019-01-29 23:56:57.752452,13109305,8,0,2019-01-29 18:56:57, 하악하악 플스가 왔어욧!! ,1256,24,0,0
2019-01-30 00:57:02.856076,13109305,8,0,2019-01-29 18:56:57, 하악하악 플스가 왔어욧!! ,1269,13,0,0
2019-01-30 01:57:08.172640,13109305,8,0,2019-01-29 18:56:57, 하악하악 플스가 왔어욧!! ,1279,10,0,0
2019-01-30 02:57:00.306534,13109305,8,0,2019-01-29 18:56:57, 하악하악 플스가 왔어욧!! ,1286,7,0,0
2019-01-30 03:57:05.344374,13109305,8,0,2019-01-29 18:56:57, 하악하악 플스가 왔어욧!! ,1289,3,0,0
2019-01-30 04:56:57.354203,13109305,8,0,2019-01-29 18:56:57, 하악하악 플스가 왔어욧!! ,1293,4,0,0
2019-01-30 05:57:02.646071,13109305,8,0,2019-01-29 18:56:57, 하악하악 플스가 왔어욧!! ,1297,4,0,0
2019-01-30 06:57:07.701089,13109305,8,0,2019-01-29 18:56:57, 하악하악 플스가 왔어욧!! ,1301,4,0,0
2019-01-30 07:56:59.716389,13109305,8,0,2019-01-29 18:56:57, 하악하악 플스가 왔어욧!! ,1308,7,0,0
2019-01-30 08:57:04.783467,13109305,8,0,2019-01-29 18:56:57, 하악하악 플스가 왔어욧!! ,1317,9,0,0
2019-01-30 09:56:57.014324,13109305,8,0,2019-01-29 18:56:57, 하악하악 플스가 왔어욧!! ,1325,8,0,0
2019-01-30 10:57:02.273829,13109305,8,0,2019-01-29 18:56:57, 하악하악 플스가 왔어욧!! ,1329,4,0,0
2019-01-30 11:57:07.399750,13109305,8,0,2019-01-29 18:56:57, 하악하악 플스가 왔어욧!! ,1331,2,0,0
2019-01-30 12:56:59.497908,13109305,8,0,2019-01-29 18:56:57, 하악하악 플스가 왔어욧!! ,1333,2,0,0
2019-01-30 13:57:04.548604,13109305,8,0,2019-01-29 18:56:57, 하악하악 플스가 왔어욧!! ,1335,2,0,0
2019-01-30 14:57:09.597958,13109305,8,0,2019-01-29 18:56:57, 하악하악 플스가 왔어욧!! ,1337,2,0,0
2019-01-30 15:57:01.814088,13109305,8,0,2019-01-29 18:56:57, 하악하악 플스가 왔어욧!! ,1338,1,0,0
2019-01-30 16:57:06.998217,13109305,8,0,2019-01-29 18:56:57, 하악하악 플스가 왔어욧!! ,1340,2,0,0
2019-01-30 17:56:59.055070,13109305,8,0,2019-01-29 18:56:57, 하악하악 플스가 왔어욧!! ,1342,2,0,0
2019-01-30 18:57:04.098606,13109305,8,0,2019-01-29 18:56:57, 하악하악 플스가 왔어욧!! ,1343,1,0,0
