check_time,id,post_reply,post_symph,post_time,post_title,post_view,post_view_diff,post_reply_diff,post_symph_diff
2019-01-24 19:27:16.782766,13090512,8,0,2019-01-24 18:27:11, 후드?에 털 달린거 ,1016,1016,8,0
2019-01-24 20:27:21.827832,13090512,8,0,2019-01-24 18:27:11, 후드?에 털 달린거 ,1113,97,0,0
2019-01-24 21:27:13.847089,13090512,8,0,2019-01-24 18:27:11, 후드?에 털 달린거 ,1150,37,0,0
2019-01-24 22:27:18.860365,13090512,8,0,2019-01-24 18:27:11, 후드?에 털 달린거 ,1167,17,0,0
2019-01-24 23:27:23.979847,13090512,8,0,2019-01-24 18:27:11, 후드?에 털 달린거 ,1177,10,0,0
2019-01-25 00:27:16.125174,13090512,8,0,2019-01-24 18:27:11, 후드?에 털 달린거 ,1182,5,0,0
2019-01-25 01:27:21.123625,13090512,8,0,2019-01-24 18:27:11, 후드?에 털 달린거 ,1194,12,0,0
2019-01-25 02:27:13.027025,13090512,8,0,2019-01-24 18:27:11, 후드?에 털 달린거 ,1197,3,0,0
2019-01-25 03:27:18.057267,13090512,8,0,2019-01-24 18:27:11, 후드?에 털 달린거 ,1200,3,0,0
2019-01-25 04:27:23.122999,13090512,8,0,2019-01-24 18:27:11, 후드?에 털 달린거 ,1201,1,0,0
2019-01-25 05:27:15.188594,13090512,8,0,2019-01-24 18:27:11, 후드?에 털 달린거 ,1202,1,0,0
2019-01-25 06:27:20.404963,13090512,8,0,2019-01-24 18:27:11, 후드?에 털 달린거 ,1203,1,0,0
2019-01-25 07:27:12.367306,13090512,8,0,2019-01-24 18:27:11, 후드?에 털 달린거 ,1209,6,0,0
2019-01-25 08:27:17.359845,13090512,8,0,2019-01-24 18:27:11, 후드?에 털 달린거 ,1212,3,0,0
2019-01-25 09:27:22.392994,13090512,8,0,2019-01-24 18:27:11, 후드?에 털 달린거 ,1217,5,0,0
2019-01-25 10:27:14.405188,13090512,8,0,2019-01-24 18:27:11, 후드?에 털 달린거 ,1219,2,0,0
2019-01-25 11:27:19.433376,13090512,8,0,2019-01-24 18:27:11, 후드?에 털 달린거 ,1221,2,0,0
2019-01-25 12:27:11.458245,13090512,8,0,2019-01-24 18:27:11, 후드?에 털 달린거 ,1222,1,0,0
2019-01-25 13:27:16.622805,13090512,8,0,2019-01-24 18:27:11, 후드?에 털 달린거 ,1224,2,0,0
2019-01-25 14:27:21.755756,13090512,8,0,2019-01-24 18:27:11, 후드?에 털 달린거 ,1226,2,0,0
2019-01-25 15:27:13.951713,13090512,8,0,2019-01-24 18:27:11, 후드?에 털 달린거 ,1229,3,0,0
2019-01-25 16:27:19.122977,13090512,8,0,2019-01-24 18:27:11, 후드?에 털 달린거 ,1229,0,0,0
2019-01-25 17:27:11.177154,13090512,8,0,2019-01-24 18:27:11, 후드?에 털 달린거 ,1230,1,0,0
2019-01-25 18:27:16.297940,13090512,8,0,2019-01-24 18:27:11, 후드?에 털 달린거 ,1232,2,0,0
