check_time,id,post_reply,post_symph,post_time,post_title,post_view,post_view_diff,post_reply_diff,post_symph_diff
2019-01-30 19:41:58.240929,13113601,47,1,2019-01-30 18:41:50, 민심으로 모든걸 결정하는건 위험 요소가 있습니다 ,837,837,47,1
2019-01-30 20:41:50.246394,13113601,47,1,2019-01-30 18:41:50, 민심으로 모든걸 결정하는건 위험 요소가 있습니다 ,990,153,0,0
2019-01-30 21:41:55.272322,13113601,47,1,2019-01-30 18:41:50, 민심으로 모든걸 결정하는건 위험 요소가 있습니다 ,1066,76,0,0
2019-01-30 22:42:00.320438,13113601,47,1,2019-01-30 18:41:50, 민심으로 모든걸 결정하는건 위험 요소가 있습니다 ,1091,25,0,0
2019-01-30 23:41:52.533868,13113601,47,1,2019-01-30 18:41:50, 민심으로 모든걸 결정하는건 위험 요소가 있습니다 ,1117,26,0,0
2019-01-31 00:41:57.606866,13113601,47,1,2019-01-30 18:41:50, 민심으로 모든걸 결정하는건 위험 요소가 있습니다 ,1126,9,0,0
2019-01-31 01:42:02.609787,13113601,47,1,2019-01-30 18:41:50, 민심으로 모든걸 결정하는건 위험 요소가 있습니다 ,1133,7,0,0
2019-01-31 02:41:54.672365,13113601,47,1,2019-01-30 18:41:50, 민심으로 모든걸 결정하는건 위험 요소가 있습니다 ,1142,9,0,0
2019-01-31 03:41:59.773718,13113601,47,1,2019-01-30 18:41:50, 민심으로 모든걸 결정하는건 위험 요소가 있습니다 ,1146,4,0,0
2019-01-31 04:41:51.892477,13113601,47,1,2019-01-30 18:41:50, 민심으로 모든걸 결정하는건 위험 요소가 있습니다 ,1148,2,0,0
2019-01-31 05:41:56.963503,13113601,47,1,2019-01-30 18:41:50, 민심으로 모든걸 결정하는건 위험 요소가 있습니다 ,1154,6,0,0
2019-01-31 06:42:02.272979,13113601,47,1,2019-01-30 18:41:50, 민심으로 모든걸 결정하는건 위험 요소가 있습니다 ,1158,4,0,0
2019-01-31 07:41:54.521945,13113601,47,1,2019-01-30 18:41:50, 민심으로 모든걸 결정하는건 위험 요소가 있습니다 ,1163,5,0,0
2019-01-31 08:41:59.635879,13113601,47,1,2019-01-30 18:41:50, 민심으로 모든걸 결정하는건 위험 요소가 있습니다 ,1165,2,0,0
2019-01-31 09:41:51.650855,13113601,47,1,2019-01-30 18:41:50, 민심으로 모든걸 결정하는건 위험 요소가 있습니다 ,1173,8,0,0
2019-01-31 10:41:56.702880,13113601,47,1,2019-01-30 18:41:50, 민심으로 모든걸 결정하는건 위험 요소가 있습니다 ,1176,3,0,0
2019-01-31 11:42:01.624079,13113601,47,1,2019-01-30 18:41:50, 민심으로 모든걸 결정하는건 위험 요소가 있습니다 ,1177,1,0,0
2019-01-31 12:41:53.624236,13113601,47,1,2019-01-30 18:41:50, 민심으로 모든걸 결정하는건 위험 요소가 있습니다 ,1179,2,0,0
2019-01-31 13:41:58.860403,13113601,47,1,2019-01-30 18:41:50, 민심으로 모든걸 결정하는건 위험 요소가 있습니다 ,1184,5,0,0
2019-01-31 14:41:51.189500,13113601,47,1,2019-01-30 18:41:50, 민심으로 모든걸 결정하는건 위험 요소가 있습니다 ,1186,2,0,0
2019-01-31 15:41:56.310853,13113601,47,1,2019-01-30 18:41:50, 민심으로 모든걸 결정하는건 위험 요소가 있습니다 ,1188,2,0,0
2019-01-31 16:42:01.694484,13113601,47,1,2019-01-30 18:41:50, 민심으로 모든걸 결정하는건 위험 요소가 있습니다 ,1189,1,0,0
2019-01-31 17:41:53.752826,13113601,47,1,2019-01-30 18:41:50, 민심으로 모든걸 결정하는건 위험 요소가 있습니다 ,1190,1,0,0
2019-01-31 18:41:58.832583,13113601,47,1,2019-01-30 18:41:50, 민심으로 모든걸 결정하는건 위험 요소가 있습니다 ,1191,1,0,0
