check_time,id,post_reply,post_symph,post_time,post_title,post_view,post_view_diff,post_reply_diff,post_symph_diff
2019-01-30 19:22:24.002016,13113516,17,9,2019-01-30 18:22:12, 정황증거로는 안 되고 물증이 있어야 한다. ,1952,1952,17,9
2019-01-30 20:22:16.133900,13113516,17,10,2019-01-30 18:22:12, 정황증거로는 안 되고 물증이 있어야 한다. ,2100,148,0,1
2019-01-30 21:22:21.469893,13113516,17,11,2019-01-30 18:22:12, 정황증거로는 안 되고 물증이 있어야 한다. ,2163,63,0,1
2019-01-30 22:22:13.560106,13113516,17,11,2019-01-30 18:22:12, 정황증거로는 안 되고 물증이 있어야 한다. ,2208,45,0,0
2019-01-30 23:22:18.948990,13113516,17,11,2019-01-30 18:22:12, 정황증거로는 안 되고 물증이 있어야 한다. ,2238,30,0,0
2019-01-31 00:22:24.035544,13113516,17,11,2019-01-30 18:22:12, 정황증거로는 안 되고 물증이 있어야 한다. ,2273,35,0,0
2019-01-31 01:22:15.922125,13113516,17,11,2019-01-30 18:22:12, 정황증거로는 안 되고 물증이 있어야 한다. ,2288,15,0,0
2019-01-31 02:22:21.214309,13113516,17,11,2019-01-30 18:22:12, 정황증거로는 안 되고 물증이 있어야 한다. ,2303,15,0,0
2019-01-31 03:22:13.256048,13113516,17,11,2019-01-30 18:22:12, 정황증거로는 안 되고 물증이 있어야 한다. ,2320,17,0,0
2019-01-31 04:22:18.164255,13113516,17,11,2019-01-30 18:22:12, 정황증거로는 안 되고 물증이 있어야 한다. ,2333,13,0,0
2019-01-31 05:22:23.471323,13113516,17,11,2019-01-30 18:22:12, 정황증거로는 안 되고 물증이 있어야 한다. ,2340,7,0,0
2019-01-31 06:22:15.653881,13113516,17,11,2019-01-30 18:22:12, 정황증거로는 안 되고 물증이 있어야 한다. ,2347,7,0,0
2019-01-31 07:22:21.045178,13113516,17,11,2019-01-30 18:22:12, 정황증거로는 안 되고 물증이 있어야 한다. ,2352,5,0,0
2019-01-31 08:22:13.399865,13113516,17,11,2019-01-30 18:22:12, 정황증거로는 안 되고 물증이 있어야 한다. ,2359,7,0,0
2019-01-31 09:22:18.672418,13113516,17,11,2019-01-30 18:22:12, 정황증거로는 안 되고 물증이 있어야 한다. ,2365,6,0,0
2019-01-31 10:22:24.242609,13113516,17,11,2019-01-30 18:22:12, 정황증거로는 안 되고 물증이 있어야 한다. ,2368,3,0,0
2019-01-31 11:22:16.311468,13113516,17,11,2019-01-30 18:22:12, 정황증거로는 안 되고 물증이 있어야 한다. ,2371,3,0,0
2019-01-31 12:22:21.507184,13113516,17,11,2019-01-30 18:22:12, 정황증거로는 안 되고 물증이 있어야 한다. ,2372,1,0,0
2019-01-31 13:22:13.599070,13113516,17,11,2019-01-30 18:22:12, 정황증거로는 안 되고 물증이 있어야 한다. ,2378,6,0,0
2019-01-31 14:22:18.835201,13113516,17,11,2019-01-30 18:22:12, 정황증거로는 안 되고 물증이 있어야 한다. ,2379,1,0,0
2019-01-31 15:22:24.208430,13113516,17,11,2019-01-30 18:22:12, 정황증거로는 안 되고 물증이 있어야 한다. ,2379,0,0,0
2019-01-31 16:22:16.241887,13113516,17,11,2019-01-30 18:22:12, 정황증거로는 안 되고 물증이 있어야 한다. ,2381,2,0,0
2019-01-31 17:22:21.730277,13113516,17,11,2019-01-30 18:22:12, 정황증거로는 안 되고 물증이 있어야 한다. ,2386,5,0,0
2019-01-31 18:22:13.752537,13113516,17,11,2019-01-30 18:22:12, 정황증거로는 안 되고 물증이 있어야 한다. ,2389,3,0,0
