check_time,id,post_reply,post_symph,post_time,post_title,post_view,post_view_diff,post_reply_diff,post_symph_diff
2019-01-25 19:52:09.797011,13094891,12,0,2019-01-25 18:51:59, 쿠팡 신선식품 아니라도 19시이전 주문시 새벽배송이네유ㄷㄷ ,1128,1128,12,0
2019-01-25 20:52:01.892950,13094891,12,0,2019-01-25 18:51:59, 쿠팡 신선식품 아니라도 19시이전 주문시 새벽배송이네유ㄷㄷ ,1266,138,0,0
2019-01-25 21:52:07.243811,13094891,12,0,2019-01-25 18:51:59, 쿠팡 신선식품 아니라도 19시이전 주문시 새벽배송이네유ㄷㄷ ,1310,44,0,0
2019-01-25 22:51:59.344999,13094891,12,0,2019-01-25 18:51:59, 쿠팡 신선식품 아니라도 19시이전 주문시 새벽배송이네유ㄷㄷ ,1342,32,0,0
2019-01-25 23:52:04.392557,13094891,12,0,2019-01-25 18:51:59, 쿠팡 신선식품 아니라도 19시이전 주문시 새벽배송이네유ㄷㄷ ,1355,13,0,0
2019-01-26 00:52:09.500429,13094891,12,0,2019-01-25 18:51:59, 쿠팡 신선식품 아니라도 19시이전 주문시 새벽배송이네유ㄷㄷ ,1362,7,0,0
2019-01-26 01:52:01.583734,13094891,12,0,2019-01-25 18:51:59, 쿠팡 신선식품 아니라도 19시이전 주문시 새벽배송이네유ㄷㄷ ,1364,2,0,0
2019-01-26 02:52:06.584605,13094891,12,0,2019-01-25 18:51:59, 쿠팡 신선식품 아니라도 19시이전 주문시 새벽배송이네유ㄷㄷ ,1367,3,0,0
2019-01-26 03:52:11.557265,13094891,12,0,2019-01-25 18:51:59, 쿠팡 신선식품 아니라도 19시이전 주문시 새벽배송이네유ㄷㄷ ,1369,2,0,0
2019-01-26 04:52:03.610155,13094891,12,0,2019-01-25 18:51:59, 쿠팡 신선식품 아니라도 19시이전 주문시 새벽배송이네유ㄷㄷ ,1371,2,0,0
2019-01-26 05:52:08.653570,13094891,12,0,2019-01-25 18:51:59, 쿠팡 신선식품 아니라도 19시이전 주문시 새벽배송이네유ㄷㄷ ,1373,2,0,0
2019-01-26 06:52:00.676527,13094891,12,0,2019-01-25 18:51:59, 쿠팡 신선식품 아니라도 19시이전 주문시 새벽배송이네유ㄷㄷ ,1377,4,0,0
2019-01-26 07:52:05.746223,13094891,12,0,2019-01-25 18:51:59, 쿠팡 신선식품 아니라도 19시이전 주문시 새벽배송이네유ㄷㄷ ,1378,1,0,0
2019-01-26 08:52:10.846719,13094891,12,0,2019-01-25 18:51:59, 쿠팡 신선식품 아니라도 19시이전 주문시 새벽배송이네유ㄷㄷ ,1379,1,0,0
2019-01-26 09:52:02.899213,13094891,12,0,2019-01-25 18:51:59, 쿠팡 신선식품 아니라도 19시이전 주문시 새벽배송이네유ㄷㄷ ,1381,2,0,0
2019-01-26 10:52:08.062083,13094891,12,0,2019-01-25 18:51:59, 쿠팡 신선식품 아니라도 19시이전 주문시 새벽배송이네유ㄷㄷ ,1387,6,0,0
2019-01-26 11:52:00.125496,13094891,12,0,2019-01-25 18:51:59, 쿠팡 신선식품 아니라도 19시이전 주문시 새벽배송이네유ㄷㄷ ,1389,2,0,0
2019-01-26 12:52:05.307255,13094891,12,0,2019-01-25 18:51:59, 쿠팡 신선식품 아니라도 19시이전 주문시 새벽배송이네유ㄷㄷ ,1391,2,0,0
2019-01-26 13:52:10.759854,13094891,12,0,2019-01-25 18:51:59, 쿠팡 신선식품 아니라도 19시이전 주문시 새벽배송이네유ㄷㄷ ,1392,1,0,0
2019-01-26 14:52:02.729809,13094891,12,0,2019-01-25 18:51:59, 쿠팡 신선식품 아니라도 19시이전 주문시 새벽배송이네유ㄷㄷ ,1393,1,0,0
2019-01-26 15:52:07.770791,13094891,12,0,2019-01-25 18:51:59, 쿠팡 신선식품 아니라도 19시이전 주문시 새벽배송이네유ㄷㄷ ,1397,4,0,0
2019-01-26 16:51:59.847496,13094891,12,0,2019-01-25 18:51:59, 쿠팡 신선식품 아니라도 19시이전 주문시 새벽배송이네유ㄷㄷ ,1398,1,0,0
2019-01-26 17:52:04.917443,13094891,12,0,2019-01-25 18:51:59, 쿠팡 신선식품 아니라도 19시이전 주문시 새벽배송이네유ㄷㄷ ,1402,4,0,0
2019-01-26 18:52:09.981482,13094891,12,0,2019-01-25 18:51:59, 쿠팡 신선식품 아니라도 19시이전 주문시 새벽배송이네유ㄷㄷ ,1403,1,0,0
