check_time,id,post_reply,post_symph,post_time,post_title,post_view,post_view_diff,post_reply_diff,post_symph_diff
2019-01-27 19:27:19.966118,13101730,0,0,2019-01-27 18:27:11, 액정교체하려고 이베이에서 액정을 주문했는데.. 실수했네요. ,653,653,0,0
2019-01-27 20:27:12.092270,13101730,0,0,2019-01-27 18:27:11, 액정교체하려고 이베이에서 액정을 주문했는데.. 실수했네요. ,747,94,0,0
2019-01-27 21:27:17.386794,13101730,0,0,2019-01-27 18:27:11, 액정교체하려고 이베이에서 액정을 주문했는데.. 실수했네요. ,787,40,0,0
2019-01-27 22:27:22.452978,13101730,0,0,2019-01-27 18:27:11, 액정교체하려고 이베이에서 액정을 주문했는데.. 실수했네요. ,807,20,0,0
2019-01-27 23:27:14.423795,13101730,0,0,2019-01-27 18:27:11, 액정교체하려고 이베이에서 액정을 주문했는데.. 실수했네요. ,817,10,0,0
2019-01-28 00:27:19.558529,13101730,0,0,2019-01-27 18:27:11, 액정교체하려고 이베이에서 액정을 주문했는데.. 실수했네요. ,826,9,0,0
2019-01-28 01:27:11.612386,13101730,0,0,2019-01-27 18:27:11, 액정교체하려고 이베이에서 액정을 주문했는데.. 실수했네요. ,832,6,0,0
2019-01-28 02:27:16.704295,13101730,0,0,2019-01-27 18:27:11, 액정교체하려고 이베이에서 액정을 주문했는데.. 실수했네요. ,833,1,0,0
2019-01-28 03:27:21.975104,13101730,0,0,2019-01-27 18:27:11, 액정교체하려고 이베이에서 액정을 주문했는데.. 실수했네요. ,837,4,0,0
2019-01-28 04:27:13.953302,13101730,0,0,2019-01-27 18:27:11, 액정교체하려고 이베이에서 액정을 주문했는데.. 실수했네요. ,837,0,0,0
2019-01-28 05:27:19.019418,13101730,0,0,2019-01-27 18:27:11, 액정교체하려고 이베이에서 액정을 주문했는데.. 실수했네요. ,840,3,0,0
2019-01-28 06:27:11.111244,13101730,0,0,2019-01-27 18:27:11, 액정교체하려고 이베이에서 액정을 주문했는데.. 실수했네요. ,841,1,0,0
2019-01-28 07:27:16.227552,13101730,0,0,2019-01-27 18:27:11, 액정교체하려고 이베이에서 액정을 주문했는데.. 실수했네요. ,844,3,0,0
2019-01-28 08:27:21.426319,13101730,0,0,2019-01-27 18:27:11, 액정교체하려고 이베이에서 액정을 주문했는데.. 실수했네요. ,847,3,0,0
2019-01-28 09:27:13.527635,13101730,0,0,2019-01-27 18:27:11, 액정교체하려고 이베이에서 액정을 주문했는데.. 실수했네요. ,850,3,0,0
2019-01-28 10:27:18.762647,13101730,0,0,2019-01-27 18:27:11, 액정교체하려고 이베이에서 액정을 주문했는데.. 실수했네요. ,852,2,0,0
2019-01-28 11:27:23.852641,13101730,0,0,2019-01-27 18:27:11, 액정교체하려고 이베이에서 액정을 주문했는데.. 실수했네요. ,858,6,0,0
2019-01-28 12:27:16.173463,13101730,0,0,2019-01-27 18:27:11, 액정교체하려고 이베이에서 액정을 주문했는데.. 실수했네요. ,860,2,0,0
2019-01-28 13:27:21.318864,13101730,0,0,2019-01-27 18:27:11, 액정교체하려고 이베이에서 액정을 주문했는데.. 실수했네요. ,860,0,0,0
2019-01-28 14:27:13.622751,13101730,0,0,2019-01-27 18:27:11, 액정교체하려고 이베이에서 액정을 주문했는데.. 실수했네요. ,863,3,0,0
2019-01-28 15:27:18.699269,13101730,0,0,2019-01-27 18:27:11, 액정교체하려고 이베이에서 액정을 주문했는데.. 실수했네요. ,863,0,0,0
2019-01-28 16:27:23.824429,13101730,0,0,2019-01-27 18:27:11, 액정교체하려고 이베이에서 액정을 주문했는데.. 실수했네요. ,865,2,0,0
2019-01-28 17:27:15.979170,13101730,0,0,2019-01-27 18:27:11, 액정교체하려고 이베이에서 액정을 주문했는데.. 실수했네요. ,869,4,0,0
2019-01-28 18:27:21.104232,13101730,0,0,2019-01-27 18:27:11, 액정교체하려고 이베이에서 액정을 주문했는데.. 실수했네요. ,870,1,0,0
