check_time,id,post_reply,post_symph,post_time,post_title,post_view,post_view_diff,post_reply_diff,post_symph_diff
2019-01-25 19:31:55.882971,13094807,8,2,2019-01-25 18:31:53, 예24 탈퇴기 (부제 : 책 파손으로 교환만 4번).jpg ,1104,1104,8,2
2019-01-25 20:32:01.461739,13094807,8,2,2019-01-25 18:31:53, 예24 탈퇴기 (부제 : 책 파손으로 교환만 4번).jpg ,1223,119,0,0
2019-01-25 21:31:53.814471,13094807,8,2,2019-01-25 18:31:53, 예24 탈퇴기 (부제 : 책 파손으로 교환만 4번).jpg ,1258,35,0,0
2019-01-25 22:31:59.137058,13094807,8,2,2019-01-25 18:31:53, 예24 탈퇴기 (부제 : 책 파손으로 교환만 4번).jpg ,1280,22,0,0
2019-01-25 23:32:04.729068,13094807,8,2,2019-01-25 18:31:53, 예24 탈퇴기 (부제 : 책 파손으로 교환만 4번).jpg ,1296,16,0,0
2019-01-26 00:31:56.824902,13094807,8,2,2019-01-25 18:31:53, 예24 탈퇴기 (부제 : 책 파손으로 교환만 4번).jpg ,1303,7,0,0
2019-01-26 01:32:01.886799,13094807,8,2,2019-01-25 18:31:53, 예24 탈퇴기 (부제 : 책 파손으로 교환만 4번).jpg ,1309,6,0,0
2019-01-26 02:31:53.923758,13094807,8,2,2019-01-25 18:31:53, 예24 탈퇴기 (부제 : 책 파손으로 교환만 4번).jpg ,1312,3,0,0
2019-01-26 03:31:58.992390,13094807,8,2,2019-01-25 18:31:53, 예24 탈퇴기 (부제 : 책 파손으로 교환만 4번).jpg ,1315,3,0,0
2019-01-26 04:32:04.111874,13094807,8,2,2019-01-25 18:31:53, 예24 탈퇴기 (부제 : 책 파손으로 교환만 4번).jpg ,1316,1,0,0
2019-01-26 05:31:56.987076,13094807,8,2,2019-01-25 18:31:53, 예24 탈퇴기 (부제 : 책 파손으로 교환만 4번).jpg ,1317,1,0,0
2019-01-26 06:32:02.051088,13094807,8,2,2019-01-25 18:31:53, 예24 탈퇴기 (부제 : 책 파손으로 교환만 4번).jpg ,1320,3,0,0
2019-01-26 07:31:54.110220,13094807,8,2,2019-01-25 18:31:53, 예24 탈퇴기 (부제 : 책 파손으로 교환만 4번).jpg ,1323,3,0,0
2019-01-26 08:31:59.140957,13094807,8,2,2019-01-25 18:31:53, 예24 탈퇴기 (부제 : 책 파손으로 교환만 4번).jpg ,1323,0,0,0
2019-01-26 09:32:04.345203,13094807,8,2,2019-01-25 18:31:53, 예24 탈퇴기 (부제 : 책 파손으로 교환만 4번).jpg ,1324,1,0,0
2019-01-26 10:31:56.374261,13094807,8,2,2019-01-25 18:31:53, 예24 탈퇴기 (부제 : 책 파손으로 교환만 4번).jpg ,1326,2,0,0
2019-01-26 11:32:01.406890,13094807,8,2,2019-01-25 18:31:53, 예24 탈퇴기 (부제 : 책 파손으로 교환만 4번).jpg ,1327,1,0,0
2019-01-26 12:31:53.470505,13094807,8,2,2019-01-25 18:31:53, 예24 탈퇴기 (부제 : 책 파손으로 교환만 4번).jpg ,1328,1,0,0
2019-01-26 13:31:58.569726,13094807,8,2,2019-01-25 18:31:53, 예24 탈퇴기 (부제 : 책 파손으로 교환만 4번).jpg ,1329,1,0,0
2019-01-26 14:32:03.663146,13094807,8,2,2019-01-25 18:31:53, 예24 탈퇴기 (부제 : 책 파손으로 교환만 4번).jpg ,1332,3,0,0
2019-01-26 15:31:55.737177,13094807,8,2,2019-01-25 18:31:53, 예24 탈퇴기 (부제 : 책 파손으로 교환만 4번).jpg ,1335,3,0,0
2019-01-26 16:32:00.800738,13094807,8,2,2019-01-25 18:31:53, 예24 탈퇴기 (부제 : 책 파손으로 교환만 4번).jpg ,1336,1,0,0
2019-01-26 17:32:05.973730,13094807,8,2,2019-01-25 18:31:53, 예24 탈퇴기 (부제 : 책 파손으로 교환만 4번).jpg ,1337,1,0,0
2019-01-26 18:31:58.117302,13094807,8,2,2019-01-25 18:31:53, 예24 탈퇴기 (부제 : 책 파손으로 교환만 4번).jpg ,1339,2,0,0
