check_time,id,post_reply,post_symph,post_time,post_title,post_view,post_view_diff,post_reply_diff,post_symph_diff
2019-01-27 19:37:01.743144,13101751,10,0,2019-01-27 18:36:53, 휴지꽃이 도전 ㅊㅈ.gif ,5468,5468,10,0
2019-01-27 20:36:53.873270,13101751,10,0,2019-01-27 18:36:53, 휴지꽃이 도전 ㅊㅈ.gif ,7494,2026,0,0
2019-01-27 21:36:58.939629,13101751,11,0,2019-01-27 18:36:53, 휴지꽃이 도전 ㅊㅈ.gif ,8783,1289,1,0
2019-01-27 22:37:04.164463,13101751,11,0,2019-01-27 18:36:53, 휴지꽃이 도전 ㅊㅈ.gif ,9396,613,0,0
2019-01-27 23:36:56.243439,13101751,11,0,2019-01-27 18:36:53, 휴지꽃이 도전 ㅊㅈ.gif ,9707,311,0,0
2019-01-28 00:37:01.391983,13101751,11,0,2019-01-27 18:36:53, 휴지꽃이 도전 ㅊㅈ.gif ,9917,210,0,0
2019-01-28 01:36:54.015064,13101751,11,0,2019-01-27 18:36:53, 휴지꽃이 도전 ㅊㅈ.gif ,10008,91,0,0
2019-01-28 02:36:59.397920,13101751,11,0,2019-01-27 18:36:53, 휴지꽃이 도전 ㅊㅈ.gif ,10063,55,0,0
2019-01-28 03:37:04.737856,13101751,11,0,2019-01-27 18:36:53, 휴지꽃이 도전 ㅊㅈ.gif ,10092,29,0,0
2019-01-28 04:36:57.022138,13101751,11,0,2019-01-27 18:36:53, 휴지꽃이 도전 ㅊㅈ.gif ,10111,19,0,0
2019-01-28 05:37:02.287664,13101751,11,0,2019-01-27 18:36:53, 휴지꽃이 도전 ㅊㅈ.gif ,10134,23,0,0
2019-01-28 06:36:54.402179,13101751,11,0,2019-01-27 18:36:53, 휴지꽃이 도전 ㅊㅈ.gif ,10157,23,0,0
2019-01-28 07:36:59.447784,13101751,11,0,2019-01-27 18:36:53, 휴지꽃이 도전 ㅊㅈ.gif ,10185,28,0,0
2019-01-28 08:37:04.466301,13101751,11,0,2019-01-27 18:36:53, 휴지꽃이 도전 ㅊㅈ.gif ,10215,30,0,0
2019-01-28 09:36:57.165751,13101751,11,0,2019-01-27 18:36:53, 휴지꽃이 도전 ㅊㅈ.gif ,10243,28,0,0
2019-01-28 10:37:02.207592,13101751,11,0,2019-01-27 18:36:53, 휴지꽃이 도전 ㅊㅈ.gif ,10260,17,0,0
2019-01-28 11:36:54.582827,13101751,11,0,2019-01-27 18:36:53, 휴지꽃이 도전 ㅊㅈ.gif ,10276,16,0,0
2019-01-28 12:37:00.103175,13101751,11,0,2019-01-27 18:36:53, 휴지꽃이 도전 ㅊㅈ.gif ,10289,13,0,0
2019-01-28 13:37:05.710847,13101751,11,0,2019-01-27 18:36:53, 휴지꽃이 도전 ㅊㅈ.gif ,10303,14,0,0
2019-01-28 14:36:57.777756,13101751,11,0,2019-01-27 18:36:53, 휴지꽃이 도전 ㅊㅈ.gif ,10316,13,0,0
2019-01-28 15:37:03.237338,13101751,11,0,2019-01-27 18:36:53, 휴지꽃이 도전 ㅊㅈ.gif ,10327,11,0,0
2019-01-28 16:36:55.386108,13101751,11,0,2019-01-27 18:36:53, 휴지꽃이 도전 ㅊㅈ.gif ,10335,8,0,0
2019-01-28 17:37:00.525655,13101751,11,0,2019-01-27 18:36:53, 휴지꽃이 도전 ㅊㅈ.gif ,10342,7,0,0
2019-01-28 18:37:05.591618,13101751,11,0,2019-01-27 18:36:53, 휴지꽃이 도전 ㅊㅈ.gif ,10346,4,0,0
