check_time,id,post_reply,post_symph,post_time,post_title,post_view,post_view_diff,post_reply_diff,post_symph_diff
2019-01-25 19:11:44.440617,13094727,8,0,2019-01-25 18:11:35, 장염으로 120시간 단식해본적 있는데 자한당 최고의원 가능합니까??? ,721,721,8,0
2019-01-25 20:11:36.707854,13094727,8,0,2019-01-25 18:11:35, 장염으로 120시간 단식해본적 있는데 자한당 최고의원 가능합니까??? ,788,67,0,0
2019-01-25 21:11:41.794308,13094727,8,0,2019-01-25 18:11:35, 장염으로 120시간 단식해본적 있는데 자한당 최고의원 가능합니까??? ,814,26,0,0
2019-01-25 22:11:47.056898,13094727,8,0,2019-01-25 18:11:35, 장염으로 120시간 단식해본적 있는데 자한당 최고의원 가능합니까??? ,827,13,0,0
2019-01-25 23:11:39.325840,13094727,8,0,2019-01-25 18:11:35, 장염으로 120시간 단식해본적 있는데 자한당 최고의원 가능합니까??? ,832,5,0,0
2019-01-26 00:11:44.525707,13094727,8,0,2019-01-25 18:11:35, 장염으로 120시간 단식해본적 있는데 자한당 최고의원 가능합니까??? ,834,2,0,0
2019-01-26 01:11:36.913082,13094727,8,0,2019-01-25 18:11:35, 장염으로 120시간 단식해본적 있는데 자한당 최고의원 가능합니까??? ,839,5,0,0
2019-01-26 02:11:41.986531,13094727,8,0,2019-01-25 18:11:35, 장염으로 120시간 단식해본적 있는데 자한당 최고의원 가능합니까??? ,843,4,0,0
2019-01-26 03:11:47.313288,13094727,8,0,2019-01-25 18:11:35, 장염으로 120시간 단식해본적 있는데 자한당 최고의원 가능합니까??? ,846,3,0,0
2019-01-26 04:11:39.532679,13094727,8,0,2019-01-25 18:11:35, 장염으로 120시간 단식해본적 있는데 자한당 최고의원 가능합니까??? ,847,1,0,0
2019-01-26 05:11:44.589875,13094727,8,0,2019-01-25 18:11:35, 장염으로 120시간 단식해본적 있는데 자한당 최고의원 가능합니까??? ,848,1,0,0
2019-01-26 06:11:36.780333,13094727,8,0,2019-01-25 18:11:35, 장염으로 120시간 단식해본적 있는데 자한당 최고의원 가능합니까??? ,850,2,0,0
2019-01-26 07:11:41.882940,13094727,8,0,2019-01-25 18:11:35, 장염으로 120시간 단식해본적 있는데 자한당 최고의원 가능합니까??? ,852,2,0,0
2019-01-26 08:11:47.018277,13094727,8,0,2019-01-25 18:11:35, 장염으로 120시간 단식해본적 있는데 자한당 최고의원 가능합니까??? ,855,3,0,0
2019-01-26 09:11:39.791879,13094727,8,0,2019-01-25 18:11:35, 장염으로 120시간 단식해본적 있는데 자한당 최고의원 가능합니까??? ,856,1,0,0
2019-01-26 10:11:45.137809,13094727,8,0,2019-01-25 18:11:35, 장염으로 120시간 단식해본적 있는데 자한당 최고의원 가능합니까??? ,858,2,0,0
2019-01-26 11:11:37.209686,13094727,8,0,2019-01-25 18:11:35, 장염으로 120시간 단식해본적 있는데 자한당 최고의원 가능합니까??? ,861,3,0,0
2019-01-26 12:11:42.347847,13094727,8,0,2019-01-25 18:11:35, 장염으로 120시간 단식해본적 있는데 자한당 최고의원 가능합니까??? ,864,3,0,0
2019-01-26 13:11:47.478890,13094727,8,0,2019-01-25 18:11:35, 장염으로 120시간 단식해본적 있는데 자한당 최고의원 가능합니까??? ,866,2,0,0
2019-01-26 14:11:39.468757,13094727,8,0,2019-01-25 18:11:35, 장염으로 120시간 단식해본적 있는데 자한당 최고의원 가능합니까??? ,868,2,0,0
2019-01-26 15:11:44.547836,13094727,8,0,2019-01-25 18:11:35, 장염으로 120시간 단식해본적 있는데 자한당 최고의원 가능합니까??? ,870,2,0,0
2019-01-26 16:11:36.610419,13094727,8,0,2019-01-25 18:11:35, 장염으로 120시간 단식해본적 있는데 자한당 최고의원 가능합니까??? ,871,1,0,0
2019-01-26 17:11:41.641699,13094727,8,0,2019-01-25 18:11:35, 장염으로 120시간 단식해본적 있는데 자한당 최고의원 가능합니까??? ,873,2,0,0
2019-01-26 18:11:46.665180,13094727,8,0,2019-01-25 18:11:35, 장염으로 120시간 단식해본적 있는데 자한당 최고의원 가능합니까??? ,874,1,0,0
