check_time,id,post_reply,post_symph,post_time,post_title,post_view,post_view_diff,post_reply_diff,post_symph_diff
2019-01-24 19:11:06.826413,13090464,2,0,2019-01-24 18:10:59, 피카슬라임.jpg ,2174,2174,2,0
2019-01-24 20:11:11.863905,13090464,2,0,2019-01-24 18:10:59, 피카슬라임.jpg ,2395,221,0,0
2019-01-24 21:11:04.277518,13090464,2,0,2019-01-24 18:10:59, 피카슬라임.jpg ,2474,79,0,0
2019-01-24 22:11:09.390375,13090464,2,0,2019-01-24 18:10:59, 피카슬라임.jpg ,2525,51,0,0
2019-01-24 23:11:01.821554,13090464,2,0,2019-01-24 18:10:59, 피카슬라임.jpg ,2547,22,0,0
2019-01-25 00:11:06.887356,13090464,2,0,2019-01-24 18:10:59, 피카슬라임.jpg ,2560,13,0,0
2019-01-25 01:11:11.934101,13090464,2,0,2019-01-24 18:10:59, 피카슬라임.jpg ,2568,8,0,0
2019-01-25 02:11:03.980221,13090464,2,0,2019-01-24 18:10:59, 피카슬라임.jpg ,2574,6,0,0
2019-01-25 03:11:09.204210,13090464,2,0,2019-01-24 18:10:59, 피카슬라임.jpg ,2582,8,0,0
2019-01-25 04:11:01.332944,13090464,2,0,2019-01-24 18:10:59, 피카슬라임.jpg ,2582,0,0,0
2019-01-25 05:11:06.437122,13090464,2,0,2019-01-24 18:10:59, 피카슬라임.jpg ,2583,1,0,0
2019-01-25 06:11:11.491685,13090464,2,0,2019-01-24 18:10:59, 피카슬라임.jpg ,2584,1,0,0
2019-01-25 07:11:03.562158,13090464,2,0,2019-01-24 18:10:59, 피카슬라임.jpg ,2585,1,0,0
2019-01-25 08:11:08.680211,13090464,2,0,2019-01-24 18:10:59, 피카슬라임.jpg ,2592,7,0,0
2019-01-25 09:11:00.835303,13090464,2,0,2019-01-24 18:10:59, 피카슬라임.jpg ,2595,3,0,0
2019-01-25 10:11:05.881143,13090464,2,0,2019-01-24 18:10:59, 피카슬라임.jpg ,2599,4,0,0
2019-01-25 11:11:10.903655,13090464,2,0,2019-01-24 18:10:59, 피카슬라임.jpg ,2602,3,0,0
2019-01-25 12:11:02.950090,13090464,2,0,2019-01-24 18:10:59, 피카슬라임.jpg ,2605,3,0,0
2019-01-25 13:11:08.023115,13090464,2,0,2019-01-24 18:10:59, 피카슬라임.jpg ,2607,2,0,0
2019-01-25 14:11:00.034446,13090464,2,0,2019-01-24 18:10:59, 피카슬라임.jpg ,2611,4,0,0
2019-01-25 15:11:05.460994,13090464,2,0,2019-01-24 18:10:59, 피카슬라임.jpg ,2615,4,0,0
2019-01-25 16:10:59.127921,13090464,2,0,2019-01-24 18:10:59, 피카슬라임.jpg ,2617,2,0,0
2019-01-25 17:11:04.123626,13090464,2,0,2019-01-24 18:10:59, 피카슬라임.jpg ,2618,1,0,0
2019-01-25 18:11:09.179633,13090464,2,0,2019-01-24 18:10:59, 피카슬라임.jpg ,2620,2,0,0
