check_time,id,post_reply,post_symph,post_time,post_title,post_view,post_view_diff,post_reply_diff,post_symph_diff
2019-01-24 19:22:30.059642,13090498,19,0,2019-01-24 18:22:29," 갤럭시S10, S10+ 명확한 실기 사진 유출 ",2484,2484,19,0
2019-01-24 20:22:35.149148,13090498,20,0,2019-01-24 18:22:29," 갤럭시S10, S10+ 명확한 실기 사진 유출 ",2804,320,1,0
2019-01-24 21:22:40.249306,13090498,20,0,2019-01-24 18:22:29," 갤럭시S10, S10+ 명확한 실기 사진 유출 ",2925,121,0,0
2019-01-24 22:22:32.387996,13090498,20,0,2019-01-24 18:22:29," 갤럭시S10, S10+ 명확한 실기 사진 유출 ",3013,88,0,0
2019-01-24 23:22:37.553139,13090498,20,0,2019-01-24 18:22:29," 갤럭시S10, S10+ 명확한 실기 사진 유출 ",3106,93,0,0
2019-01-25 00:22:29.719176,13090498,20,0,2019-01-24 18:22:29," 갤럭시S10, S10+ 명확한 실기 사진 유출 ",3176,70,0,0
2019-01-25 01:22:34.782650,13090498,20,0,2019-01-24 18:22:29," 갤럭시S10, S10+ 명확한 실기 사진 유출 ",3213,37,0,0
2019-01-25 02:22:39.908783,13090498,20,0,2019-01-24 18:22:29," 갤럭시S10, S10+ 명확한 실기 사진 유출 ",3238,25,0,0
2019-01-25 03:22:32.137022,13090498,20,0,2019-01-24 18:22:29," 갤럭시S10, S10+ 명확한 실기 사진 유출 ",3258,20,0,0
2019-01-25 04:22:37.238429,13090498,20,0,2019-01-24 18:22:29," 갤럭시S10, S10+ 명확한 실기 사진 유출 ",3269,11,0,0
2019-01-25 05:22:29.557954,13090498,20,0,2019-01-24 18:22:29," 갤럭시S10, S10+ 명확한 실기 사진 유출 ",3277,8,0,0
2019-01-25 06:22:34.684878,13090498,20,0,2019-01-24 18:22:29," 갤럭시S10, S10+ 명확한 실기 사진 유출 ",3287,10,0,0
2019-01-25 07:22:39.747402,13090498,20,0,2019-01-24 18:22:29," 갤럭시S10, S10+ 명확한 실기 사진 유출 ",3297,10,0,0
2019-01-25 08:22:32.230060,13090498,20,0,2019-01-24 18:22:29," 갤럭시S10, S10+ 명확한 실기 사진 유출 ",3310,13,0,0
2019-01-25 09:22:37.283125,13090498,20,0,2019-01-24 18:22:29," 갤럭시S10, S10+ 명확한 실기 사진 유출 ",3329,19,0,0
2019-01-25 10:22:29.396986,13090498,20,0,2019-01-24 18:22:29," 갤럭시S10, S10+ 명확한 실기 사진 유출 ",3342,13,0,0
2019-01-25 11:22:34.638812,13090498,20,0,2019-01-24 18:22:29," 갤럭시S10, S10+ 명확한 실기 사진 유출 ",3370,28,0,0
2019-01-25 12:22:39.773050,13090498,20,0,2019-01-24 18:22:29," 갤럭시S10, S10+ 명확한 실기 사진 유출 ",3400,30,0,0
2019-01-25 13:22:31.821146,13090498,20,0,2019-01-24 18:22:29," 갤럭시S10, S10+ 명확한 실기 사진 유출 ",3425,25,0,0
2019-01-25 14:22:36.843736,13090498,20,0,2019-01-24 18:22:29," 갤럭시S10, S10+ 명확한 실기 사진 유출 ",3434,9,0,0
2019-01-25 15:22:41.931749,13090498,20,0,2019-01-24 18:22:29," 갤럭시S10, S10+ 명확한 실기 사진 유출 ",3448,14,0,0
2019-01-25 16:22:33.953242,13090498,20,0,2019-01-24 18:22:29," 갤럭시S10, S10+ 명확한 실기 사진 유출 ",3455,7,0,0
2019-01-25 17:22:39.280948,13090498,20,0,2019-01-24 18:22:29," 갤럭시S10, S10+ 명확한 실기 사진 유출 ",3458,3,0,0
2019-01-25 18:22:31.557452,13090498,20,0,2019-01-24 18:22:29," 갤럭시S10, S10+ 명확한 실기 사진 유출 ",3467,9,0,0
