check_time,id,post_reply,post_symph,post_time,post_title,post_view,post_view_diff,post_reply_diff,post_symph_diff
2019-01-29 19:26:44.660636,13109221,4,1,2019-01-29 18:26:43, 등교길 클라스.gif ,3205,3205,4,1
2019-01-29 20:26:49.683654,13109221,4,1,2019-01-29 18:26:43, 등교길 클라스.gif ,3801,596,0,0
2019-01-29 21:26:54.732969,13109221,4,1,2019-01-29 18:26:43, 등교길 클라스.gif ,4081,280,0,0
2019-01-29 22:26:46.783750,13109221,4,1,2019-01-29 18:26:43, 등교길 클라스.gif ,4248,167,0,0
2019-01-29 23:26:51.801943,13109221,4,1,2019-01-29 18:26:43, 등교길 클라스.gif ,4400,152,0,0
2019-01-30 00:26:43.829332,13109221,4,1,2019-01-29 18:26:43, 등교길 클라스.gif ,4475,75,0,0
2019-01-30 01:26:49.045162,13109221,4,1,2019-01-29 18:26:43, 등교길 클라스.gif ,4515,40,0,0
2019-01-30 02:26:54.316342,13109221,4,1,2019-01-29 18:26:43, 등교길 클라스.gif ,4548,33,0,0
2019-01-30 03:26:46.343033,13109221,4,1,2019-01-29 18:26:43, 등교길 클라스.gif ,4562,14,0,0
2019-01-30 04:26:51.580864,13109221,4,1,2019-01-29 18:26:43, 등교길 클라스.gif ,4580,18,0,0
2019-01-30 05:26:43.693181,13109221,4,1,2019-01-29 18:26:43, 등교길 클라스.gif ,4590,10,0,0
2019-01-30 06:26:48.809843,13109221,4,1,2019-01-29 18:26:43, 등교길 클라스.gif ,4599,9,0,0
2019-01-30 07:26:53.958144,13109221,4,1,2019-01-29 18:26:43, 등교길 클라스.gif ,4616,17,0,0
2019-01-30 08:26:46.052210,13109221,4,1,2019-01-29 18:26:43, 등교길 클라스.gif ,4633,17,0,0
2019-01-30 09:26:51.335436,13109221,4,1,2019-01-29 18:26:43, 등교길 클라스.gif ,4653,20,0,0
2019-01-30 10:26:43.363517,13109221,4,1,2019-01-29 18:26:43, 등교길 클라스.gif ,4680,27,0,0
2019-01-30 11:26:48.405275,13109221,4,1,2019-01-29 18:26:43, 등교길 클라스.gif ,4697,17,0,0
2019-01-30 12:26:53.499327,13109221,4,1,2019-01-29 18:26:43, 등교길 클라스.gif ,4700,3,0,0
2019-01-30 13:26:45.558062,13109221,4,1,2019-01-29 18:26:43, 등교길 클라스.gif ,4709,9,0,0
2019-01-30 14:26:50.567230,13109221,4,1,2019-01-29 18:26:43, 등교길 클라스.gif ,4716,7,0,0
2019-01-30 15:26:55.556647,13109221,4,1,2019-01-29 18:26:43, 등교길 클라스.gif ,4721,5,0,0
2019-01-30 16:26:47.604884,13109221,4,1,2019-01-29 18:26:43, 등교길 클라스.gif ,4723,2,0,0
2019-01-30 17:26:52.592594,13109221,4,1,2019-01-29 18:26:43, 등교길 클라스.gif ,4727,4,0,0
2019-01-30 18:26:44.761651,13109221,4,1,2019-01-29 18:26:43, 등교길 클라스.gif ,4730,3,0,0
