check_time,id,post_reply,post_symph,post_time,post_title,post_view,post_view_diff,post_reply_diff,post_symph_diff
2019-01-30 19:31:51.610287,13113563,0,2,2019-01-30 18:31:47, ▶︎◀︎ 사법부 ,314,314,0,2
2019-01-30 20:31:56.755865,13113563,0,2,2019-01-30 18:31:47, ▶︎◀︎ 사법부 ,327,13,0,0
2019-01-30 21:31:48.981703,13113563,0,2,2019-01-30 18:31:47, ▶︎◀︎ 사법부 ,335,8,0,0
2019-01-30 22:31:54.117518,13113563,0,2,2019-01-30 18:31:47, ▶︎◀︎ 사법부 ,344,9,0,0
2019-01-30 23:31:59.460875,13113563,0,2,2019-01-30 18:31:47, ▶︎◀︎ 사법부 ,346,2,0,0
2019-01-31 00:31:51.774880,13113563,0,2,2019-01-30 18:31:47, ▶︎◀︎ 사법부 ,348,2,0,0
2019-01-31 01:31:56.916761,13113563,0,2,2019-01-30 18:31:47, ▶︎◀︎ 사법부 ,351,3,0,0
2019-01-31 02:31:48.939584,13113563,0,2,2019-01-30 18:31:47, ▶︎◀︎ 사법부 ,351,0,0,0
2019-01-31 03:31:54.058310,13113563,0,2,2019-01-30 18:31:47, ▶︎◀︎ 사법부 ,353,2,0,0
2019-01-31 04:31:59.229650,13113563,0,2,2019-01-30 18:31:47, ▶︎◀︎ 사법부 ,356,3,0,0
2019-01-31 05:31:51.409318,13113563,0,2,2019-01-30 18:31:47, ▶︎◀︎ 사법부 ,357,1,0,0
2019-01-31 06:31:56.605562,13113563,0,2,2019-01-30 18:31:47, ▶︎◀︎ 사법부 ,358,1,0,0
2019-01-31 07:31:48.942516,13113563,0,2,2019-01-30 18:31:47, ▶︎◀︎ 사법부 ,360,2,0,0
2019-01-31 08:31:54.241550,13113563,0,2,2019-01-30 18:31:47, ▶︎◀︎ 사법부 ,361,1,0,0
2019-01-31 09:31:59.346617,13113563,0,2,2019-01-30 18:31:47, ▶︎◀︎ 사법부 ,363,2,0,0
2019-01-31 10:31:51.387310,13113563,0,2,2019-01-30 18:31:47, ▶︎◀︎ 사법부 ,365,2,0,0
2019-01-31 11:31:56.665528,13113563,0,2,2019-01-30 18:31:47, ▶︎◀︎ 사법부 ,365,0,0,0
2019-01-31 12:31:48.807244,13113563,0,2,2019-01-30 18:31:47, ▶︎◀︎ 사법부 ,367,2,0,0
2019-01-31 13:31:53.873864,13113563,0,2,2019-01-30 18:31:47, ▶︎◀︎ 사법부 ,369,2,0,0
2019-01-31 14:31:58.992982,13113563,0,2,2019-01-30 18:31:47, ▶︎◀︎ 사법부 ,370,1,0,0
2019-01-31 15:31:51.096911,13113563,0,2,2019-01-30 18:31:47, ▶︎◀︎ 사법부 ,371,1,0,0
2019-01-31 16:31:56.164497,13113563,0,2,2019-01-30 18:31:47, ▶︎◀︎ 사법부 ,373,2,0,0
2019-01-31 17:31:48.189605,13113563,0,2,2019-01-30 18:31:47, ▶︎◀︎ 사법부 ,376,3,0,0
2019-01-31 18:31:53.193274,13113563,0,2,2019-01-30 18:31:47, ▶︎◀︎ 사법부 ,376,0,0,0
