check_time,id,post_reply,post_symph,post_time,post_title,post_view,post_view_diff,post_reply_diff,post_symph_diff
2019-01-26 19:27:11.775551,13098700,1,0,2019-01-26 18:27:04, 드루와 드루와 이 X끼야~ ,1392,1392,1,0
2019-01-26 20:27:16.873963,13098700,1,0,2019-01-26 18:27:04, 드루와 드루와 이 X끼야~ ,1648,256,0,0
2019-01-26 21:27:08.893538,13098700,1,0,2019-01-26 18:27:04, 드루와 드루와 이 X끼야~ ,1781,133,0,0
2019-01-26 22:27:14.141969,13098700,1,0,2019-01-26 18:27:04, 드루와 드루와 이 X끼야~ ,1819,38,0,0
2019-01-26 23:27:06.100794,13098700,1,0,2019-01-26 18:27:04, 드루와 드루와 이 X끼야~ ,1850,31,0,0
2019-01-27 00:27:11.149707,13098700,1,0,2019-01-26 18:27:04, 드루와 드루와 이 X끼야~ ,1856,6,0,0
2019-01-27 01:27:16.370413,13098700,1,0,2019-01-26 18:27:04, 드루와 드루와 이 X끼야~ ,1862,6,0,0
2019-01-27 02:27:08.541808,13098700,1,0,2019-01-26 18:27:04, 드루와 드루와 이 X끼야~ ,1864,2,0,0
2019-01-27 03:27:13.618578,13098700,1,0,2019-01-26 18:27:04, 드루와 드루와 이 X끼야~ ,1867,3,0,0
2019-01-27 04:27:05.588085,13098700,1,0,2019-01-26 18:27:04, 드루와 드루와 이 X끼야~ ,1871,4,0,0
2019-01-27 05:27:10.682160,13098700,1,0,2019-01-26 18:27:04, 드루와 드루와 이 X끼야~ ,1872,1,0,0
2019-01-27 06:27:15.935872,13098700,1,0,2019-01-26 18:27:04, 드루와 드루와 이 X끼야~ ,1874,2,0,0
2019-01-27 07:27:08.300186,13098700,1,0,2019-01-26 18:27:04, 드루와 드루와 이 X끼야~ ,1880,6,0,0
2019-01-27 08:27:13.515662,13098700,1,0,2019-01-26 18:27:04, 드루와 드루와 이 X끼야~ ,1881,1,0,0
2019-01-27 09:27:05.547253,13098700,1,0,2019-01-26 18:27:04, 드루와 드루와 이 X끼야~ ,1884,3,0,0
2019-01-27 10:27:10.663408,13098700,1,0,2019-01-26 18:27:04, 드루와 드루와 이 X끼야~ ,1888,4,0,0
2019-01-27 11:27:16.033077,13098700,1,0,2019-01-26 18:27:04, 드루와 드루와 이 X끼야~ ,1890,2,0,0
2019-01-27 12:27:08.102367,13098700,1,0,2019-01-26 18:27:04, 드루와 드루와 이 X끼야~ ,1894,4,0,0
2019-01-27 13:27:13.165669,13098700,1,0,2019-01-26 18:27:04, 드루와 드루와 이 X끼야~ ,1896,2,0,0
2019-01-27 14:27:05.195561,13098700,1,0,2019-01-26 18:27:04, 드루와 드루와 이 X끼야~ ,1898,2,0,0
2019-01-27 15:27:10.265507,13098700,1,0,2019-01-26 18:27:04, 드루와 드루와 이 X끼야~ ,1900,2,0,0
2019-01-27 16:27:15.512825,13098700,1,0,2019-01-26 18:27:04, 드루와 드루와 이 X끼야~ ,1901,1,0,0
2019-01-27 17:27:08.189839,13098700,1,0,2019-01-26 18:27:04, 드루와 드루와 이 X끼야~ ,1904,3,0,0
2019-01-27 18:27:13.466587,13098700,1,0,2019-01-26 18:27:04, 드루와 드루와 이 X끼야~ ,1905,1,0,0
