check_time,id,post_reply,post_symph,post_time,post_title,post_view,post_view_diff,post_reply_diff,post_symph_diff
2019-01-31 19:07:15.803576,13117163,4,0,2019-01-31 18:07:05, 아들이 아끼는 필기구.jpg ,3057,3057,4,0
2019-01-31 20:07:08.037835,13117163,4,0,2019-01-31 18:07:05, 아들이 아끼는 필기구.jpg ,3581,524,0,0
2019-01-31 21:07:13.333810,13117163,4,0,2019-01-31 18:07:05, 아들이 아끼는 필기구.jpg ,3948,367,0,0
2019-01-31 22:07:05.519380,13117163,4,0,2019-01-31 18:07:05, 아들이 아끼는 필기구.jpg ,4200,252,0,0
2019-01-31 23:07:12.109959,13117163,4,0,2019-01-31 18:07:05, 아들이 아끼는 필기구.jpg ,4384,184,0,0
2019-02-01 00:07:17.203108,13117163,4,0,2019-01-31 18:07:05, 아들이 아끼는 필기구.jpg ,4521,137,0,0
2019-02-01 01:07:09.337997,13117163,4,0,2019-01-31 18:07:05, 아들이 아끼는 필기구.jpg ,4591,70,0,0
2019-02-01 02:07:14.413102,13117163,4,0,2019-01-31 18:07:05, 아들이 아끼는 필기구.jpg ,4621,30,0,0
2019-02-01 03:07:06.760666,13117163,4,0,2019-01-31 18:07:05, 아들이 아끼는 필기구.jpg ,4641,20,0,0
2019-02-01 04:07:11.882081,13117163,4,0,2019-01-31 18:07:05, 아들이 아끼는 필기구.jpg ,4659,18,0,0
2019-02-01 05:07:16.841580,13117163,4,0,2019-01-31 18:07:05, 아들이 아끼는 필기구.jpg ,4672,13,0,0
2019-02-01 06:07:08.898836,13117163,4,0,2019-01-31 18:07:05, 아들이 아끼는 필기구.jpg ,4691,19,0,0
2019-02-01 07:07:14.248637,13117163,4,0,2019-01-31 18:07:05, 아들이 아끼는 필기구.jpg ,4706,15,0,0
2019-02-01 08:07:06.221384,13117163,4,0,2019-01-31 18:07:05, 아들이 아끼는 필기구.jpg ,4730,24,0,0
2019-02-01 09:07:11.177307,13117163,4,0,2019-01-31 18:07:05, 아들이 아끼는 필기구.jpg ,4753,23,0,0
2019-02-01 10:07:16.384526,13117163,4,0,2019-01-31 18:07:05, 아들이 아끼는 필기구.jpg ,4767,14,0,0
2019-02-01 11:07:08.659829,13117163,4,0,2019-01-31 18:07:05, 아들이 아끼는 필기구.jpg ,4784,17,0,0
2019-02-01 12:07:14.658287,13117163,4,0,2019-01-31 18:07:05, 아들이 아끼는 필기구.jpg ,4788,4,0,0
2019-02-01 13:07:06.746097,13117163,4,0,2019-01-31 18:07:05, 아들이 아끼는 필기구.jpg ,4794,6,0,0
2019-02-01 14:07:11.812532,13117163,4,0,2019-01-31 18:07:05, 아들이 아끼는 필기구.jpg ,4799,5,0,0
2019-02-01 15:07:16.881623,13117163,4,0,2019-01-31 18:07:05, 아들이 아끼는 필기구.jpg ,4805,6,0,0
2019-02-01 16:07:08.909583,13117163,4,0,2019-01-31 18:07:05, 아들이 아끼는 필기구.jpg ,4810,5,0,0
2019-02-01 17:07:14.010205,13117163,4,0,2019-01-31 18:07:05, 아들이 아끼는 필기구.jpg ,4815,5,0,0
2019-02-01 18:07:06.086136,13117163,4,0,2019-01-31 18:07:05, 아들이 아끼는 필기구.jpg ,4820,5,0,0
