check_time,id,post_reply,post_symph,post_time,post_title,post_view,post_view_diff,post_reply_diff,post_symph_diff
2019-01-30 19:37:12.027436,13113589,11,0,2019-01-30 18:37:09, 미국까지 퍼진 찬란한 포장기술 ,3976,3976,11,0
2019-01-30 20:37:17.165246,13113589,13,0,2019-01-30 18:37:09, 미국까지 퍼진 찬란한 포장기술 ,4566,590,2,0
2019-01-30 21:37:09.306739,13113589,13,0,2019-01-30 18:37:09, 미국까지 퍼진 찬란한 포장기술 ,5012,446,0,0
2019-01-30 22:37:14.395513,13113589,13,0,2019-01-30 18:37:09, 미국까지 퍼진 찬란한 포장기술 ,5326,314,0,0
2019-01-30 23:37:19.585097,13113589,13,0,2019-01-30 18:37:09, 미국까지 퍼진 찬란한 포장기술 ,5538,212,0,0
2019-01-31 00:37:11.929672,13113589,13,0,2019-01-30 18:37:09, 미국까지 퍼진 찬란한 포장기술 ,5658,120,0,0
2019-01-31 01:37:17.084999,13113589,13,0,2019-01-30 18:37:09, 미국까지 퍼진 찬란한 포장기술 ,5756,98,0,0
2019-01-31 02:37:09.199481,13113589,13,0,2019-01-30 18:37:09, 미국까지 퍼진 찬란한 포장기술 ,5813,57,0,0
2019-01-31 03:37:14.333895,13113589,13,0,2019-01-30 18:37:09, 미국까지 퍼진 찬란한 포장기술 ,5845,32,0,0
2019-01-31 04:37:20.264654,13113589,13,0,2019-01-30 18:37:09, 미국까지 퍼진 찬란한 포장기술 ,5861,16,0,0
2019-01-31 05:37:12.270463,13113589,13,0,2019-01-30 18:37:09, 미국까지 퍼진 찬란한 포장기술 ,5882,21,0,0
2019-01-31 06:37:17.444530,13113589,13,0,2019-01-30 18:37:09, 미국까지 퍼진 찬란한 포장기술 ,5903,21,0,0
2019-01-31 07:37:09.692183,13113589,13,0,2019-01-30 18:37:09, 미국까지 퍼진 찬란한 포장기술 ,5919,16,0,0
2019-01-31 08:37:14.756678,13113589,13,0,2019-01-30 18:37:09, 미국까지 퍼진 찬란한 포장기술 ,5928,9,0,0
2019-01-31 09:37:19.922421,13113589,13,0,2019-01-30 18:37:09, 미국까지 퍼진 찬란한 포장기술 ,5946,18,0,0
2019-01-31 10:37:12.850902,13113589,13,0,2019-01-30 18:37:09, 미국까지 퍼진 찬란한 포장기술 ,5958,12,0,0
2019-01-31 11:37:17.979271,13113589,13,0,2019-01-30 18:37:09, 미국까지 퍼진 찬란한 포장기술 ,5968,10,0,0
2019-01-31 12:37:10.571342,13113589,13,0,2019-01-30 18:37:09, 미국까지 퍼진 찬란한 포장기술 ,5977,9,0,0
2019-01-31 13:37:15.557267,13113589,13,0,2019-01-30 18:37:09, 미국까지 퍼진 찬란한 포장기술 ,5990,13,0,0
2019-01-31 14:37:20.839649,13113589,13,0,2019-01-30 18:37:09, 미국까지 퍼진 찬란한 포장기술 ,5996,6,0,0
2019-01-31 15:37:12.972761,13113589,13,0,2019-01-30 18:37:09, 미국까지 퍼진 찬란한 포장기술 ,6000,4,0,0
2019-01-31 16:37:18.064431,13113589,13,0,2019-01-30 18:37:09, 미국까지 퍼진 찬란한 포장기술 ,6003,3,0,0
2019-01-31 17:37:10.165365,13113589,13,0,2019-01-30 18:37:09, 미국까지 퍼진 찬란한 포장기술 ,6005,2,0,0
2019-01-31 18:37:15.149815,13113589,13,0,2019-01-30 18:37:09, 미국까지 퍼진 찬란한 포장기술 ,6011,6,0,0
