check_time,id,post_reply,post_symph,post_time,post_title,post_view,post_view_diff,post_reply_diff,post_symph_diff
2019-01-29 12:47:38.110446,13107746,5,0,2019-01-29 11:47:29, 플스 슬림 미션 썩세스..... ,1500,1500,5,0
2019-01-29 13:47:30.257894,13107746,5,0,2019-01-29 11:47:29, 플스 슬림 미션 썩세스..... ,1708,208,0,0
2019-01-29 14:47:35.511330,13107746,5,0,2019-01-29 11:47:29, 플스 슬림 미션 썩세스..... ,1777,69,0,0
2019-01-29 15:47:40.628132,13107746,8,0,2019-01-29 11:47:29, 플스 슬림 미션 썩세스..... ,1810,33,3,0
2019-01-29 16:47:32.650329,13107746,8,0,2019-01-29 11:47:29, 플스 슬림 미션 썩세스..... ,1837,27,0,0
2019-01-29 17:47:37.693882,13107746,8,0,2019-01-29 11:47:29, 플스 슬림 미션 썩세스..... ,1865,28,0,0
2019-01-29 18:47:30.092664,13107746,8,0,2019-01-29 11:47:29, 플스 슬림 미션 썩세스..... ,1876,11,0,0
2019-01-29 19:47:35.387872,13107746,8,0,2019-01-29 11:47:29, 플스 슬림 미션 썩세스..... ,1881,5,0,0
2019-01-29 20:47:40.494716,13107746,8,0,2019-01-29 11:47:29, 플스 슬림 미션 썩세스..... ,1890,9,0,0
2019-01-29 21:47:32.753350,13107746,8,0,2019-01-29 11:47:29, 플스 슬림 미션 썩세스..... ,1895,5,0,0
2019-01-29 22:47:37.905398,13107746,8,0,2019-01-29 11:47:29, 플스 슬림 미션 썩세스..... ,1904,9,0,0
2019-01-29 23:47:30.017619,13107746,8,0,2019-01-29 11:47:29, 플스 슬림 미션 썩세스..... ,1911,7,0,0
2019-01-30 00:47:35.134101,13107746,8,0,2019-01-29 11:47:29, 플스 슬림 미션 썩세스..... ,1914,3,0,0
2019-01-30 01:47:40.282844,13107746,8,0,2019-01-29 11:47:29, 플스 슬림 미션 썩세스..... ,1918,4,0,0
2019-01-30 02:47:32.346892,13107746,8,0,2019-01-29 11:47:29, 플스 슬림 미션 썩세스..... ,1920,2,0,0
2019-01-30 03:47:37.389153,13107746,8,0,2019-01-29 11:47:29, 플스 슬림 미션 썩세스..... ,1922,2,0,0
2019-01-30 04:47:29.519909,13107746,8,0,2019-01-29 11:47:29, 플스 슬림 미션 썩세스..... ,1926,4,0,0
2019-01-30 05:47:34.559665,13107746,8,0,2019-01-29 11:47:29, 플스 슬림 미션 썩세스..... ,1929,3,0,0
2019-01-30 06:47:39.614266,13107746,8,0,2019-01-29 11:47:29, 플스 슬림 미션 썩세스..... ,1932,3,0,0
2019-01-30 07:47:31.686447,13107746,8,0,2019-01-29 11:47:29, 플스 슬림 미션 썩세스..... ,1933,1,0,0
2019-01-30 08:47:36.756049,13107746,8,0,2019-01-29 11:47:29, 플스 슬림 미션 썩세스..... ,1934,1,0,0
2019-01-30 09:47:41.806834,13107746,8,0,2019-01-29 11:47:29, 플스 슬림 미션 썩세스..... ,1941,7,0,0
2019-01-30 10:47:33.913773,13107746,8,0,2019-01-29 11:47:29, 플스 슬림 미션 썩세스..... ,1942,1,0,0
2019-01-30 11:47:39.154285,13107746,8,0,2019-01-29 11:47:29, 플스 슬림 미션 썩세스..... ,1947,5,0,0
