check_time,id,post_reply,post_symph,post_time,post_title,post_view,post_view_diff,post_reply_diff,post_symph_diff
2019-01-28 12:27:35.414909,13103883,3,0,2019-01-28 11:27:24, 내끄야.gif ,2043,2043,3,0
2019-01-28 13:27:27.614626,13103883,3,0,2019-01-28 11:27:24, 내끄야.gif ,2371,328,0,0
2019-01-28 14:27:32.725274,13103883,3,0,2019-01-28 11:27:24, 내끄야.gif ,2460,89,0,0
2019-01-28 15:27:24.750615,13103883,3,0,2019-01-28 11:27:24, 내끄야.gif ,2497,37,0,0
2019-01-28 16:27:29.860072,13103883,3,0,2019-01-28 11:27:24, 내끄야.gif ,2530,33,0,0
2019-01-28 17:27:35.024701,13103883,3,0,2019-01-28 11:27:24, 내끄야.gif ,2548,18,0,0
2019-01-28 18:27:27.071258,13103883,3,0,2019-01-28 11:27:24, 내끄야.gif ,2564,16,0,0
2019-01-28 19:27:32.057482,13103883,3,0,2019-01-28 11:27:24, 내끄야.gif ,2570,6,0,0
2019-01-28 20:27:24.083989,13103883,3,0,2019-01-28 11:27:24, 내끄야.gif ,2575,5,0,0
2019-01-28 21:27:29.156018,13103883,3,0,2019-01-28 11:27:24, 내끄야.gif ,2586,11,0,0
2019-01-28 22:27:34.285145,13103883,3,0,2019-01-28 11:27:24, 내끄야.gif ,2594,8,0,0
2019-01-28 23:27:26.439275,13103883,3,0,2019-01-28 11:27:24, 내끄야.gif ,2598,4,0,0
2019-01-29 00:27:31.577202,13103883,3,0,2019-01-28 11:27:24, 내끄야.gif ,2599,1,0,0
2019-01-29 01:27:36.609313,13103883,3,0,2019-01-28 11:27:24, 내끄야.gif ,2603,4,0,0
2019-01-29 02:27:28.615654,13103883,3,0,2019-01-28 11:27:24, 내끄야.gif ,2608,5,0,0
2019-01-29 03:27:33.900380,13103883,3,0,2019-01-28 11:27:24, 내끄야.gif ,2610,2,0,0
2019-01-29 04:27:25.979724,13103883,3,0,2019-01-28 11:27:24, 내끄야.gif ,2613,3,0,0
2019-01-29 05:27:31.019821,13103883,3,0,2019-01-28 11:27:24, 내끄야.gif ,2615,2,0,0
2019-01-29 06:27:36.033521,13103883,3,0,2019-01-28 11:27:24, 내끄야.gif ,2616,1,0,0
2019-01-29 07:27:28.057254,13103883,3,0,2019-01-28 11:27:24, 내끄야.gif ,2620,4,0,0
2019-01-29 08:27:33.138642,13103883,3,0,2019-01-28 11:27:24, 내끄야.gif ,2622,2,0,0
2019-01-29 09:27:25.445335,13103883,3,0,2019-01-28 11:27:24, 내끄야.gif ,2628,6,0,0
2019-01-29 10:27:30.575010,13103883,3,0,2019-01-28 11:27:24, 내끄야.gif ,2631,3,0,0
2019-01-29 11:27:35.709864,13103883,3,0,2019-01-28 11:27:24, 내끄야.gif ,2633,2,0,0
