check_time,id,post_reply,post_symph,post_time,post_title,post_view,post_view_diff,post_reply_diff,post_symph_diff
2019-01-28 12:57:03.362091,13104000,12,0,2019-01-28 11:57:02, 쓰레기 설치미술.jpg ,3494,3494,12,0
2019-01-28 13:57:08.492591,13104000,12,0,2019-01-28 11:57:02, 쓰레기 설치미술.jpg ,4030,536,0,0
2019-01-28 14:57:13.739602,13104000,12,0,2019-01-28 11:57:02, 쓰레기 설치미술.jpg ,4253,223,0,0
2019-01-28 15:57:05.750359,13104000,12,0,2019-01-28 11:57:02, 쓰레기 설치미술.jpg ,4350,97,0,0
2019-01-28 16:57:10.732678,13104000,12,0,2019-01-28 11:57:02, 쓰레기 설치미술.jpg ,4460,110,0,0
2019-01-28 17:57:02.805499,13104000,12,0,2019-01-28 11:57:02, 쓰레기 설치미술.jpg ,4529,69,0,0
2019-01-28 18:57:07.850813,13104000,12,0,2019-01-28 11:57:02, 쓰레기 설치미술.jpg ,4595,66,0,0
2019-01-28 19:57:13.259946,13104000,12,0,2019-01-28 11:57:02, 쓰레기 설치미술.jpg ,4629,34,0,0
2019-01-28 20:57:05.436977,13104000,12,0,2019-01-28 11:57:02, 쓰레기 설치미술.jpg ,4647,18,0,0
2019-01-28 21:57:10.732346,13104000,12,0,2019-01-28 11:57:02, 쓰레기 설치미술.jpg ,4666,19,0,0
2019-01-28 22:57:02.744676,13104000,12,0,2019-01-28 11:57:02, 쓰레기 설치미술.jpg ,4679,13,0,0
2019-01-28 23:57:07.845275,13104000,12,0,2019-01-28 11:57:02, 쓰레기 설치미술.jpg ,4686,7,0,0
2019-01-29 00:57:13.123918,13104000,12,0,2019-01-28 11:57:02, 쓰레기 설치미술.jpg ,4693,7,0,0
2019-01-29 01:57:05.409056,13104000,12,0,2019-01-28 11:57:02, 쓰레기 설치미술.jpg ,4694,1,0,0
2019-01-29 02:57:10.700999,13104000,12,0,2019-01-28 11:57:02, 쓰레기 설치미술.jpg ,4699,5,0,0
2019-01-29 03:57:02.868601,13104000,12,0,2019-01-28 11:57:02, 쓰레기 설치미술.jpg ,4701,2,0,0
2019-01-29 04:57:08.360130,13104000,12,0,2019-01-28 11:57:02, 쓰레기 설치미술.jpg ,4703,2,0,0
2019-01-29 05:57:13.610405,13104000,12,0,2019-01-28 11:57:02, 쓰레기 설치미술.jpg ,4704,1,0,0
2019-01-29 06:57:05.945610,13104000,12,0,2019-01-28 11:57:02, 쓰레기 설치미술.jpg ,4705,1,0,0
2019-01-29 07:57:11.336392,13104000,12,0,2019-01-28 11:57:02, 쓰레기 설치미술.jpg ,4708,3,0,0
2019-01-29 08:57:03.672968,13104000,12,0,2019-01-28 11:57:02, 쓰레기 설치미술.jpg ,4712,4,0,0
2019-01-29 09:57:09.041998,13104000,12,0,2019-01-28 11:57:02, 쓰레기 설치미술.jpg ,4715,3,0,0
2019-01-29 10:57:14.534849,13104000,12,0,2019-01-28 11:57:02, 쓰레기 설치미술.jpg ,4718,3,0,0
2019-01-29 11:57:06.637134,13104000,12,0,2019-01-28 11:57:02, 쓰레기 설치미술.jpg ,4723,5,0,0
