check_time,id,post_reply,post_symph,post_time,post_title,post_view,post_view_diff,post_reply_diff,post_symph_diff
2019-01-29 12:15:35.070442,13107626,5,0,2019-01-29 11:15:35, 오송xxx 이번에도 개이득이네요 ,1673,1673,5,0
2019-01-29 13:15:40.319565,13107626,5,0,2019-01-29 11:15:35, 오송xxx 이번에도 개이득이네요 ,1806,133,0,0
2019-01-29 14:15:45.478938,13107626,5,0,2019-01-29 11:15:35, 오송xxx 이번에도 개이득이네요 ,1848,42,0,0
2019-01-29 15:15:37.554085,13107626,5,0,2019-01-29 11:15:35, 오송xxx 이번에도 개이득이네요 ,1858,10,0,0
2019-01-29 16:15:42.729312,13107626,5,0,2019-01-29 11:15:35, 오송xxx 이번에도 개이득이네요 ,1870,12,0,0
2019-01-29 17:15:47.839588,13107626,5,0,2019-01-29 11:15:35, 오송xxx 이번에도 개이득이네요 ,1879,9,0,0
2019-01-29 18:15:39.976413,13107626,5,0,2019-01-29 11:15:35, 오송xxx 이번에도 개이득이네요 ,1886,7,0,0
2019-01-29 19:15:45.095984,13107626,5,0,2019-01-29 11:15:35, 오송xxx 이번에도 개이득이네요 ,1890,4,0,0
2019-01-29 20:15:37.207072,13107626,5,0,2019-01-29 11:15:35, 오송xxx 이번에도 개이득이네요 ,1892,2,0,0
2019-01-29 21:15:42.327281,13107626,5,0,2019-01-29 11:15:35, 오송xxx 이번에도 개이득이네요 ,1896,4,0,0
2019-01-29 22:15:47.629669,13107626,5,0,2019-01-29 11:15:35, 오송xxx 이번에도 개이득이네요 ,1900,4,0,0
2019-01-29 23:15:39.777878,13107626,5,0,2019-01-29 11:15:35, 오송xxx 이번에도 개이득이네요 ,1903,3,0,0
2019-01-30 00:15:44.882127,13107626,5,0,2019-01-29 11:15:35, 오송xxx 이번에도 개이득이네요 ,1905,2,0,0
2019-01-30 01:15:37.026796,13107626,5,0,2019-01-29 11:15:35, 오송xxx 이번에도 개이득이네요 ,1907,2,0,0
2019-01-30 02:15:42.171905,13107626,5,0,2019-01-29 11:15:35, 오송xxx 이번에도 개이득이네요 ,1909,2,0,0
2019-01-30 03:15:47.165442,13107626,5,0,2019-01-29 11:15:35, 오송xxx 이번에도 개이득이네요 ,1910,1,0,0
2019-01-30 04:15:39.133494,13107626,5,0,2019-01-29 11:15:35, 오송xxx 이번에도 개이득이네요 ,1912,2,0,0
2019-01-30 05:15:44.196673,13107626,5,0,2019-01-29 11:15:35, 오송xxx 이번에도 개이득이네요 ,1913,1,0,0
2019-01-30 06:15:36.239607,13107626,5,0,2019-01-29 11:15:35, 오송xxx 이번에도 개이득이네요 ,1914,1,0,0
2019-01-30 07:15:41.199663,13107626,5,0,2019-01-29 11:15:35, 오송xxx 이번에도 개이득이네요 ,1916,2,0,0
2019-01-30 08:15:46.304986,13107626,5,0,2019-01-29 11:15:35, 오송xxx 이번에도 개이득이네요 ,1918,2,0,0
2019-01-30 09:15:38.435384,13107626,5,0,2019-01-29 11:15:35, 오송xxx 이번에도 개이득이네요 ,1920,2,0,0
2019-01-30 10:15:43.492714,13107626,5,0,2019-01-29 11:15:35, 오송xxx 이번에도 개이득이네요 ,1921,1,0,0
2019-01-30 11:15:35.439567,13107626,5,0,2019-01-29 11:15:35, 오송xxx 이번에도 개이득이네요 ,1922,1,0,0
