check_time,id,post_reply,post_symph,post_time,post_title,post_view,post_view_diff,post_reply_diff,post_symph_diff
2019-01-24 12:56:44.610148,13088908,15,0,2019-01-24 11:56:41, 언니님은 왜 없을까요? ,733,733,15,0
2019-01-24 13:56:49.721888,13088908,16,0,2019-01-24 11:56:41, 언니님은 왜 없을까요? ,804,71,1,0
2019-01-24 14:56:41.816709,13088908,16,0,2019-01-24 11:56:41, 언니님은 왜 없을까요? ,824,20,0,0
2019-01-24 15:56:46.958559,13088908,16,0,2019-01-24 11:56:41, 언니님은 왜 없을까요? ,836,12,0,0
2019-01-24 16:56:52.050670,13088908,16,0,2019-01-24 11:56:41, 언니님은 왜 없을까요? ,840,4,0,0
2019-01-24 17:56:44.183142,13088908,16,0,2019-01-24 11:56:41, 언니님은 왜 없을까요? ,845,5,0,0
2019-01-24 18:56:49.314727,13088908,16,0,2019-01-24 11:56:41, 언니님은 왜 없을까요? ,848,3,0,0
2019-01-24 19:56:41.343364,13088908,16,0,2019-01-24 11:56:41, 언니님은 왜 없을까요? ,849,1,0,0
2019-01-24 20:56:46.390601,13088908,16,0,2019-01-24 11:56:41, 언니님은 왜 없을까요? ,852,3,0,0
2019-01-24 21:56:51.488416,13088908,16,0,2019-01-24 11:56:41, 언니님은 왜 없을까요? ,854,2,0,0
2019-01-24 22:56:43.610678,13088908,16,0,2019-01-24 11:56:41, 언니님은 왜 없을까요? ,856,2,0,0
2019-01-24 23:56:49.182463,13088908,16,0,2019-01-24 11:56:41, 언니님은 왜 없을까요? ,859,3,0,0
2019-01-25 00:56:41.346385,13088908,16,0,2019-01-24 11:56:41, 언니님은 왜 없을까요? ,861,2,0,0
2019-01-25 01:56:46.547201,13088908,16,0,2019-01-24 11:56:41, 언니님은 왜 없을까요? ,862,1,0,0
2019-01-25 02:56:51.678267,13088908,16,0,2019-01-24 11:56:41, 언니님은 왜 없을까요? ,863,1,0,0
2019-01-25 03:56:43.663563,13088908,16,0,2019-01-24 11:56:41, 언니님은 왜 없을까요? ,866,3,0,0
2019-01-25 04:56:48.650091,13088908,16,0,2019-01-24 11:56:41, 언니님은 왜 없을까요? ,868,2,0,0
2019-01-25 05:56:53.640492,13088908,16,0,2019-01-24 11:56:41, 언니님은 왜 없을까요? ,869,1,0,0
2019-01-25 06:56:45.636766,13088908,16,0,2019-01-24 11:56:41, 언니님은 왜 없을까요? ,871,2,0,0
2019-01-25 07:56:50.706623,13088908,16,0,2019-01-24 11:56:41, 언니님은 왜 없을까요? ,872,1,0,0
2019-01-25 08:56:42.747410,13088908,16,0,2019-01-24 11:56:41, 언니님은 왜 없을까요? ,873,1,0,0
2019-01-25 09:56:47.787051,13088908,16,0,2019-01-24 11:56:41, 언니님은 왜 없을까요? ,874,1,0,0
2019-01-25 10:56:52.869956,13088908,16,0,2019-01-24 11:56:41, 언니님은 왜 없을까요? ,876,2,0,0
2019-01-25 11:56:44.889564,13088908,16,0,2019-01-24 11:56:41, 언니님은 왜 없을까요? ,877,1,0,0
