check_time,id,post_reply,post_symph,post_time,post_title,post_view,post_view_diff,post_reply_diff,post_symph_diff
2019-01-28 12:01:27.769043,13103778,6,0,2019-01-28 11:01:21, 모공아재들에겐 쓸모없는 핫딜 ,863,863,6,0
2019-01-28 13:01:32.889841,13103778,6,0,2019-01-28 11:01:21, 모공아재들에겐 쓸모없는 핫딜 ,935,72,0,0
2019-01-28 14:01:24.963876,13103778,6,0,2019-01-28 11:01:21, 모공아재들에겐 쓸모없는 핫딜 ,966,31,0,0
2019-01-28 15:01:30.146208,13103778,6,0,2019-01-28 11:01:21, 모공아재들에겐 쓸모없는 핫딜 ,978,12,0,0
2019-01-28 16:01:22.225460,13103778,6,0,2019-01-28 11:01:21, 모공아재들에겐 쓸모없는 핫딜 ,983,5,0,0
2019-01-28 17:01:27.293793,13103778,6,0,2019-01-28 11:01:21, 모공아재들에겐 쓸모없는 핫딜 ,990,7,0,0
2019-01-28 18:01:32.570339,13103778,6,0,2019-01-28 11:01:21, 모공아재들에겐 쓸모없는 핫딜 ,992,2,0,0
2019-01-28 19:01:24.582768,13103778,6,0,2019-01-28 11:01:21, 모공아재들에겐 쓸모없는 핫딜 ,994,2,0,0
2019-01-28 20:01:29.656033,13103778,6,0,2019-01-28 11:01:21, 모공아재들에겐 쓸모없는 핫딜 ,996,2,0,0
2019-01-28 21:01:21.747184,13103778,6,0,2019-01-28 11:01:21, 모공아재들에겐 쓸모없는 핫딜 ,1001,5,0,0
2019-01-28 22:01:26.876991,13103778,6,0,2019-01-28 11:01:21, 모공아재들에겐 쓸모없는 핫딜 ,1003,2,0,0
2019-01-28 23:01:31.982314,13103778,6,0,2019-01-28 11:01:21, 모공아재들에겐 쓸모없는 핫딜 ,1003,0,0,0
2019-01-29 00:01:24.037991,13103778,6,0,2019-01-28 11:01:21, 모공아재들에겐 쓸모없는 핫딜 ,1004,1,0,0
2019-01-29 01:01:29.170643,13103778,6,0,2019-01-28 11:01:21, 모공아재들에겐 쓸모없는 핫딜 ,1007,3,0,0
2019-01-29 02:01:21.313045,13103778,6,0,2019-01-28 11:01:21, 모공아재들에겐 쓸모없는 핫딜 ,1009,2,0,0
2019-01-29 03:01:26.425675,13103778,6,0,2019-01-28 11:01:21, 모공아재들에겐 쓸모없는 핫딜 ,1012,3,0,0
2019-01-29 04:01:31.520868,13103778,6,0,2019-01-28 11:01:21, 모공아재들에겐 쓸모없는 핫딜 ,1013,1,0,0
2019-01-29 05:01:23.533221,13103778,6,0,2019-01-28 11:01:21, 모공아재들에겐 쓸모없는 핫딜 ,1014,1,0,0
2019-01-29 06:01:28.597044,13103778,6,0,2019-01-28 11:01:21, 모공아재들에겐 쓸모없는 핫딜 ,1015,1,0,0
2019-01-29 07:01:33.583731,13103778,6,0,2019-01-28 11:01:21, 모공아재들에겐 쓸모없는 핫딜 ,1016,1,0,0
2019-01-29 08:01:25.636756,13103778,6,0,2019-01-28 11:01:21, 모공아재들에겐 쓸모없는 핫딜 ,1017,1,0,0
2019-01-29 09:01:30.651334,13103778,6,0,2019-01-28 11:01:21, 모공아재들에겐 쓸모없는 핫딜 ,1019,2,0,0
2019-01-29 10:01:22.704633,13103778,6,0,2019-01-28 11:01:21, 모공아재들에겐 쓸모없는 핫딜 ,1020,1,0,0
2019-01-29 11:01:27.717017,13103778,6,0,2019-01-28 11:01:21, 모공아재들에겐 쓸모없는 핫딜 ,1021,1,0,0
