check_time,id,post_reply,post_symph,post_time,post_title,post_view,post_view_diff,post_reply_diff,post_symph_diff
2019-01-25 12:12:10.833857,13093040,25,3,2019-01-25 11:12:01, 제가 찍은 사진 보고 가세요~ ,1381,1381,25,3
2019-01-25 13:12:02.926968,13093040,25,3,2019-01-25 11:12:01, 제가 찍은 사진 보고 가세요~ ,1591,210,0,0
2019-01-25 14:12:07.979571,13093040,25,3,2019-01-25 11:12:01, 제가 찍은 사진 보고 가세요~ ,1708,117,0,0
2019-01-25 15:12:12.985963,13093040,25,3,2019-01-25 11:12:01, 제가 찍은 사진 보고 가세요~ ,1744,36,0,0
2019-01-25 16:12:05.054336,13093040,25,3,2019-01-25 11:12:01, 제가 찍은 사진 보고 가세요~ ,1769,25,0,0
2019-01-25 17:12:11.232117,13093040,25,3,2019-01-25 11:12:01, 제가 찍은 사진 보고 가세요~ ,1787,18,0,0
2019-01-25 18:12:03.360543,13093040,25,3,2019-01-25 11:12:01, 제가 찍은 사진 보고 가세요~ ,1802,15,0,0
2019-01-25 19:12:08.681604,13093040,25,3,2019-01-25 11:12:01, 제가 찍은 사진 보고 가세요~ ,1816,14,0,0
2019-01-25 20:12:13.905640,13093040,25,3,2019-01-25 11:12:01, 제가 찍은 사진 보고 가세요~ ,1820,4,0,0
2019-01-25 21:12:05.920907,13093040,25,3,2019-01-25 11:12:01, 제가 찍은 사진 보고 가세요~ ,1828,8,0,0
2019-01-25 22:12:11.219276,13093040,25,3,2019-01-25 11:12:01, 제가 찍은 사진 보고 가세요~ ,1836,8,0,0
2019-01-25 23:12:03.209901,13093040,25,3,2019-01-25 11:12:01, 제가 찍은 사진 보고 가세요~ ,1841,5,0,0
2019-01-26 00:12:08.512663,13093040,25,3,2019-01-25 11:12:01, 제가 찍은 사진 보고 가세요~ ,1842,1,0,0
2019-01-26 01:12:13.586703,13093040,25,3,2019-01-25 11:12:01, 제가 찍은 사진 보고 가세요~ ,1845,3,0,0
2019-01-26 02:12:05.678203,13093040,25,3,2019-01-25 11:12:01, 제가 찍은 사진 보고 가세요~ ,1848,3,0,0
2019-01-26 03:12:10.702461,13093040,25,3,2019-01-25 11:12:01, 제가 찍은 사진 보고 가세요~ ,1852,4,0,0
2019-01-26 04:12:02.768901,13093040,25,3,2019-01-25 11:12:01, 제가 찍은 사진 보고 가세요~ ,1854,2,0,0
2019-01-26 05:12:07.971025,13093040,25,3,2019-01-25 11:12:01, 제가 찍은 사진 보고 가세요~ ,1857,3,0,0
2019-01-26 06:12:13.033004,13093040,25,3,2019-01-25 11:12:01, 제가 찍은 사진 보고 가세요~ ,1859,2,0,0
2019-01-26 07:12:05.105115,13093040,25,3,2019-01-25 11:12:01, 제가 찍은 사진 보고 가세요~ ,1861,2,0,0
2019-01-26 08:12:11.668097,13093040,25,3,2019-01-25 11:12:01, 제가 찍은 사진 보고 가세요~ ,1863,2,0,0
2019-01-26 09:12:03.875830,13093040,25,3,2019-01-25 11:12:01, 제가 찍은 사진 보고 가세요~ ,1864,1,0,0
2019-01-26 10:12:09.139493,13093040,25,3,2019-01-25 11:12:01, 제가 찍은 사진 보고 가세요~ ,1867,3,0,0
2019-01-26 11:12:01.366688,13093040,25,3,2019-01-25 11:12:01, 제가 찍은 사진 보고 가세요~ ,1870,3,0,0
