check_time,id,post_reply,post_symph,post_time,post_title,post_view,post_view_diff,post_reply_diff,post_symph_diff
2019-01-25 12:51:56.922352,13093204,13,2,2019-01-25 11:51:54, 백승호 탈압박.gif ,2847,2847,13,2
2019-01-25 13:52:01.971043,13093204,13,2,2019-01-25 11:51:54, 백승호 탈압박.gif ,3267,420,0,0
2019-01-25 14:51:54.032470,13093204,13,2,2019-01-25 11:51:54, 백승호 탈압박.gif ,3414,147,0,0
2019-01-25 15:51:59.523581,13093204,13,2,2019-01-25 11:51:54, 백승호 탈압박.gif ,3509,95,0,0
2019-01-25 16:52:04.496239,13093204,13,2,2019-01-25 11:51:54, 백승호 탈압박.gif ,3582,73,0,0
2019-01-25 17:51:56.681865,13093204,13,2,2019-01-25 11:51:54, 백승호 탈압박.gif ,3631,49,0,0
2019-01-25 18:52:01.658220,13093204,13,2,2019-01-25 11:51:54, 백승호 탈압박.gif ,3667,36,0,0
2019-01-25 19:52:06.953112,13093204,13,2,2019-01-25 11:51:54, 백승호 탈압박.gif ,3687,20,0,0
2019-01-25 20:51:58.984391,13093204,13,2,2019-01-25 11:51:54, 백승호 탈압박.gif ,3708,21,0,0
2019-01-25 21:52:04.037195,13093204,13,2,2019-01-25 11:51:54, 백승호 탈압박.gif ,3721,13,0,0
2019-01-25 22:51:56.105842,13093204,13,2,2019-01-25 11:51:54, 백승호 탈압박.gif ,3729,8,0,0
2019-01-25 23:52:01.457891,13093204,13,2,2019-01-25 11:51:54, 백승호 탈압박.gif ,3737,8,0,0
2019-01-26 00:52:06.491886,13093204,13,2,2019-01-25 11:51:54, 백승호 탈압박.gif ,3741,4,0,0
2019-01-26 01:51:58.457535,13093204,13,2,2019-01-25 11:51:54, 백승호 탈압박.gif ,3742,1,0,0
2019-01-26 02:52:04.057515,13093204,13,2,2019-01-25 11:51:54, 백승호 탈압박.gif ,3744,2,0,0
2019-01-26 03:51:56.005914,13093204,13,2,2019-01-25 11:51:54, 백승호 탈압박.gif ,3747,3,0,0
2019-01-26 04:52:01.097756,13093204,13,2,2019-01-25 11:51:54, 백승호 탈압박.gif ,3751,4,0,0
2019-01-26 05:52:06.315101,13093204,13,2,2019-01-25 11:51:54, 백승호 탈압박.gif ,3752,1,0,0
2019-01-26 06:51:58.440157,13093204,13,2,2019-01-25 11:51:54, 백승호 탈압박.gif ,3754,2,0,0
2019-01-26 07:52:03.462202,13093204,13,2,2019-01-25 11:51:54, 백승호 탈압박.gif ,3755,1,0,0
2019-01-26 08:51:55.545572,13093204,13,2,2019-01-25 11:51:54, 백승호 탈압박.gif ,3759,4,0,0
2019-01-26 09:52:00.729532,13093204,13,2,2019-01-25 11:51:54, 백승호 탈압박.gif ,3764,5,0,0
2019-01-26 10:52:05.796462,13093204,13,2,2019-01-25 11:51:54, 백승호 탈압박.gif ,3767,3,0,0
2019-01-26 11:51:57.979601,13093204,13,2,2019-01-25 11:51:54, 백승호 탈압박.gif ,3768,1,0,0
