check_time,id,post_reply,post_symph,post_time,post_title,post_view,post_view_diff,post_reply_diff,post_symph_diff
2019-01-25 12:22:28.647102,13093082,15,0,2019-01-25 11:22:21, 유부남 복지가 최고인 회사...jpg ,4420,4420,15,0
2019-01-25 13:22:21.115202,13093082,15,0,2019-01-25 11:22:21, 유부남 복지가 최고인 회사...jpg ,5624,1204,0,0
2019-01-25 14:22:26.274156,13093082,15,0,2019-01-25 11:22:21, 유부남 복지가 최고인 회사...jpg ,6334,710,0,0
2019-01-25 15:22:31.312427,13093082,15,0,2019-01-25 11:22:21, 유부남 복지가 최고인 회사...jpg ,6587,253,0,0
2019-01-25 16:22:23.388258,13093082,15,0,2019-01-25 11:22:21, 유부남 복지가 최고인 회사...jpg ,6710,123,0,0
2019-01-25 17:22:28.466790,13093082,15,0,2019-01-25 11:22:21, 유부남 복지가 최고인 회사...jpg ,6811,101,0,0
2019-01-25 18:22:33.808433,13093082,15,0,2019-01-25 11:22:21, 유부남 복지가 최고인 회사...jpg ,6892,81,0,0
2019-01-25 19:22:26.085475,13093082,15,0,2019-01-25 11:22:21, 유부남 복지가 최고인 회사...jpg ,6946,54,0,0
2019-01-25 20:22:31.176380,13093082,15,0,2019-01-25 11:22:21, 유부남 복지가 최고인 회사...jpg ,6970,24,0,0
2019-01-25 21:22:23.204522,13093082,15,0,2019-01-25 11:22:21, 유부남 복지가 최고인 회사...jpg ,6987,17,0,0
2019-01-25 22:22:28.216364,13093082,15,0,2019-01-25 11:22:21, 유부남 복지가 최고인 회사...jpg ,7004,17,0,0
2019-01-25 23:22:33.256153,13093082,15,0,2019-01-25 11:22:21, 유부남 복지가 최고인 회사...jpg ,7012,8,0,0
2019-01-26 00:22:25.360995,13093082,15,0,2019-01-25 11:22:21, 유부남 복지가 최고인 회사...jpg ,7019,7,0,0
2019-01-26 01:22:30.388370,13093082,15,0,2019-01-25 11:22:21, 유부남 복지가 최고인 회사...jpg ,7029,10,0,0
2019-01-26 02:22:22.460272,13093082,15,0,2019-01-25 11:22:21, 유부남 복지가 최고인 회사...jpg ,7033,4,0,0
2019-01-26 03:22:27.472872,13093082,15,0,2019-01-25 11:22:21, 유부남 복지가 최고인 회사...jpg ,7039,6,0,0
2019-01-26 04:22:32.518709,13093082,15,0,2019-01-25 11:22:21, 유부남 복지가 최고인 회사...jpg ,7040,1,0,0
2019-01-26 05:22:24.506891,13093082,15,0,2019-01-25 11:22:21, 유부남 복지가 최고인 회사...jpg ,7042,2,0,0
2019-01-26 06:22:29.527451,13093082,15,0,2019-01-25 11:22:21, 유부남 복지가 최고인 회사...jpg ,7044,2,0,0
2019-01-26 07:22:21.581584,13093082,15,0,2019-01-25 11:22:21, 유부남 복지가 최고인 회사...jpg ,7046,2,0,0
2019-01-26 08:22:26.685867,13093082,15,0,2019-01-25 11:22:21, 유부남 복지가 최고인 회사...jpg ,7048,2,0,0
2019-01-26 09:22:31.722940,13093082,15,0,2019-01-25 11:22:21, 유부남 복지가 최고인 회사...jpg ,7050,2,0,0
2019-01-26 10:22:23.750446,13093082,15,0,2019-01-25 11:22:21, 유부남 복지가 최고인 회사...jpg ,7055,5,0,0
2019-01-26 11:22:28.811160,13093082,15,0,2019-01-25 11:22:21, 유부남 복지가 최고인 회사...jpg ,7058,3,0,0
