check_time,id,post_reply,post_symph,post_time,post_title,post_view,post_view_diff,post_reply_diff,post_symph_diff
2019-01-26 12:17:02.376052,13097436,13,1,2019-01-26 11:16:53, 출국전 마지막 코카 ,1942,1942,13,1
2019-01-26 13:16:54.407309,13097436,13,1,2019-01-26 11:16:53, 출국전 마지막 코카 ,2247,305,0,0
2019-01-26 14:16:59.477604,13097436,13,1,2019-01-26 11:16:53, 출국전 마지막 코카 ,2379,132,0,0
2019-01-26 15:17:04.529135,13097436,13,1,2019-01-26 11:16:53, 출국전 마지막 코카 ,2455,76,0,0
2019-01-26 16:16:56.848287,13097436,13,1,2019-01-26 11:16:53, 출국전 마지막 코카 ,2497,42,0,0
2019-01-26 17:17:01.887681,13097436,13,1,2019-01-26 11:16:53, 출국전 마지막 코카 ,2526,29,0,0
2019-01-26 18:16:54.220904,13097436,13,1,2019-01-26 11:16:53, 출국전 마지막 코카 ,2536,10,0,0
2019-01-26 19:16:59.469913,13097436,13,1,2019-01-26 11:16:53, 출국전 마지막 코카 ,2551,15,0,0
2019-01-26 20:17:04.499900,13097436,13,1,2019-01-26 11:16:53, 출국전 마지막 코카 ,2558,7,0,0
2019-01-26 21:16:56.759030,13097436,13,1,2019-01-26 11:16:53, 출국전 마지막 코카 ,2567,9,0,0
2019-01-26 22:17:01.832414,13097436,13,1,2019-01-26 11:16:53, 출국전 마지막 코카 ,2572,5,0,0
2019-01-26 23:16:53.870494,13097436,13,1,2019-01-26 11:16:53, 출국전 마지막 코카 ,2579,7,0,0
2019-01-27 00:16:58.896083,13097436,13,1,2019-01-26 11:16:53, 출국전 마지막 코카 ,2583,4,0,0
2019-01-27 01:17:03.965765,13097436,13,1,2019-01-26 11:16:53, 출국전 마지막 코카 ,2585,2,0,0
2019-01-27 02:16:56.046025,13097436,13,1,2019-01-26 11:16:53, 출국전 마지막 코카 ,2587,2,0,0
2019-01-27 03:17:01.148641,13097436,13,1,2019-01-26 11:16:53, 출국전 마지막 코카 ,2587,0,0,0
2019-01-27 04:16:53.518009,13097436,13,1,2019-01-26 11:16:53, 출국전 마지막 코카 ,2588,1,0,0
2019-01-27 05:16:58.669391,13097436,13,1,2019-01-26 11:16:53, 출국전 마지막 코카 ,2590,2,0,0
2019-01-27 06:17:03.743337,13097436,13,1,2019-01-26 11:16:53, 출국전 마지막 코카 ,2594,4,0,0
2019-01-27 07:16:56.364972,13097436,13,1,2019-01-26 11:16:53, 출국전 마지막 코카 ,2595,1,0,0
2019-01-27 08:17:01.402856,13097436,13,1,2019-01-26 11:16:53, 출국전 마지막 코카 ,2597,2,0,0
2019-01-27 09:16:53.419634,13097436,13,1,2019-01-26 11:16:53, 출국전 마지막 코카 ,2598,1,0,0
2019-01-27 10:16:58.493726,13097436,13,1,2019-01-26 11:16:53, 출국전 마지막 코카 ,2601,3,0,0
2019-01-27 11:17:03.587541,13097436,13,1,2019-01-26 11:16:53, 출국전 마지막 코카 ,2603,2,0,0
