check_time,id,post_reply,post_symph,post_time,post_title,post_view,post_view_diff,post_reply_diff,post_symph_diff
2019-01-24 12:02:00.099395,13088622,4,0,2019-01-24 11:01:55, 부산 플스4 프로 정보요~ ,884,884,4,0
2019-01-24 13:02:05.137772,13088622,5,0,2019-01-24 11:01:55, 부산 플스4 프로 정보요~ ,928,44,1,0
2019-01-24 14:01:57.191274,13088622,5,0,2019-01-24 11:01:55, 부산 플스4 프로 정보요~ ,942,14,0,0
2019-01-24 15:02:02.247499,13088622,6,0,2019-01-24 11:01:55, 부산 플스4 프로 정보요~ ,954,12,1,0
2019-01-24 16:02:07.282980,13088622,6,0,2019-01-24 11:01:55, 부산 플스4 프로 정보요~ ,957,3,0,0
2019-01-24 17:01:59.270118,13088622,6,0,2019-01-24 11:01:55, 부산 플스4 프로 정보요~ ,962,5,0,0
2019-01-24 18:02:04.374093,13088622,6,0,2019-01-24 11:01:55, 부산 플스4 프로 정보요~ ,967,5,0,0
2019-01-24 19:01:56.347543,13088622,6,0,2019-01-24 11:01:55, 부산 플스4 프로 정보요~ ,969,2,0,0
2019-01-24 20:02:01.375336,13088622,6,0,2019-01-24 11:01:55, 부산 플스4 프로 정보요~ ,974,5,0,0
2019-01-24 21:02:06.613791,13088622,6,0,2019-01-24 11:01:55, 부산 플스4 프로 정보요~ ,983,9,0,0
2019-01-24 22:01:58.656948,13088622,6,0,2019-01-24 11:01:55, 부산 플스4 프로 정보요~ ,985,2,0,0
2019-01-24 23:02:07.247579,13088622,6,0,2019-01-24 11:01:55, 부산 플스4 프로 정보요~ ,990,5,0,0
2019-01-25 00:01:59.494803,13088622,6,0,2019-01-24 11:01:55, 부산 플스4 프로 정보요~ ,991,1,0,0
2019-01-25 01:02:04.573365,13088622,6,0,2019-01-24 11:01:55, 부산 플스4 프로 정보요~ ,995,4,0,0
2019-01-25 02:01:56.606175,13088622,6,0,2019-01-24 11:01:55, 부산 플스4 프로 정보요~ ,997,2,0,0
2019-01-25 03:02:01.710526,13088622,6,0,2019-01-24 11:01:55, 부산 플스4 프로 정보요~ ,999,2,0,0
2019-01-25 04:02:06.791167,13088622,6,0,2019-01-24 11:01:55, 부산 플스4 프로 정보요~ ,1000,1,0,0
2019-01-25 05:01:58.833198,13088622,6,0,2019-01-24 11:01:55, 부산 플스4 프로 정보요~ ,1001,1,0,0
2019-01-25 06:02:03.899679,13088622,6,0,2019-01-24 11:01:55, 부산 플스4 프로 정보요~ ,1003,2,0,0
2019-01-25 07:01:55.927439,13088622,6,0,2019-01-24 11:01:55, 부산 플스4 프로 정보요~ ,1005,2,0,0
2019-01-25 08:02:01.293402,13088622,6,0,2019-01-24 11:01:55, 부산 플스4 프로 정보요~ ,1006,1,0,0
2019-01-25 09:02:06.813649,13088622,6,0,2019-01-24 11:01:55, 부산 플스4 프로 정보요~ ,1007,1,0,0
2019-01-25 10:01:59.126803,13088622,6,0,2019-01-24 11:01:55, 부산 플스4 프로 정보요~ ,1008,1,0,0
2019-01-25 11:02:05.095662,13088622,6,0,2019-01-24 11:01:55, 부산 플스4 프로 정보요~ ,1010,2,0,0
