check_time,id,post_reply,post_symph,post_time,post_title,post_view,post_view_diff,post_reply_diff,post_symph_diff
2019-01-24 12:52:18.030868,13088886,6,0,2019-01-24 11:52:17, 낼 소개팅 조언을 받았습니다. ,753,753,6,0
2019-01-24 13:52:23.391969,13088886,6,0,2019-01-24 11:52:17, 낼 소개팅 조언을 받았습니다. ,822,69,0,0
2019-01-24 14:52:28.523511,13088886,6,0,2019-01-24 11:52:17, 낼 소개팅 조언을 받았습니다. ,846,24,0,0
2019-01-24 15:52:20.567610,13088886,6,0,2019-01-24 11:52:17, 낼 소개팅 조언을 받았습니다. ,858,12,0,0
2019-01-24 16:52:25.919235,13088886,6,0,2019-01-24 11:52:17, 낼 소개팅 조언을 받았습니다. ,875,17,0,0
2019-01-24 17:52:18.047471,13088886,6,0,2019-01-24 11:52:17, 낼 소개팅 조언을 받았습니다. ,880,5,0,0
2019-01-24 18:52:23.111607,13088886,6,0,2019-01-24 11:52:17, 낼 소개팅 조언을 받았습니다. ,886,6,0,0
2019-01-24 19:52:28.178431,13088886,6,0,2019-01-24 11:52:17, 낼 소개팅 조언을 받았습니다. ,889,3,0,0
2019-01-24 20:52:20.314408,13088886,6,0,2019-01-24 11:52:17, 낼 소개팅 조언을 받았습니다. ,895,6,0,0
2019-01-24 21:52:25.958162,13088886,6,0,2019-01-24 11:52:17, 낼 소개팅 조언을 받았습니다. ,899,4,0,0
2019-01-24 22:52:18.053777,13088886,6,0,2019-01-24 11:52:17, 낼 소개팅 조언을 받았습니다. ,902,3,0,0
2019-01-24 23:52:23.427170,13088886,6,0,2019-01-24 11:52:17, 낼 소개팅 조언을 받았습니다. ,904,2,0,0
2019-01-25 00:52:28.520854,13088886,6,0,2019-01-24 11:52:17, 낼 소개팅 조언을 받았습니다. ,906,2,0,0
2019-01-25 01:52:20.585531,13088886,6,0,2019-01-24 11:52:17, 낼 소개팅 조언을 받았습니다. ,909,3,0,0
2019-01-25 02:52:25.651853,13088886,6,0,2019-01-24 11:52:17, 낼 소개팅 조언을 받았습니다. ,910,1,0,0
2019-01-25 03:52:17.689633,13088886,6,0,2019-01-24 11:52:17, 낼 소개팅 조언을 받았습니다. ,911,1,0,0
2019-01-25 04:52:22.919311,13088886,6,0,2019-01-24 11:52:17, 낼 소개팅 조언을 받았습니다. ,913,2,0,0
2019-01-25 05:52:28.195125,13088886,6,0,2019-01-24 11:52:17, 낼 소개팅 조언을 받았습니다. ,914,1,0,0
2019-01-25 06:52:20.247864,13088886,6,0,2019-01-24 11:52:17, 낼 소개팅 조언을 받았습니다. ,917,3,0,0
2019-01-25 07:52:25.380631,13088886,6,0,2019-01-24 11:52:17, 낼 소개팅 조언을 받았습니다. ,919,2,0,0
2019-01-25 08:52:17.430736,13088886,6,0,2019-01-24 11:52:17, 낼 소개팅 조언을 받았습니다. ,920,1,0,0
2019-01-25 09:52:22.600373,13088886,6,0,2019-01-24 11:52:17, 낼 소개팅 조언을 받았습니다. ,925,5,0,0
2019-01-25 10:52:27.782939,13088886,6,0,2019-01-24 11:52:17, 낼 소개팅 조언을 받았습니다. ,928,3,0,0
2019-01-25 11:52:20.128300,13088886,6,0,2019-01-24 11:52:17, 낼 소개팅 조언을 받았습니다. ,928,0,0,0
