check_time,id,post_reply,post_symph,post_time,post_title,post_view,post_view_diff,post_reply_diff,post_symph_diff
2019-01-26 12:36:47.307654,13097511,6,0,2019-01-26 11:36:37, 바하2를 스팀으로 할까 플스로 할까 고민중... ,411,411,6,0
2019-01-26 13:36:39.360752,13097511,6,0,2019-01-26 11:36:37, 바하2를 스팀으로 할까 플스로 할까 고민중... ,477,66,0,0
2019-01-26 14:36:44.400167,13097511,6,0,2019-01-26 11:36:37, 바하2를 스팀으로 할까 플스로 할까 고민중... ,500,23,0,0
2019-01-26 15:36:49.466721,13097511,6,0,2019-01-26 11:36:37, 바하2를 스팀으로 할까 플스로 할까 고민중... ,514,14,0,0
2019-01-26 16:36:41.466910,13097511,6,0,2019-01-26 11:36:37, 바하2를 스팀으로 할까 플스로 할까 고민중... ,526,12,0,0
2019-01-26 17:36:46.570936,13097511,6,0,2019-01-26 11:36:37, 바하2를 스팀으로 할까 플스로 할까 고민중... ,534,8,0,0
2019-01-26 18:36:38.584206,13097511,6,0,2019-01-26 11:36:37, 바하2를 스팀으로 할까 플스로 할까 고민중... ,539,5,0,0
2019-01-26 19:36:43.624298,13097511,6,0,2019-01-26 11:36:37, 바하2를 스팀으로 할까 플스로 할까 고민중... ,544,5,0,0
2019-01-26 20:36:48.752261,13097511,6,0,2019-01-26 11:36:37, 바하2를 스팀으로 할까 플스로 할까 고민중... ,549,5,0,0
2019-01-26 21:36:40.838826,13097511,6,0,2019-01-26 11:36:37, 바하2를 스팀으로 할까 플스로 할까 고민중... ,551,2,0,0
2019-01-26 22:36:45.950948,13097511,6,0,2019-01-26 11:36:37, 바하2를 스팀으로 할까 플스로 할까 고민중... ,554,3,0,0
2019-01-26 23:36:38.051037,13097511,6,0,2019-01-26 11:36:37, 바하2를 스팀으로 할까 플스로 할까 고민중... ,557,3,0,0
2019-01-27 00:36:43.169505,13097511,6,0,2019-01-26 11:36:37, 바하2를 스팀으로 할까 플스로 할까 고민중... ,561,4,0,0
2019-01-27 01:36:48.292448,13097511,6,0,2019-01-26 11:36:37, 바하2를 스팀으로 할까 플스로 할까 고민중... ,565,4,0,0
2019-01-27 02:36:40.415219,13097511,6,0,2019-01-26 11:36:37, 바하2를 스팀으로 할까 플스로 할까 고민중... ,568,3,0,0
2019-01-27 03:36:45.530361,13097511,6,0,2019-01-26 11:36:37, 바하2를 스팀으로 할까 플스로 할까 고민중... ,570,2,0,0
2019-01-27 04:36:37.545116,13097511,6,0,2019-01-26 11:36:37, 바하2를 스팀으로 할까 플스로 할까 고민중... ,571,1,0,0
2019-01-27 05:36:42.567895,13097511,6,0,2019-01-26 11:36:37, 바하2를 스팀으로 할까 플스로 할까 고민중... ,572,1,0,0
2019-01-27 06:36:47.687221,13097511,6,0,2019-01-26 11:36:37, 바하2를 스팀으로 할까 플스로 할까 고민중... ,574,2,0,0
2019-01-27 07:36:39.726392,13097511,6,0,2019-01-26 11:36:37, 바하2를 스팀으로 할까 플스로 할까 고민중... ,575,1,0,0
2019-01-27 08:36:44.792851,13097511,6,0,2019-01-26 11:36:37, 바하2를 스팀으로 할까 플스로 할까 고민중... ,576,1,0,0
2019-01-27 09:36:49.879469,13097511,6,0,2019-01-26 11:36:37, 바하2를 스팀으로 할까 플스로 할까 고민중... ,577,1,0,0
2019-01-27 10:36:41.932043,13097511,6,0,2019-01-26 11:36:37, 바하2를 스팀으로 할까 플스로 할까 고민중... ,580,3,0,0
2019-01-27 11:36:47.294016,13097511,6,0,2019-01-26 11:36:37, 바하2를 스팀으로 할까 플스로 할까 고민중... ,585,5,0,0
