check_time,id,post_reply,post_symph,post_time,post_title,post_view,post_view_diff,post_reply_diff,post_symph_diff
2019-01-28 12:46:30.573144,13103961,20,6,2019-01-28 11:46:26, 페미니즘이 곧 성차별주의인데... ,1610,1610,20,6
2019-01-28 13:46:35.701383,13103961,20,6,2019-01-28 11:46:26, 페미니즘이 곧 성차별주의인데... ,1850,240,0,0
2019-01-28 14:46:27.790385,13103961,20,6,2019-01-28 11:46:26, 페미니즘이 곧 성차별주의인데... ,1960,110,0,0
2019-01-28 15:46:32.823856,13103961,20,6,2019-01-28 11:46:26, 페미니즘이 곧 성차별주의인데... ,2005,45,0,0
2019-01-28 16:46:37.857133,13103961,20,6,2019-01-28 11:46:26, 페미니즘이 곧 성차별주의인데... ,2047,42,0,0
2019-01-28 17:46:29.856243,13103961,20,6,2019-01-28 11:46:26, 페미니즘이 곧 성차별주의인데... ,2083,36,0,0
2019-01-28 18:46:34.996336,13103961,20,6,2019-01-28 11:46:26, 페미니즘이 곧 성차별주의인데... ,2117,34,0,0
2019-01-28 19:46:27.407581,13103961,20,6,2019-01-28 11:46:26, 페미니즘이 곧 성차별주의인데... ,2135,18,0,0
2019-01-28 20:46:32.463823,13103961,20,6,2019-01-28 11:46:26, 페미니즘이 곧 성차별주의인데... ,2156,21,0,0
2019-01-28 21:46:37.683266,13103961,20,6,2019-01-28 11:46:26, 페미니즘이 곧 성차별주의인데... ,2168,12,0,0
2019-01-28 22:46:29.676081,13103961,20,6,2019-01-28 11:46:26, 페미니즘이 곧 성차별주의인데... ,2180,12,0,0
2019-01-28 23:46:34.776061,13103961,20,6,2019-01-28 11:46:26, 페미니즘이 곧 성차별주의인데... ,2195,15,0,0
2019-01-29 00:46:26.759504,13103961,20,6,2019-01-28 11:46:26, 페미니즘이 곧 성차별주의인데... ,2205,10,0,0
2019-01-29 01:46:31.773997,13103961,20,6,2019-01-28 11:46:26, 페미니즘이 곧 성차별주의인데... ,2209,4,0,0
2019-01-29 02:46:36.807254,13103961,20,6,2019-01-28 11:46:26, 페미니즘이 곧 성차별주의인데... ,2216,7,0,0
2019-01-29 03:46:28.873586,13103961,20,6,2019-01-28 11:46:26, 페미니즘이 곧 성차별주의인데... ,2219,3,0,0
2019-01-29 04:46:33.900233,13103961,20,6,2019-01-28 11:46:26, 페미니즘이 곧 성차별주의인데... ,2224,5,0,0
2019-01-29 05:46:38.880825,13103961,20,6,2019-01-28 11:46:26, 페미니즘이 곧 성차별주의인데... ,2227,3,0,0
2019-01-29 06:46:31.247673,13103961,20,6,2019-01-28 11:46:26, 페미니즘이 곧 성차별주의인데... ,2230,3,0,0
2019-01-29 07:46:36.379123,13103961,20,6,2019-01-28 11:46:26, 페미니즘이 곧 성차별주의인데... ,2232,2,0,0
2019-01-29 08:46:28.407469,13103961,20,6,2019-01-28 11:46:26, 페미니즘이 곧 성차별주의인데... ,2235,3,0,0
2019-01-29 09:46:33.466305,13103961,20,6,2019-01-28 11:46:26, 페미니즘이 곧 성차별주의인데... ,2237,2,0,0
2019-01-29 10:46:38.532724,13103961,20,6,2019-01-28 11:46:26, 페미니즘이 곧 성차별주의인데... ,2241,4,0,0
2019-01-29 11:46:31.130441,13103961,20,6,2019-01-28 11:46:26, 페미니즘이 곧 성차별주의인데... ,2244,3,0,0
