check_time,id,post_reply,post_symph,post_time,post_title,post_view,post_view_diff,post_reply_diff,post_symph_diff
2019-01-25 12:32:09.251808,13093134,11,0,2019-01-25 11:32:04, 우리나라에 잠재된 플스4 구매력이 상상 초월인거 같아요. ,1198,1198,11,0
2019-01-25 13:32:14.306953,13093134,11,0,2019-01-25 11:32:04, 우리나라에 잠재된 플스4 구매력이 상상 초월인거 같아요. ,1332,134,0,0
2019-01-25 14:32:06.371443,13093134,11,0,2019-01-25 11:32:04, 우리나라에 잠재된 플스4 구매력이 상상 초월인거 같아요. ,1372,40,0,0
2019-01-25 15:32:11.500882,13093134,11,0,2019-01-25 11:32:04, 우리나라에 잠재된 플스4 구매력이 상상 초월인거 같아요. ,1392,20,0,0
2019-01-25 16:32:16.569909,13093134,11,0,2019-01-25 11:32:04, 우리나라에 잠재된 플스4 구매력이 상상 초월인거 같아요. ,1407,15,0,0
2019-01-25 17:32:08.812287,13093134,11,0,2019-01-25 11:32:04, 우리나라에 잠재된 플스4 구매력이 상상 초월인거 같아요. ,1420,13,0,0
2019-01-25 18:32:14.168753,13093134,11,0,2019-01-25 11:32:04, 우리나라에 잠재된 플스4 구매력이 상상 초월인거 같아요. ,1424,4,0,0
2019-01-25 19:32:06.501954,13093134,11,0,2019-01-25 11:32:04, 우리나라에 잠재된 플스4 구매력이 상상 초월인거 같아요. ,1431,7,0,0
2019-01-25 20:32:11.552139,13093134,11,0,2019-01-25 11:32:04, 우리나라에 잠재된 플스4 구매력이 상상 초월인거 같아요. ,1434,3,0,0
2019-01-25 21:32:16.855686,13093134,11,0,2019-01-25 11:32:04, 우리나라에 잠재된 플스4 구매력이 상상 초월인거 같아요. ,1437,3,0,0
2019-01-25 22:32:08.876091,13093134,11,0,2019-01-25 11:32:04, 우리나라에 잠재된 플스4 구매력이 상상 초월인거 같아요. ,1443,6,0,0
2019-01-25 23:32:14.217251,13093134,11,0,2019-01-25 11:32:04, 우리나라에 잠재된 플스4 구매력이 상상 초월인거 같아요. ,1444,1,0,0
2019-01-26 00:32:06.237254,13093134,11,0,2019-01-25 11:32:04, 우리나라에 잠재된 플스4 구매력이 상상 초월인거 같아요. ,1446,2,0,0
2019-01-26 01:32:11.342139,13093134,11,0,2019-01-25 11:32:04, 우리나라에 잠재된 플스4 구매력이 상상 초월인거 같아요. ,1450,4,0,0
2019-01-26 02:32:16.410594,13093134,11,0,2019-01-25 11:32:04, 우리나라에 잠재된 플스4 구매력이 상상 초월인거 같아요. ,1452,2,0,0
2019-01-26 03:32:08.569344,13093134,11,0,2019-01-25 11:32:04, 우리나라에 잠재된 플스4 구매력이 상상 초월인거 같아요. ,1454,2,0,0
2019-01-26 04:32:13.762261,13093134,11,0,2019-01-25 11:32:04, 우리나라에 잠재된 플스4 구매력이 상상 초월인거 같아요. ,1455,1,0,0
2019-01-26 05:32:06.024501,13093134,11,0,2019-01-25 11:32:04, 우리나라에 잠재된 플스4 구매력이 상상 초월인거 같아요. ,1457,2,0,0
2019-01-26 06:32:11.030624,13093134,11,0,2019-01-25 11:32:04, 우리나라에 잠재된 플스4 구매력이 상상 초월인거 같아요. ,1457,0,0,0
2019-01-26 07:32:16.382160,13093134,11,0,2019-01-25 11:32:04, 우리나라에 잠재된 플스4 구매력이 상상 초월인거 같아요. ,1459,2,0,0
2019-01-26 08:32:08.700132,13093134,11,0,2019-01-25 11:32:04, 우리나라에 잠재된 플스4 구매력이 상상 초월인거 같아요. ,1460,1,0,0
2019-01-26 09:32:13.760608,13093134,11,0,2019-01-25 11:32:04, 우리나라에 잠재된 플스4 구매력이 상상 초월인거 같아요. ,1462,2,0,0
2019-01-26 10:32:06.665372,13093134,11,0,2019-01-25 11:32:04, 우리나라에 잠재된 플스4 구매력이 상상 초월인거 같아요. ,1463,1,0,0
2019-01-26 11:32:11.884325,13093134,11,0,2019-01-25 11:32:04, 우리나라에 잠재된 플스4 구매력이 상상 초월인거 같아요. ,1465,2,0,0
