check_time,id,post_reply,post_symph,post_time,post_title,post_view,post_view_diff,post_reply_diff,post_symph_diff
2019-01-26 12:26:16.834870,13097468,0,0,2019-01-26 11:26:16, 문득 누워서 천장을 보니 참 지저분 하네요... ,307,307,0,0
2019-01-26 13:26:21.931225,13097468,0,0,2019-01-26 11:26:16, 문득 누워서 천장을 보니 참 지저분 하네요... ,342,35,0,0
2019-01-26 14:26:27.063885,13097468,0,0,2019-01-26 11:26:16, 문득 누워서 천장을 보니 참 지저분 하네요... ,356,14,0,0
2019-01-26 15:26:19.156649,13097468,0,0,2019-01-26 11:26:16, 문득 누워서 천장을 보니 참 지저분 하네요... ,368,12,0,0
2019-01-26 16:26:24.317513,13097468,0,0,2019-01-26 11:26:16, 문득 누워서 천장을 보니 참 지저분 하네요... ,371,3,0,0
2019-01-26 17:26:16.447763,13097468,0,0,2019-01-26 11:26:16, 문득 누워서 천장을 보니 참 지저분 하네요... ,374,3,0,0
2019-01-26 18:26:21.583048,13097468,0,0,2019-01-26 11:26:16, 문득 누워서 천장을 보니 참 지저분 하네요... ,378,4,0,0
2019-01-26 19:26:26.717267,13097468,0,0,2019-01-26 11:26:16, 문득 누워서 천장을 보니 참 지저분 하네요... ,383,5,0,0
2019-01-26 20:26:18.777451,13097468,0,0,2019-01-26 11:26:16, 문득 누워서 천장을 보니 참 지저분 하네요... ,385,2,0,0
2019-01-26 21:26:23.853676,13097468,0,0,2019-01-26 11:26:16, 문득 누워서 천장을 보니 참 지저분 하네요... ,387,2,0,0
2019-01-26 22:26:28.888893,13097468,0,0,2019-01-26 11:26:16, 문득 누워서 천장을 보니 참 지저분 하네요... ,389,2,0,0
2019-01-26 23:26:20.966059,13097468,0,0,2019-01-26 11:26:16, 문득 누워서 천장을 보니 참 지저분 하네요... ,394,5,0,0
2019-01-27 00:26:26.093425,13097468,0,0,2019-01-26 11:26:16, 문득 누워서 천장을 보니 참 지저분 하네요... ,395,1,0,0
2019-01-27 01:26:18.170169,13097468,0,0,2019-01-26 11:26:16, 문득 누워서 천장을 보니 참 지저분 하네요... ,398,3,0,0
2019-01-27 02:26:23.252876,13097468,0,0,2019-01-26 11:26:16, 문득 누워서 천장을 보니 참 지저분 하네요... ,399,1,0,0
2019-01-27 03:26:28.365027,13097468,0,0,2019-01-26 11:26:16, 문득 누워서 천장을 보니 참 지저분 하네요... ,401,2,0,0
2019-01-27 04:26:20.408853,13097468,0,0,2019-01-26 11:26:16, 문득 누워서 천장을 보니 참 지저분 하네요... ,402,1,0,0
2019-01-27 05:26:25.523042,13097468,0,0,2019-01-26 11:26:16, 문득 누워서 천장을 보니 참 지저분 하네요... ,403,1,0,0
2019-01-27 06:26:17.748310,13097468,0,0,2019-01-26 11:26:16, 문득 누워서 천장을 보니 참 지저분 하네요... ,406,3,0,0
2019-01-27 07:26:22.945028,13097468,0,0,2019-01-26 11:26:16, 문득 누워서 천장을 보니 참 지저분 하네요... ,407,1,0,0
2019-01-27 08:26:28.347559,13097468,0,0,2019-01-26 11:26:16, 문득 누워서 천장을 보니 참 지저분 하네요... ,408,1,0,0
2019-01-27 09:26:20.607376,13097468,0,0,2019-01-26 11:26:16, 문득 누워서 천장을 보니 참 지저분 하네요... ,410,2,0,0
2019-01-27 10:26:25.873607,13097468,0,0,2019-01-26 11:26:16, 문득 누워서 천장을 보니 참 지저분 하네요... ,412,2,0,0
2019-01-27 11:26:18.242596,13097468,0,0,2019-01-26 11:26:16, 문득 누워서 천장을 보니 참 지저분 하네요... ,413,1,0,0
