check_time,id,post_reply,post_symph,post_time,post_title,post_view,post_view_diff,post_reply_diff,post_symph_diff
2019-01-27 12:37:15.463417,13100644,0,0,2019-01-27 11:37:15, 어제 피자를 시켰는데... ,448,448,0,0
2019-01-27 13:37:20.639067,13100644,0,0,2019-01-27 11:37:15, 어제 피자를 시켰는데... ,530,82,0,0
2019-01-27 14:37:25.992093,13100644,0,0,2019-01-27 11:37:15, 어제 피자를 시켰는데... ,563,33,0,0
2019-01-27 15:37:18.110561,13100644,0,0,2019-01-27 11:37:15, 어제 피자를 시켰는데... ,586,23,0,0
2019-01-27 16:37:23.239515,13100644,0,0,2019-01-27 11:37:15, 어제 피자를 시켰는데... ,604,18,0,0
2019-01-27 17:37:15.394638,13100644,0,0,2019-01-27 11:37:15, 어제 피자를 시켰는데... ,612,8,0,0
2019-01-27 18:37:20.772575,13100644,0,0,2019-01-27 11:37:15, 어제 피자를 시켰는데... ,614,2,0,0
2019-01-27 19:37:25.921800,13100644,0,0,2019-01-27 11:37:15, 어제 피자를 시켰는데... ,618,4,0,0
2019-01-27 20:37:18.160140,13100644,0,0,2019-01-27 11:37:15, 어제 피자를 시켰는데... ,622,4,0,0
2019-01-27 21:37:23.322307,13100644,0,0,2019-01-27 11:37:15, 어제 피자를 시켰는데... ,623,1,0,0
2019-01-27 22:37:15.542940,13100644,0,0,2019-01-27 11:37:15, 어제 피자를 시켰는데... ,625,2,0,0
2019-01-27 23:37:20.600334,13100644,0,0,2019-01-27 11:37:15, 어제 피자를 시켰는데... ,627,2,0,0
2019-01-28 00:37:25.649765,13100644,0,0,2019-01-27 11:37:15, 어제 피자를 시켰는데... ,628,1,0,0
2019-01-28 01:37:17.707988,13100644,0,0,2019-01-27 11:37:15, 어제 피자를 시켰는데... ,632,4,0,0
2019-01-28 02:37:22.786112,13100644,0,0,2019-01-27 11:37:15, 어제 피자를 시켰는데... ,633,1,0,0
2019-01-28 03:37:27.873356,13100644,0,0,2019-01-27 11:37:15, 어제 피자를 시켰는데... ,634,1,0,0
2019-01-28 04:37:19.905437,13100644,0,0,2019-01-27 11:37:15, 어제 피자를 시켰는데... ,635,1,0,0
2019-01-28 05:37:24.927933,13100644,0,0,2019-01-27 11:37:15, 어제 피자를 시켰는데... ,636,1,0,0
2019-01-28 06:37:16.870860,13100644,0,0,2019-01-27 11:37:15, 어제 피자를 시켰는데... ,637,1,0,0
2019-01-28 07:37:22.195307,13100644,0,0,2019-01-27 11:37:15, 어제 피자를 시켰는데... ,638,1,0,0
2019-01-28 08:37:27.302508,13100644,0,0,2019-01-27 11:37:15, 어제 피자를 시켰는데... ,640,2,0,0
2019-01-28 09:37:19.433732,13100644,0,0,2019-01-27 11:37:15, 어제 피자를 시켰는데... ,641,1,0,0
2019-01-28 10:37:24.603831,13100644,0,0,2019-01-27 11:37:15, 어제 피자를 시켰는데... ,643,2,0,0
2019-01-28 11:37:17.242984,13100644,0,0,2019-01-27 11:37:15, 어제 피자를 시켰는데... ,644,1,0,0
