check_time,id,post_reply,post_symph,post_time,post_title,post_view,post_view_diff,post_reply_diff,post_symph_diff
2019-01-29 12:57:18.614441,13107796,2,0,2019-01-29 11:57:18, 레이져폰 2 부드러움 수준이 다르네요~ ,689,689,2,0
2019-01-29 13:57:23.757902,13107796,2,0,2019-01-29 11:57:18, 레이져폰 2 부드러움 수준이 다르네요~ ,743,54,0,0
2019-01-29 14:57:28.905678,13107796,2,0,2019-01-29 11:57:18, 레이져폰 2 부드러움 수준이 다르네요~ ,772,29,0,0
2019-01-29 15:57:21.032882,13107796,2,0,2019-01-29 11:57:18, 레이져폰 2 부드러움 수준이 다르네요~ ,782,10,0,0
2019-01-29 16:57:26.188843,13107796,2,0,2019-01-29 11:57:18, 레이져폰 2 부드러움 수준이 다르네요~ ,792,10,0,0
2019-01-29 17:57:18.319347,13107796,2,0,2019-01-29 11:57:18, 레이져폰 2 부드러움 수준이 다르네요~ ,796,4,0,0
2019-01-29 18:57:23.593167,13107796,2,0,2019-01-29 11:57:18, 레이져폰 2 부드러움 수준이 다르네요~ ,799,3,0,0
2019-01-29 19:57:29.123831,13107796,2,0,2019-01-29 11:57:18, 레이져폰 2 부드러움 수준이 다르네요~ ,801,2,0,0
2019-01-29 20:57:21.110411,13107796,2,0,2019-01-29 11:57:18, 레이져폰 2 부드러움 수준이 다르네요~ ,805,4,0,0
2019-01-29 21:57:26.110774,13107796,2,0,2019-01-29 11:57:18, 레이져폰 2 부드러움 수준이 다르네요~ ,809,4,0,0
2019-01-29 22:57:18.155123,13107796,2,0,2019-01-29 11:57:18, 레이져폰 2 부드러움 수준이 다르네요~ ,816,7,0,0
2019-01-29 23:57:23.285206,13107796,2,0,2019-01-29 11:57:18, 레이져폰 2 부드러움 수준이 다르네요~ ,816,0,0,0
2019-01-30 00:57:28.456390,13107796,2,0,2019-01-29 11:57:18, 레이져폰 2 부드러움 수준이 다르네요~ ,820,4,0,0
2019-01-30 01:57:20.610646,13107796,2,0,2019-01-29 11:57:18, 레이져폰 2 부드러움 수준이 다르네요~ ,820,0,0,0
2019-01-30 02:57:25.746281,13107796,2,0,2019-01-29 11:57:18, 레이져폰 2 부드러움 수준이 다르네요~ ,822,2,0,0
2019-01-30 03:57:30.904026,13107796,2,0,2019-01-29 11:57:18, 레이져폰 2 부드러움 수준이 다르네요~ ,823,1,0,0
2019-01-30 04:57:23.138328,13107796,2,0,2019-01-29 11:57:18, 레이져폰 2 부드러움 수준이 다르네요~ ,826,3,0,0
2019-01-30 05:57:28.350988,13107796,2,0,2019-01-29 11:57:18, 레이져폰 2 부드러움 수준이 다르네요~ ,826,0,0,0
2019-01-30 06:57:20.407306,13107796,2,0,2019-01-29 11:57:18, 레이져폰 2 부드러움 수준이 다르네요~ ,829,3,0,0
2019-01-30 07:57:26.610551,13107796,2,0,2019-01-29 11:57:18, 레이져폰 2 부드러움 수준이 다르네요~ ,830,1,0,0
2019-01-30 08:57:18.891924,13107796,2,0,2019-01-29 11:57:18, 레이져폰 2 부드러움 수준이 다르네요~ ,833,3,0,0
2019-01-30 09:57:24.192149,13107796,2,0,2019-01-29 11:57:18, 레이져폰 2 부드러움 수준이 다르네요~ ,833,0,0,0
2019-01-30 10:57:29.454198,13107796,2,0,2019-01-29 11:57:18, 레이져폰 2 부드러움 수준이 다르네요~ ,835,2,0,0
2019-01-30 11:57:21.716319,13107796,2,0,2019-01-29 11:57:18, 레이져폰 2 부드러움 수준이 다르네요~ ,837,2,0,0
