check_time,id,post_reply,post_symph,post_time,post_title,post_view,post_view_diff,post_reply_diff,post_symph_diff
2019-01-24 12:27:29.606316,13088752,9,0,2019-01-24 11:27:27, '공항세' 넘어 '관광세' 부과하는 나라 늘어 ,1239,1239,9,0
2019-01-24 13:27:34.834216,13088752,9,0,2019-01-24 11:27:27, '공항세' 넘어 '관광세' 부과하는 나라 늘어 ,1377,138,0,0
2019-01-24 14:27:27.102192,13088752,9,0,2019-01-24 11:27:27, '공항세' 넘어 '관광세' 부과하는 나라 늘어 ,1421,44,0,0
2019-01-24 15:27:32.552121,13088752,9,0,2019-01-24 11:27:27, '공항세' 넘어 '관광세' 부과하는 나라 늘어 ,1442,21,0,0
2019-01-24 16:27:37.934225,13088752,9,0,2019-01-24 11:27:27, '공항세' 넘어 '관광세' 부과하는 나라 늘어 ,1460,18,0,0
2019-01-24 17:27:30.471370,13088752,9,0,2019-01-24 11:27:27, '공항세' 넘어 '관광세' 부과하는 나라 늘어 ,1466,6,0,0
2019-01-24 18:27:35.851105,13088752,9,0,2019-01-24 11:27:27, '공항세' 넘어 '관광세' 부과하는 나라 늘어 ,1471,5,0,0
2019-01-24 19:27:28.614452,13088752,9,0,2019-01-24 11:27:27, '공항세' 넘어 '관광세' 부과하는 나라 늘어 ,1475,4,0,0
2019-01-24 20:27:34.007228,13088752,9,0,2019-01-24 11:27:27, '공항세' 넘어 '관광세' 부과하는 나라 늘어 ,1477,2,0,0
2019-01-24 21:27:39.587120,13088752,9,0,2019-01-24 11:27:27, '공항세' 넘어 '관광세' 부과하는 나라 늘어 ,1480,3,0,0
2019-01-24 22:27:32.077640,13088752,9,0,2019-01-24 11:27:27, '공항세' 넘어 '관광세' 부과하는 나라 늘어 ,1484,4,0,0
2019-01-24 23:27:37.545810,13088752,9,0,2019-01-24 11:27:27, '공항세' 넘어 '관광세' 부과하는 나라 늘어 ,1485,1,0,0
2019-01-25 00:27:29.948647,13088752,9,0,2019-01-24 11:27:27, '공항세' 넘어 '관광세' 부과하는 나라 늘어 ,1486,1,0,0
2019-01-25 01:27:35.162519,13088752,9,0,2019-01-24 11:27:27, '공항세' 넘어 '관광세' 부과하는 나라 늘어 ,1490,4,0,0
2019-01-25 02:27:27.358053,13088752,9,0,2019-01-24 11:27:27, '공항세' 넘어 '관광세' 부과하는 나라 늘어 ,1491,1,0,0
2019-01-25 03:27:32.586600,13088752,9,0,2019-01-24 11:27:27, '공항세' 넘어 '관광세' 부과하는 나라 늘어 ,1493,2,0,0
2019-01-25 04:27:37.916377,13088752,9,0,2019-01-24 11:27:27, '공항세' 넘어 '관광세' 부과하는 나라 늘어 ,1495,2,0,0
2019-01-25 05:27:30.167270,13088752,9,0,2019-01-24 11:27:27, '공항세' 넘어 '관광세' 부과하는 나라 늘어 ,1496,1,0,0
2019-01-25 06:27:35.353357,13088752,9,0,2019-01-24 11:27:27, '공항세' 넘어 '관광세' 부과하는 나라 늘어 ,1497,1,0,0
2019-01-25 07:27:27.472363,13088752,9,0,2019-01-24 11:27:27, '공항세' 넘어 '관광세' 부과하는 나라 늘어 ,1498,1,0,0
2019-01-25 08:27:32.541114,13088752,9,0,2019-01-24 11:27:27, '공항세' 넘어 '관광세' 부과하는 나라 늘어 ,1499,1,0,0
2019-01-25 09:27:37.639907,13088752,9,0,2019-01-24 11:27:27, '공항세' 넘어 '관광세' 부과하는 나라 늘어 ,1500,1,0,0
2019-01-25 10:27:29.659522,13088752,9,0,2019-01-24 11:27:27, '공항세' 넘어 '관광세' 부과하는 나라 늘어 ,1501,1,0,0
2019-01-25 11:27:35.013500,13088752,9,0,2019-01-24 11:27:27, '공항세' 넘어 '관광세' 부과하는 나라 늘어 ,1503,2,0,0
