check_time,id,post_reply,post_symph,post_time,post_title,post_view,post_view_diff,post_reply_diff,post_symph_diff
2019-01-30 12:17:02.038928,13111286,9,0,2019-01-30 11:16:57, LG에서 SK로 넘어간 회사 보너스 대박 소식... ,2659,2659,9,0
2019-01-30 13:17:07.316625,13111286,9,0,2019-01-30 11:16:57, LG에서 SK로 넘어간 회사 보너스 대박 소식... ,3148,489,0,0
2019-01-30 14:16:59.603158,13111286,9,0,2019-01-30 11:16:57, LG에서 SK로 넘어간 회사 보너스 대박 소식... ,3271,123,0,0
2019-01-30 15:17:04.713121,13111286,9,0,2019-01-30 11:16:57, LG에서 SK로 넘어간 회사 보너스 대박 소식... ,3329,58,0,0
2019-01-30 16:16:57.275073,13111286,9,0,2019-01-30 11:16:57, LG에서 SK로 넘어간 회사 보너스 대박 소식... ,3369,40,0,0
2019-01-30 17:17:02.514094,13111286,9,0,2019-01-30 11:16:57, LG에서 SK로 넘어간 회사 보너스 대박 소식... ,3392,23,0,0
2019-01-30 18:17:07.619112,13111286,9,0,2019-01-30 11:16:57, LG에서 SK로 넘어간 회사 보너스 대박 소식... ,3415,23,0,0
2019-01-30 19:16:59.904073,13111286,9,0,2019-01-30 11:16:57, LG에서 SK로 넘어간 회사 보너스 대박 소식... ,3435,20,0,0
2019-01-30 20:17:05.036421,13111286,9,0,2019-01-30 11:16:57, LG에서 SK로 넘어간 회사 보너스 대박 소식... ,3439,4,0,0
2019-01-30 21:16:57.097303,13111286,9,0,2019-01-30 11:16:57, LG에서 SK로 넘어간 회사 보너스 대박 소식... ,3447,8,0,0
2019-01-30 22:17:02.189358,13111286,9,0,2019-01-30 11:16:57, LG에서 SK로 넘어간 회사 보너스 대박 소식... ,3452,5,0,0
2019-01-30 23:17:07.534052,13111286,9,0,2019-01-30 11:16:57, LG에서 SK로 넘어간 회사 보너스 대박 소식... ,3455,3,0,0
2019-01-31 00:17:00.306770,13111286,9,0,2019-01-30 11:16:57, LG에서 SK로 넘어간 회사 보너스 대박 소식... ,3457,2,0,0
2019-01-31 01:17:05.380535,13111286,9,0,2019-01-30 11:16:57, LG에서 SK로 넘어간 회사 보너스 대박 소식... ,3461,4,0,0
2019-01-31 02:16:57.409414,13111286,9,0,2019-01-30 11:16:57, LG에서 SK로 넘어간 회사 보너스 대박 소식... ,3463,2,0,0
2019-01-31 03:17:02.473446,13111286,9,0,2019-01-30 11:16:57, LG에서 SK로 넘어간 회사 보너스 대박 소식... ,3466,3,0,0
2019-01-31 04:17:07.473925,13111286,9,0,2019-01-30 11:16:57, LG에서 SK로 넘어간 회사 보너스 대박 소식... ,3469,3,0,0
2019-01-31 05:16:59.472968,13111286,9,0,2019-01-30 11:16:57, LG에서 SK로 넘어간 회사 보너스 대박 소식... ,3472,3,0,0
2019-01-31 06:17:04.665132,13111286,9,0,2019-01-30 11:16:57, LG에서 SK로 넘어간 회사 보너스 대박 소식... ,3474,2,0,0
2019-01-31 07:17:09.632860,13111286,9,0,2019-01-30 11:16:57, LG에서 SK로 넘어간 회사 보너스 대박 소식... ,3476,2,0,0
2019-01-31 08:17:01.650179,13111286,9,0,2019-01-30 11:16:57, LG에서 SK로 넘어간 회사 보너스 대박 소식... ,3479,3,0,0
2019-01-31 09:17:06.674363,13111286,9,0,2019-01-30 11:16:57, LG에서 SK로 넘어간 회사 보너스 대박 소식... ,3481,2,0,0
2019-01-31 10:16:58.673626,13111286,9,0,2019-01-30 11:16:57, LG에서 SK로 넘어간 회사 보너스 대박 소식... ,3485,4,0,0
2019-01-31 11:17:03.745897,13111286,9,0,2019-01-30 11:16:57, LG에서 SK로 넘어간 회사 보너스 대박 소식... ,3488,3,0,0
