check_time,id,post_reply,post_symph,post_time,post_title,post_view,post_view_diff,post_reply_diff,post_symph_diff
2019-01-24 12:47:17.097961,13088858,10,0,2019-01-24 11:47:09, 플스 구매자분들 오늘 저녁 욕조 조심하세요!! ,1283,1283,10,0
2019-01-24 13:47:09.194748,13088858,10,0,2019-01-24 11:47:09, 플스 구매자분들 오늘 저녁 욕조 조심하세요!! ,1403,120,0,0
2019-01-24 14:47:14.438655,13088858,10,0,2019-01-24 11:47:09, 플스 구매자분들 오늘 저녁 욕조 조심하세요!! ,1434,31,0,0
2019-01-24 15:47:19.554971,13088858,10,0,2019-01-24 11:47:09, 플스 구매자분들 오늘 저녁 욕조 조심하세요!! ,1449,15,0,0
2019-01-24 16:47:11.630671,13088858,10,0,2019-01-24 11:47:09, 플스 구매자분들 오늘 저녁 욕조 조심하세요!! ,1462,13,0,0
2019-01-24 17:47:16.769958,13088858,10,0,2019-01-24 11:47:09, 플스 구매자분들 오늘 저녁 욕조 조심하세요!! ,1467,5,0,0
2019-01-24 18:47:21.924289,13088858,10,0,2019-01-24 11:47:09, 플스 구매자분들 오늘 저녁 욕조 조심하세요!! ,1470,3,0,0
2019-01-24 19:47:14.217460,13088858,10,0,2019-01-24 11:47:09, 플스 구매자분들 오늘 저녁 욕조 조심하세요!! ,1476,6,0,0
2019-01-24 20:47:19.269753,13088858,10,0,2019-01-24 11:47:09, 플스 구매자분들 오늘 저녁 욕조 조심하세요!! ,1478,2,0,0
2019-01-24 21:47:11.290641,13088858,10,0,2019-01-24 11:47:09, 플스 구매자분들 오늘 저녁 욕조 조심하세요!! ,1480,2,0,0
2019-01-24 22:47:16.870436,13088858,10,0,2019-01-24 11:47:09, 플스 구매자분들 오늘 저녁 욕조 조심하세요!! ,1483,3,0,0
2019-01-24 23:47:10.930427,13088858,10,0,2019-01-24 11:47:09, 플스 구매자분들 오늘 저녁 욕조 조심하세요!! ,1486,3,0,0
2019-01-25 00:47:15.984554,13088858,10,0,2019-01-24 11:47:09, 플스 구매자분들 오늘 저녁 욕조 조심하세요!! ,1487,1,0,0
2019-01-25 01:47:20.948964,13088858,10,0,2019-01-24 11:47:09, 플스 구매자분들 오늘 저녁 욕조 조심하세요!! ,1490,3,0,0
2019-01-25 02:47:12.966375,13088858,10,0,2019-01-24 11:47:09, 플스 구매자분들 오늘 저녁 욕조 조심하세요!! ,1492,2,0,0
2019-01-25 03:47:18.014714,13088858,10,0,2019-01-24 11:47:09, 플스 구매자분들 오늘 저녁 욕조 조심하세요!! ,1493,1,0,0
2019-01-25 04:47:10.065662,13088858,10,0,2019-01-24 11:47:09, 플스 구매자분들 오늘 저녁 욕조 조심하세요!! ,1494,1,0,0
2019-01-25 05:47:15.224959,13088858,10,0,2019-01-24 11:47:09, 플스 구매자분들 오늘 저녁 욕조 조심하세요!! ,1496,2,0,0
2019-01-25 06:47:20.208710,13088858,10,0,2019-01-24 11:47:09, 플스 구매자분들 오늘 저녁 욕조 조심하세요!! ,1497,1,0,0
2019-01-25 07:47:12.180685,13088858,10,0,2019-01-24 11:47:09, 플스 구매자분들 오늘 저녁 욕조 조심하세요!! ,1499,2,0,0
2019-01-25 08:47:17.282506,13088858,10,0,2019-01-24 11:47:09, 플스 구매자분들 오늘 저녁 욕조 조심하세요!! ,1500,1,0,0
2019-01-25 09:47:09.317295,13088858,10,0,2019-01-24 11:47:09, 플스 구매자분들 오늘 저녁 욕조 조심하세요!! ,1502,2,0,0
2019-01-25 10:47:14.364201,13088858,10,0,2019-01-24 11:47:09, 플스 구매자분들 오늘 저녁 욕조 조심하세요!! ,1504,2,0,0
2019-01-25 11:47:19.411839,13088858,10,0,2019-01-24 11:47:09, 플스 구매자분들 오늘 저녁 욕조 조심하세요!! ,1506,2,0,0
