check_time,id,post_reply,post_symph,post_time,post_title,post_view,post_view_diff,post_reply_diff,post_symph_diff
2019-01-30 12:21:25.050605,13111307,1,1,2019-01-30 11:21:22, 요즘 스카이캐슬 정주행하고 있습니다. ,405,405,1,1
2019-01-30 13:21:30.077672,13111307,1,1,2019-01-30 11:21:22, 요즘 스카이캐슬 정주행하고 있습니다. ,474,69,0,0
2019-01-30 14:21:22.093105,13111307,1,1,2019-01-30 11:21:22, 요즘 스카이캐슬 정주행하고 있습니다. ,498,24,0,0
2019-01-30 15:21:27.323051,13111307,1,1,2019-01-30 11:21:22, 요즘 스카이캐슬 정주행하고 있습니다. ,503,5,0,0
2019-01-30 16:21:32.385212,13111307,1,1,2019-01-30 11:21:22, 요즘 스카이캐슬 정주행하고 있습니다. ,507,4,0,0
2019-01-30 17:21:24.370219,13111307,1,1,2019-01-30 11:21:22, 요즘 스카이캐슬 정주행하고 있습니다. ,512,5,0,0
2019-01-30 18:21:29.348766,13111307,1,1,2019-01-30 11:21:22, 요즘 스카이캐슬 정주행하고 있습니다. ,515,3,0,0
2019-01-30 19:21:34.387399,13111307,1,1,2019-01-30 11:21:22, 요즘 스카이캐슬 정주행하고 있습니다. ,517,2,0,0
2019-01-30 20:21:26.439701,13111307,1,1,2019-01-30 11:21:22, 요즘 스카이캐슬 정주행하고 있습니다. ,519,2,0,0
2019-01-30 21:21:31.728477,13111307,1,1,2019-01-30 11:21:22, 요즘 스카이캐슬 정주행하고 있습니다. ,523,4,0,0
2019-01-30 22:21:23.723824,13111307,1,1,2019-01-30 11:21:22, 요즘 스카이캐슬 정주행하고 있습니다. ,524,1,0,0
2019-01-30 23:21:28.765874,13111307,1,1,2019-01-30 11:21:22, 요즘 스카이캐슬 정주행하고 있습니다. ,525,1,0,0
2019-01-31 00:21:34.072533,13111307,1,1,2019-01-30 11:21:22, 요즘 스카이캐슬 정주행하고 있습니다. ,528,3,0,0
2019-01-31 01:21:26.162955,13111307,1,1,2019-01-30 11:21:22, 요즘 스카이캐슬 정주행하고 있습니다. ,531,3,0,0
2019-01-31 02:21:31.215956,13111307,1,1,2019-01-30 11:21:22, 요즘 스카이캐슬 정주행하고 있습니다. ,534,3,0,0
2019-01-31 03:21:23.203321,13111307,1,1,2019-01-30 11:21:22, 요즘 스카이캐슬 정주행하고 있습니다. ,537,3,0,0
2019-01-31 04:21:28.177096,13111307,1,1,2019-01-30 11:21:22, 요즘 스카이캐슬 정주행하고 있습니다. ,539,2,0,0
2019-01-31 05:21:33.189592,13111307,1,1,2019-01-30 11:21:22, 요즘 스카이캐슬 정주행하고 있습니다. ,541,2,0,0
2019-01-31 06:21:25.459891,13111307,1,1,2019-01-30 11:21:22, 요즘 스카이캐슬 정주행하고 있습니다. ,542,1,0,0
2019-01-31 07:21:30.649433,13111307,1,1,2019-01-30 11:21:22, 요즘 스카이캐슬 정주행하고 있습니다. ,543,1,0,0
2019-01-31 08:21:22.623370,13111307,1,1,2019-01-30 11:21:22, 요즘 스카이캐슬 정주행하고 있습니다. ,547,4,0,0
2019-01-31 09:21:27.613750,13111307,1,1,2019-01-30 11:21:22, 요즘 스카이캐슬 정주행하고 있습니다. ,549,2,0,0
2019-01-31 10:21:32.610304,13111307,1,1,2019-01-30 11:21:22, 요즘 스카이캐슬 정주행하고 있습니다. ,549,0,0,0
2019-01-31 11:21:24.673362,13111307,1,1,2019-01-30 11:21:22, 요즘 스카이캐슬 정주행하고 있습니다. ,552,3,0,0
