check_time,id,post_reply,post_symph,post_time,post_title,post_view,post_view_diff,post_reply_diff,post_symph_diff
2019-01-28 12:06:18.438336,13103791,7,0,2019-01-28 11:06:13, 요즘은 보험금 지급이 진짜 빠르네요 ,1007,1007,7,0
2019-01-28 13:06:23.479972,13103791,7,0,2019-01-28 11:06:13, 요즘은 보험금 지급이 진짜 빠르네요 ,1119,112,0,0
2019-01-28 14:06:15.480628,13103791,7,0,2019-01-28 11:06:13, 요즘은 보험금 지급이 진짜 빠르네요 ,1150,31,0,0
2019-01-28 15:06:20.558388,13103791,7,0,2019-01-28 11:06:13, 요즘은 보험금 지급이 진짜 빠르네요 ,1163,13,0,0
2019-01-28 16:06:25.620359,13103791,7,0,2019-01-28 11:06:13, 요즘은 보험금 지급이 진짜 빠르네요 ,1169,6,0,0
2019-01-28 17:06:17.859650,13103791,7,0,2019-01-28 11:06:13, 요즘은 보험금 지급이 진짜 빠르네요 ,1178,9,0,0
2019-01-28 18:06:22.928073,13103791,7,0,2019-01-28 11:06:13, 요즘은 보험금 지급이 진짜 빠르네요 ,1181,3,0,0
2019-01-28 19:06:15.006435,13103791,7,0,2019-01-28 11:06:13, 요즘은 보험금 지급이 진짜 빠르네요 ,1186,5,0,0
2019-01-28 20:06:19.999546,13103791,7,0,2019-01-28 11:06:13, 요즘은 보험금 지급이 진짜 빠르네요 ,1188,2,0,0
2019-01-28 21:06:25.156151,13103791,7,0,2019-01-28 11:06:13, 요즘은 보험금 지급이 진짜 빠르네요 ,1191,3,0,0
2019-01-28 22:06:17.274199,13103791,7,0,2019-01-28 11:06:13, 요즘은 보험금 지급이 진짜 빠르네요 ,1192,1,0,0
2019-01-28 23:06:22.370250,13103791,7,0,2019-01-28 11:06:13, 요즘은 보험금 지급이 진짜 빠르네요 ,1193,1,0,0
2019-01-29 00:06:14.393518,13103791,7,0,2019-01-28 11:06:13, 요즘은 보험금 지급이 진짜 빠르네요 ,1195,2,0,0
2019-01-29 01:06:19.441170,13103791,7,0,2019-01-28 11:06:13, 요즘은 보험금 지급이 진짜 빠르네요 ,1198,3,0,0
2019-01-29 02:06:24.757406,13103791,7,0,2019-01-28 11:06:13, 요즘은 보험금 지급이 진짜 빠르네요 ,1200,2,0,0
2019-01-29 03:06:16.834360,13103791,7,0,2019-01-28 11:06:13, 요즘은 보험금 지급이 진짜 빠르네요 ,1201,1,0,0
2019-01-29 04:06:21.913843,13103791,7,0,2019-01-28 11:06:13, 요즘은 보험금 지급이 진짜 빠르네요 ,1202,1,0,0
2019-01-29 05:06:14.204797,13103791,7,0,2019-01-28 11:06:13, 요즘은 보험금 지급이 진짜 빠르네요 ,1205,3,0,0
2019-01-29 06:06:19.255760,13103791,7,0,2019-01-28 11:06:13, 요즘은 보험금 지급이 진짜 빠르네요 ,1207,2,0,0
2019-01-29 07:06:24.269750,13103791,7,0,2019-01-28 11:06:13, 요즘은 보험금 지급이 진짜 빠르네요 ,1208,1,0,0
2019-01-29 08:06:16.270497,13103791,7,0,2019-01-28 11:06:13, 요즘은 보험금 지급이 진짜 빠르네요 ,1209,1,0,0
2019-01-29 09:06:21.308130,13103791,7,0,2019-01-28 11:06:13, 요즘은 보험금 지급이 진짜 빠르네요 ,1210,1,0,0
2019-01-29 10:06:13.273986,13103791,7,0,2019-01-28 11:06:13, 요즘은 보험금 지급이 진짜 빠르네요 ,1211,1,0,0
2019-01-29 11:06:18.374508,13103791,7,0,2019-01-28 11:06:13, 요즘은 보험금 지급이 진짜 빠르네요 ,1212,1,0,0
