check_time,id,post_reply,post_symph,post_time,post_title,post_view,post_view_diff,post_reply_diff,post_symph_diff
2019-01-24 12:16:32.906031,13088701,14,0,2019-01-24 11:16:27, 플스..몇군데 거쳐서 신도림 한우리 왔습니다 ㅜ ,1723,1723,14,0
2019-01-24 13:16:37.999916,13088701,14,0,2019-01-24 11:16:27, 플스..몇군데 거쳐서 신도림 한우리 왔습니다 ㅜ ,1815,92,0,0
2019-01-24 14:16:30.035842,13088701,14,0,2019-01-24 11:16:27, 플스..몇군데 거쳐서 신도림 한우리 왔습니다 ㅜ ,1865,50,0,0
2019-01-24 15:16:35.057787,13088701,14,0,2019-01-24 11:16:27, 플스..몇군데 거쳐서 신도림 한우리 왔습니다 ㅜ ,1886,21,0,0
2019-01-24 16:16:27.117503,13088701,14,0,2019-01-24 11:16:27, 플스..몇군데 거쳐서 신도림 한우리 왔습니다 ㅜ ,1904,18,0,0
2019-01-24 17:16:32.220449,13088701,14,0,2019-01-24 11:16:27, 플스..몇군데 거쳐서 신도림 한우리 왔습니다 ㅜ ,1917,13,0,0
2019-01-24 18:16:37.351631,13088701,14,0,2019-01-24 11:16:27, 플스..몇군데 거쳐서 신도림 한우리 왔습니다 ㅜ ,1942,25,0,0
2019-01-24 19:16:29.491864,13088701,14,0,2019-01-24 11:16:27, 플스..몇군데 거쳐서 신도림 한우리 왔습니다 ㅜ ,1951,9,0,0
2019-01-24 20:16:34.546837,13088701,14,0,2019-01-24 11:16:27, 플스..몇군데 거쳐서 신도림 한우리 왔습니다 ㅜ ,1959,8,0,0
2019-01-24 21:16:39.613814,13088701,14,0,2019-01-24 11:16:27, 플스..몇군데 거쳐서 신도림 한우리 왔습니다 ㅜ ,1970,11,0,0
2019-01-24 22:16:31.651007,13088701,14,0,2019-01-24 11:16:27, 플스..몇군데 거쳐서 신도림 한우리 왔습니다 ㅜ ,1972,2,0,0
2019-01-24 23:16:36.704177,13088701,14,0,2019-01-24 11:16:27, 플스..몇군데 거쳐서 신도림 한우리 왔습니다 ㅜ ,1981,9,0,0
2019-01-25 00:16:28.730256,13088701,14,0,2019-01-24 11:16:27, 플스..몇군데 거쳐서 신도림 한우리 왔습니다 ㅜ ,1983,2,0,0
2019-01-25 01:16:34.150115,13088701,14,0,2019-01-24 11:16:27, 플스..몇군데 거쳐서 신도림 한우리 왔습니다 ㅜ ,1987,4,0,0
2019-01-25 02:16:39.327355,13088701,14,0,2019-01-24 11:16:27, 플스..몇군데 거쳐서 신도림 한우리 왔습니다 ㅜ ,1989,2,0,0
2019-01-25 03:16:31.360641,13088701,14,0,2019-01-24 11:16:27, 플스..몇군데 거쳐서 신도림 한우리 왔습니다 ㅜ ,1991,2,0,0
2019-01-25 04:16:36.374455,13088701,14,0,2019-01-24 11:16:27, 플스..몇군데 거쳐서 신도림 한우리 왔습니다 ㅜ ,1991,0,0,0
2019-01-25 05:16:28.426703,13088701,14,0,2019-01-24 11:16:27, 플스..몇군데 거쳐서 신도림 한우리 왔습니다 ㅜ ,1992,1,0,0
2019-01-25 06:16:33.907501,13088701,14,0,2019-01-24 11:16:27, 플스..몇군데 거쳐서 신도림 한우리 왔습니다 ㅜ ,1993,1,0,0
2019-01-25 07:16:38.910943,13088701,14,0,2019-01-24 11:16:27, 플스..몇군데 거쳐서 신도림 한우리 왔습니다 ㅜ ,1996,3,0,0
2019-01-25 08:16:32.199637,13088701,14,0,2019-01-24 11:16:27, 플스..몇군데 거쳐서 신도림 한우리 왔습니다 ㅜ ,1997,1,0,0
2019-01-25 09:16:37.307030,13088701,14,0,2019-01-24 11:16:27, 플스..몇군데 거쳐서 신도림 한우리 왔습니다 ㅜ ,2001,4,0,0
2019-01-25 10:16:29.392344,13088701,14,0,2019-01-24 11:16:27, 플스..몇군데 거쳐서 신도림 한우리 왔습니다 ㅜ ,2007,6,0,0
2019-01-25 11:16:34.446660,13088701,14,0,2019-01-24 11:16:27, 플스..몇군데 거쳐서 신도림 한우리 왔습니다 ㅜ ,2010,3,0,0
