check_time,id,post_reply,post_symph,post_time,post_title,post_view,post_view_diff,post_reply_diff,post_symph_diff
2019-01-25 12:41:36.812417,13093170,2,0,2019-01-25 11:41:35, 덕주의) 2d 로 정화합시드아 ,657,657,2,0
2019-01-25 13:41:42.026718,13093170,2,0,2019-01-25 11:41:35, 덕주의) 2d 로 정화합시드아 ,691,34,0,0
2019-01-25 14:41:47.140985,13093170,2,0,2019-01-25 11:41:35, 덕주의) 2d 로 정화합시드아 ,714,23,0,0
2019-01-25 15:41:39.176874,13093170,2,0,2019-01-25 11:41:35, 덕주의) 2d 로 정화합시드아 ,718,4,0,0
2019-01-25 16:41:44.268933,13093170,2,0,2019-01-25 11:41:35, 덕주의) 2d 로 정화합시드아 ,727,9,0,0
2019-01-25 17:41:36.374613,13093170,2,0,2019-01-25 11:41:35, 덕주의) 2d 로 정화합시드아 ,732,5,0,0
2019-01-25 18:41:41.427091,13093170,2,0,2019-01-25 11:41:35, 덕주의) 2d 로 정화합시드아 ,738,6,0,0
2019-01-25 19:41:46.468233,13093170,2,0,2019-01-25 11:41:35, 덕주의) 2d 로 정화합시드아 ,744,6,0,0
2019-01-25 20:41:38.485697,13093170,2,0,2019-01-25 11:41:35, 덕주의) 2d 로 정화합시드아 ,746,2,0,0
2019-01-25 21:41:43.577318,13093170,2,0,2019-01-25 11:41:35, 덕주의) 2d 로 정화합시드아 ,749,3,0,0
2019-01-25 22:41:35.592056,13093170,2,0,2019-01-25 11:41:35, 덕주의) 2d 로 정화합시드아 ,750,1,0,0
2019-01-25 23:41:40.828952,13093170,2,0,2019-01-25 11:41:35, 덕주의) 2d 로 정화합시드아 ,752,2,0,0
2019-01-26 00:41:46.192767,13093170,2,0,2019-01-25 11:41:35, 덕주의) 2d 로 정화합시드아 ,754,2,0,0
2019-01-26 01:41:38.283182,13093170,2,0,2019-01-25 11:41:35, 덕주의) 2d 로 정화합시드아 ,757,3,0,0
2019-01-26 02:41:43.339386,13093170,2,0,2019-01-25 11:41:35, 덕주의) 2d 로 정화합시드아 ,759,2,0,0
2019-01-26 03:41:35.431413,13093170,2,0,2019-01-25 11:41:35, 덕주의) 2d 로 정화합시드아 ,760,1,0,0
2019-01-26 04:41:40.650712,13093170,2,0,2019-01-25 11:41:35, 덕주의) 2d 로 정화합시드아 ,761,1,0,0
2019-01-26 05:41:45.685812,13093170,2,0,2019-01-25 11:41:35, 덕주의) 2d 로 정화합시드아 ,763,2,0,0
2019-01-26 06:41:37.687774,13093170,2,0,2019-01-25 11:41:35, 덕주의) 2d 로 정화합시드아 ,764,1,0,0
2019-01-26 07:41:42.756339,13093170,2,0,2019-01-25 11:41:35, 덕주의) 2d 로 정화합시드아 ,765,1,0,0
2019-01-26 08:41:47.804466,13093170,2,0,2019-01-25 11:41:35, 덕주의) 2d 로 정화합시드아 ,766,1,0,0
2019-01-26 09:41:39.870384,13093170,2,0,2019-01-25 11:41:35, 덕주의) 2d 로 정화합시드아 ,771,5,0,0
2019-01-26 10:41:45.008389,13093170,2,0,2019-01-25 11:41:35, 덕주의) 2d 로 정화합시드아 ,772,1,0,0
2019-01-26 11:41:37.081877,13093170,2,0,2019-01-25 11:41:35, 덕주의) 2d 로 정화합시드아 ,773,1,0,0
