check_time,id,post_reply,post_symph,post_time,post_title,post_view,post_view_diff,post_reply_diff,post_symph_diff
2019-01-25 12:01:51.340977,13092990,23,0,2019-01-25 11:01:44, 여자블로거가 결혼하는데 기분이 묘하네요. ,2749,2749,23,0
2019-01-25 13:01:56.441790,13092990,23,0,2019-01-25 11:01:44, 여자블로거가 결혼하는데 기분이 묘하네요. ,3223,474,0,0
2019-01-25 14:01:48.600947,13092990,23,0,2019-01-25 11:01:44, 여자블로거가 결혼하는데 기분이 묘하네요. ,3487,264,0,0
2019-01-25 15:01:53.666874,13092990,24,0,2019-01-25 11:01:44, 여자블로거가 결혼하는데 기분이 묘하네요. ,3614,127,1,0
2019-01-25 16:01:45.736615,13092990,24,0,2019-01-25 11:01:44, 여자블로거가 결혼하는데 기분이 묘하네요. ,3670,56,0,0
2019-01-25 17:01:50.749667,13092990,24,0,2019-01-25 11:01:44, 여자블로거가 결혼하는데 기분이 묘하네요. ,3721,51,0,0
2019-01-25 18:01:56.063009,13092990,24,0,2019-01-25 11:01:44, 여자블로거가 결혼하는데 기분이 묘하네요. ,3761,40,0,0
2019-01-25 19:01:48.109953,13092990,24,0,2019-01-25 11:01:44, 여자블로거가 결혼하는데 기분이 묘하네요. ,3786,25,0,0
2019-01-25 20:01:53.123368,13092990,24,0,2019-01-25 11:01:44, 여자블로거가 결혼하는데 기분이 묘하네요. ,3812,26,0,0
2019-01-25 21:01:45.138607,13092990,24,0,2019-01-25 11:01:44, 여자블로거가 결혼하는데 기분이 묘하네요. ,3830,18,0,0
2019-01-25 22:01:50.351697,13092990,24,0,2019-01-25 11:01:44, 여자블로거가 결혼하는데 기분이 묘하네요. ,3841,11,0,0
2019-01-25 23:01:55.347091,13092990,24,0,2019-01-25 11:01:44, 여자블로거가 결혼하는데 기분이 묘하네요. ,3852,11,0,0
2019-01-26 00:01:47.440680,13092990,24,0,2019-01-25 11:01:44, 여자블로거가 결혼하는데 기분이 묘하네요. ,3855,3,0,0
2019-01-26 01:01:49.720211,13092990,24,0,2019-01-25 11:01:44, 여자블로거가 결혼하는데 기분이 묘하네요. ,3865,10,0,0
2019-01-26 02:01:54.743338,13092990,24,0,2019-01-25 11:01:44, 여자블로거가 결혼하는데 기분이 묘하네요. ,3867,2,0,0
2019-01-26 03:01:46.730078,13092990,24,0,2019-01-25 11:01:44, 여자블로거가 결혼하는데 기분이 묘하네요. ,3871,4,0,0
2019-01-26 04:01:51.910489,13092990,24,0,2019-01-25 11:01:44, 여자블로거가 결혼하는데 기분이 묘하네요. ,3873,2,0,0
2019-01-26 05:01:56.936198,13092990,24,0,2019-01-25 11:01:44, 여자블로거가 결혼하는데 기분이 묘하네요. ,3874,1,0,0
2019-01-26 06:01:49.016253,13092990,24,0,2019-01-25 11:01:44, 여자블로거가 결혼하는데 기분이 묘하네요. ,3876,2,0,0
2019-01-26 07:01:54.054457,13092990,24,0,2019-01-25 11:01:44, 여자블로거가 결혼하는데 기분이 묘하네요. ,3878,2,0,0
2019-01-26 08:01:46.094801,13092990,24,0,2019-01-25 11:01:44, 여자블로거가 결혼하는데 기분이 묘하네요. ,3880,2,0,0
2019-01-26 09:01:51.141093,13092990,24,0,2019-01-25 11:01:44, 여자블로거가 결혼하는데 기분이 묘하네요. ,3882,2,0,0
2019-01-26 10:01:56.142212,13092990,24,0,2019-01-25 11:01:44, 여자블로거가 결혼하는데 기분이 묘하네요. ,3884,2,0,0
2019-01-26 11:01:48.171161,13092990,24,0,2019-01-25 11:01:44, 여자블로거가 결혼하는데 기분이 묘하네요. ,3886,2,0,0
