check_time,id,post_reply,post_symph,post_time,post_title,post_view,post_view_diff,post_reply_diff,post_symph_diff
2019-01-24 12:20:55.197411,13088721,12,0,2019-01-24 11:20:44, 연애 및 결혼 꿀팁 ,1352,1352,12,0
2019-01-24 13:20:47.310399,13088721,12,0,2019-01-24 11:20:44, 연애 및 결혼 꿀팁 ,1492,140,0,0
2019-01-24 14:20:52.339782,13088721,12,0,2019-01-24 11:20:44, 연애 및 결혼 꿀팁 ,1532,40,0,0
2019-01-24 15:20:44.342697,13088721,12,0,2019-01-24 11:20:44, 연애 및 결혼 꿀팁 ,1559,27,0,0
2019-01-24 16:20:49.384105,13088721,12,0,2019-01-24 11:20:44, 연애 및 결혼 꿀팁 ,1574,15,0,0
2019-01-24 17:20:54.590771,13088721,12,0,2019-01-24 11:20:44, 연애 및 결혼 꿀팁 ,1589,15,0,0
2019-01-24 18:20:46.716158,13088721,12,0,2019-01-24 11:20:44, 연애 및 결혼 꿀팁 ,1598,9,0,0
2019-01-24 19:20:51.845902,13088721,12,0,2019-01-24 11:20:44, 연애 및 결혼 꿀팁 ,1609,11,0,0
2019-01-24 20:20:56.862094,13088721,12,0,2019-01-24 11:20:44, 연애 및 결혼 꿀팁 ,1614,5,0,0
2019-01-24 21:20:48.854126,13088721,12,0,2019-01-24 11:20:44, 연애 및 결혼 꿀팁 ,1618,4,0,0
2019-01-24 22:20:53.797190,13088721,12,0,2019-01-24 11:20:44, 연애 및 결혼 꿀팁 ,1634,16,0,0
2019-01-24 23:20:45.790908,13088721,12,0,2019-01-24 11:20:44, 연애 및 결혼 꿀팁 ,1641,7,0,0
2019-01-25 00:20:50.834650,13088721,12,0,2019-01-24 11:20:44, 연애 및 결혼 꿀팁 ,1644,3,0,0
2019-01-25 01:20:55.874465,13088721,12,0,2019-01-24 11:20:44, 연애 및 결혼 꿀팁 ,1648,4,0,0
2019-01-25 02:20:48.027027,13088721,12,0,2019-01-24 11:20:44, 연애 및 결혼 꿀팁 ,1649,1,0,0
2019-01-25 03:20:53.137829,13088721,12,0,2019-01-24 11:20:44, 연애 및 결혼 꿀팁 ,1652,3,0,0
2019-01-25 04:20:45.256741,13088721,12,0,2019-01-24 11:20:44, 연애 및 결혼 꿀팁 ,1654,2,0,0
2019-01-25 05:20:50.297080,13088721,12,0,2019-01-24 11:20:44, 연애 및 결혼 꿀팁 ,1657,3,0,0
2019-01-25 06:20:55.280751,13088721,12,0,2019-01-24 11:20:44, 연애 및 결혼 꿀팁 ,1659,2,0,0
2019-01-25 07:20:47.296709,13088721,12,0,2019-01-24 11:20:44, 연애 및 결혼 꿀팁 ,1662,3,0,0
2019-01-25 08:20:52.383183,13088721,12,0,2019-01-24 11:20:44, 연애 및 결혼 꿀팁 ,1667,5,0,0
2019-01-25 09:20:44.427442,13088721,12,0,2019-01-24 11:20:44, 연애 및 결혼 꿀팁 ,1668,1,0,0
2019-01-25 10:20:49.689686,13088721,12,0,2019-01-24 11:20:44, 연애 및 결혼 꿀팁 ,1670,2,0,0
2019-01-25 11:20:54.697241,13088721,12,0,2019-01-24 11:20:44, 연애 및 결혼 꿀팁 ,1673,3,0,0
