check_time,id,post_reply,post_symph,post_time,post_title,post_view,post_view_diff,post_reply_diff,post_symph_diff
2019-01-27 12:27:21.702963,13100619,2,0,2019-01-27 11:27:17, 기타산조 ,310,310,2,0
2019-01-27 13:27:27.025460,13100619,2,0,2019-01-27 11:27:17, 기타산조 ,356,46,0,0
2019-01-27 14:27:19.076390,13100619,2,0,2019-01-27 11:27:17, 기타산조 ,365,9,0,0
2019-01-27 15:27:24.177013,13100619,2,0,2019-01-27 11:27:17, 기타산조 ,376,11,0,0
2019-01-27 16:27:29.427072,13100619,2,0,2019-01-27 11:27:17, 기타산조 ,384,8,0,0
2019-01-27 17:27:21.813579,13100619,2,0,2019-01-27 11:27:17, 기타산조 ,389,5,0,0
2019-01-27 18:27:26.924952,13100619,2,0,2019-01-27 11:27:17, 기타산조 ,392,3,0,0
2019-01-27 19:27:19.473798,13100619,2,0,2019-01-27 11:27:17, 기타산조 ,394,2,0,0
2019-01-27 20:27:24.529760,13100619,2,0,2019-01-27 11:27:17, 기타산조 ,398,4,0,0
2019-01-27 21:27:29.513180,13100619,2,0,2019-01-27 11:27:17, 기타산조 ,400,2,0,0
2019-01-27 22:27:21.542308,13100619,2,0,2019-01-27 11:27:17, 기타산조 ,405,5,0,0
2019-01-27 23:27:26.782040,13100619,2,0,2019-01-27 11:27:17, 기타산조 ,408,3,0,0
2019-01-28 00:27:18.900119,13100619,2,0,2019-01-27 11:27:17, 기타산조 ,411,3,0,0
2019-01-28 01:27:23.988705,13100619,2,0,2019-01-27 11:27:17, 기타산조 ,415,4,0,0
2019-01-28 02:27:29.055691,13100619,2,0,2019-01-27 11:27:17, 기타산조 ,416,1,0,0
2019-01-28 03:27:21.059733,13100619,2,0,2019-01-27 11:27:17, 기타산조 ,419,3,0,0
2019-01-28 04:27:26.062413,13100619,2,0,2019-01-27 11:27:17, 기타산조 ,420,1,0,0
2019-01-28 05:27:18.058158,13100619,2,0,2019-01-27 11:27:17, 기타산조 ,422,2,0,0
2019-01-28 06:27:23.341468,13100619,2,0,2019-01-27 11:27:17, 기타산조 ,423,1,0,0
2019-01-28 07:27:28.672644,13100619,2,0,2019-01-27 11:27:17, 기타산조 ,426,3,0,0
2019-01-28 08:27:20.696968,13100619,2,0,2019-01-27 11:27:17, 기타산조 ,427,1,0,0
2019-01-28 09:27:26.060228,13100619,2,0,2019-01-27 11:27:17, 기타산조 ,428,1,0,0
2019-01-28 10:27:18.419989,13100619,2,0,2019-01-27 11:27:17, 기타산조 ,432,4,0,0
2019-01-28 11:27:23.460597,13100619,2,0,2019-01-27 11:27:17, 기타산조 ,434,2,0,0
