check_time,id,post_reply,post_symph,post_time,post_title,post_view,post_view_diff,post_reply_diff,post_symph_diff
2019-01-26 11:16:10.572282,13097262,0,0,2019-01-26 10:16:08, 말로만 듣던 기레기 기사 ,585,585,0,0
2019-01-26 12:16:15.695833,13097262,1,0,2019-01-26 10:16:08, 말로만 듣던 기레기 기사 ,683,98,1,0
2019-01-26 13:16:20.757688,13097262,1,0,2019-01-26 10:16:08, 말로만 듣던 기레기 기사 ,711,28,0,0
2019-01-26 14:16:12.848800,13097262,1,0,2019-01-26 10:16:08, 말로만 듣던 기레기 기사 ,722,11,0,0
2019-01-26 15:16:17.959394,13097262,1,0,2019-01-26 10:16:08, 말로만 듣던 기레기 기사 ,729,7,0,0
2019-01-26 16:16:10.092795,13097262,1,0,2019-01-26 10:16:08, 말로만 듣던 기레기 기사 ,736,7,0,0
2019-01-26 17:16:15.194278,13097262,1,0,2019-01-26 10:16:08, 말로만 듣던 기레기 기사 ,745,9,0,0
2019-01-26 18:16:20.323464,13097262,1,0,2019-01-26 10:16:08, 말로만 듣던 기레기 기사 ,748,3,0,0
2019-01-26 19:16:12.435208,13097262,1,0,2019-01-26 10:16:08, 말로만 듣던 기레기 기사 ,758,10,0,0
2019-01-26 20:16:17.583475,13097262,1,0,2019-01-26 10:16:08, 말로만 듣던 기레기 기사 ,763,5,0,0
2019-01-26 21:16:09.693504,13097262,1,0,2019-01-26 10:16:08, 말로만 듣던 기레기 기사 ,765,2,0,0
2019-01-26 22:16:14.814749,13097262,1,0,2019-01-26 10:16:08, 말로만 듣던 기레기 기사 ,767,2,0,0
2019-01-26 23:16:19.932051,13097262,1,0,2019-01-26 10:16:08, 말로만 듣던 기레기 기사 ,768,1,0,0
2019-01-27 00:16:12.032491,13097262,1,0,2019-01-26 10:16:08, 말로만 듣던 기레기 기사 ,769,1,0,0
2019-01-27 01:16:17.169597,13097262,1,0,2019-01-26 10:16:08, 말로만 듣던 기레기 기사 ,772,3,0,0
2019-01-27 02:16:09.177479,13097262,1,0,2019-01-26 10:16:08, 말로만 듣던 기레기 기사 ,774,2,0,0
2019-01-27 03:16:14.242514,13097262,1,0,2019-01-26 10:16:08, 말로만 듣던 기레기 기사 ,775,1,0,0
2019-01-27 04:16:19.307266,13097262,1,0,2019-01-26 10:16:08, 말로만 듣던 기레기 기사 ,778,3,0,0
2019-01-27 05:16:11.387258,13097262,1,0,2019-01-26 10:16:08, 말로만 듣던 기레기 기사 ,780,2,0,0
2019-01-27 06:16:16.663325,13097262,1,0,2019-01-26 10:16:08, 말로만 듣던 기레기 기사 ,782,2,0,0
2019-01-27 07:16:08.583714,13097262,1,0,2019-01-26 10:16:08, 말로만 듣던 기레기 기사 ,784,2,0,0
2019-01-27 08:16:13.584355,13097262,1,0,2019-01-26 10:16:08, 말로만 듣던 기레기 기사 ,786,2,0,0
2019-01-27 09:16:18.649936,13097262,1,0,2019-01-26 10:16:08, 말로만 듣던 기레기 기사 ,788,2,0,0
2019-01-27 10:16:10.707516,13097262,1,0,2019-01-26 10:16:08, 말로만 듣던 기레기 기사 ,789,1,0,0
