check_time,id,post_reply,post_symph,post_time,post_title,post_view,post_view_diff,post_reply_diff,post_symph_diff
2019-01-25 11:51:57.513657,13092952,15,3,2019-01-25 10:51:51, 이젠 손혜원에서 손석희인가? ,947,947,15,3
2019-01-25 12:52:02.640200,13092952,15,3,2019-01-25 10:51:51, 이젠 손혜원에서 손석희인가? ,1028,81,0,0
2019-01-25 13:51:55.144183,13092952,15,3,2019-01-25 10:51:51, 이젠 손혜원에서 손석희인가? ,1052,24,0,0
2019-01-25 14:52:00.893818,13092952,15,3,2019-01-25 10:51:51, 이젠 손혜원에서 손석희인가? ,1060,8,0,0
2019-01-25 15:51:52.962438,13092952,15,3,2019-01-25 10:51:51, 이젠 손혜원에서 손석희인가? ,1067,7,0,0
2019-01-25 16:51:58.163363,13092952,15,3,2019-01-25 10:51:51, 이젠 손혜원에서 손석희인가? ,1073,6,0,0
2019-01-25 17:52:03.207509,13092952,15,3,2019-01-25 10:51:51, 이젠 손혜원에서 손석희인가? ,1083,10,0,0
2019-01-25 18:51:55.227874,13092952,15,3,2019-01-25 10:51:51, 이젠 손혜원에서 손석희인가? ,1088,5,0,0
2019-01-25 19:52:00.317127,13092952,15,3,2019-01-25 10:51:51, 이젠 손혜원에서 손석희인가? ,1093,5,0,0
2019-01-25 20:51:52.497150,13092952,15,3,2019-01-25 10:51:51, 이젠 손혜원에서 손석희인가? ,1094,1,0,0
2019-01-25 21:51:58.357826,13092952,15,3,2019-01-25 10:51:51, 이젠 손혜원에서 손석희인가? ,1097,3,0,0
2019-01-25 22:52:03.492752,13092952,15,3,2019-01-25 10:51:51, 이젠 손혜원에서 손석희인가? ,1099,2,0,0
2019-01-25 23:51:55.584018,13092952,15,3,2019-01-25 10:51:51, 이젠 손혜원에서 손석희인가? ,1101,2,0,0
2019-01-26 00:52:00.677165,13092952,15,3,2019-01-25 10:51:51, 이젠 손혜원에서 손석희인가? ,1105,4,0,0
2019-01-26 01:51:52.730199,13092952,15,3,2019-01-25 10:51:51, 이젠 손혜원에서 손석희인가? ,1110,5,0,0
2019-01-26 02:51:57.820986,13092952,15,3,2019-01-25 10:51:51, 이젠 손혜원에서 손석희인가? ,1114,4,0,0
2019-01-26 03:52:02.873536,13092952,15,3,2019-01-25 10:51:51, 이젠 손혜원에서 손석희인가? ,1116,2,0,0
2019-01-26 04:51:54.927175,13092952,15,3,2019-01-25 10:51:51, 이젠 손혜원에서 손석희인가? ,1118,2,0,0
2019-01-26 05:52:00.012907,13092952,15,3,2019-01-25 10:51:51, 이젠 손혜원에서 손석희인가? ,1120,2,0,0
2019-01-26 06:51:52.063101,13092952,15,3,2019-01-25 10:51:51, 이젠 손혜원에서 손석희인가? ,1122,2,0,0
2019-01-26 07:51:57.088492,13092952,15,3,2019-01-25 10:51:51, 이젠 손혜원에서 손석희인가? ,1122,0,0,0
2019-01-26 08:52:02.124488,13092952,15,3,2019-01-25 10:51:51, 이젠 손혜원에서 손석희인가? ,1124,2,0,0
2019-01-26 09:51:54.400155,13092952,15,3,2019-01-25 10:51:51, 이젠 손혜원에서 손석희인가? ,1127,3,0,0
2019-01-26 10:51:59.454100,13092952,15,3,2019-01-25 10:51:51, 이젠 손혜원에서 손석희인가? ,1129,2,0,0
