check_time,id,post_reply,post_symph,post_time,post_title,post_view,post_view_diff,post_reply_diff,post_symph_diff
2019-01-29 11:55:34.924652,13107556,8,0,2019-01-29 10:55:27, 아이즈원) 프라이빗 메일 구독하기 전껀 못보는거에요..?: ,502,502,8,0
2019-01-29 12:55:27.455511,13107556,8,0,2019-01-29 10:55:27, 아이즈원) 프라이빗 메일 구독하기 전껀 못보는거에요..?: ,553,51,0,0
2019-01-29 13:55:32.578700,13107556,8,0,2019-01-29 10:55:27, 아이즈원) 프라이빗 메일 구독하기 전껀 못보는거에요..?: ,583,30,0,0
2019-01-29 14:55:37.730144,13107556,8,1,2019-01-29 10:55:27, 아이즈원) 프라이빗 메일 구독하기 전껀 못보는거에요..?: ,597,14,0,1
2019-01-29 15:55:29.866268,13107556,8,1,2019-01-29 10:55:27, 아이즈원) 프라이빗 메일 구독하기 전껀 못보는거에요..?: ,613,16,0,0
2019-01-29 16:55:34.962759,13107556,8,1,2019-01-29 10:55:27, 아이즈원) 프라이빗 메일 구독하기 전껀 못보는거에요..?: ,621,8,0,0
2019-01-29 17:55:27.211960,13107556,8,1,2019-01-29 10:55:27, 아이즈원) 프라이빗 메일 구독하기 전껀 못보는거에요..?: ,630,9,0,0
2019-01-29 18:55:32.270406,13107556,8,1,2019-01-29 10:55:27, 아이즈원) 프라이빗 메일 구독하기 전껀 못보는거에요..?: ,637,7,0,0
2019-01-29 19:55:37.329313,13107556,8,1,2019-01-29 10:55:27, 아이즈원) 프라이빗 메일 구독하기 전껀 못보는거에요..?: ,639,2,0,0
2019-01-29 20:55:29.606141,13107556,8,1,2019-01-29 10:55:27, 아이즈원) 프라이빗 메일 구독하기 전껀 못보는거에요..?: ,649,10,0,0
2019-01-29 21:55:34.620490,13107556,8,1,2019-01-29 10:55:27, 아이즈원) 프라이빗 메일 구독하기 전껀 못보는거에요..?: ,657,8,0,0
2019-01-29 22:55:39.632436,13107556,8,1,2019-01-29 10:55:27, 아이즈원) 프라이빗 메일 구독하기 전껀 못보는거에요..?: ,662,5,0,0
2019-01-29 23:55:31.674978,13107556,8,1,2019-01-29 10:55:27, 아이즈원) 프라이빗 메일 구독하기 전껀 못보는거에요..?: ,669,7,0,0
2019-01-30 00:55:36.719975,13107556,8,1,2019-01-29 10:55:27, 아이즈원) 프라이빗 메일 구독하기 전껀 못보는거에요..?: ,674,5,0,0
2019-01-30 01:55:28.768935,13107556,8,1,2019-01-29 10:55:27, 아이즈원) 프라이빗 메일 구독하기 전껀 못보는거에요..?: ,678,4,0,0
2019-01-30 02:55:33.846980,13107556,8,1,2019-01-29 10:55:27, 아이즈원) 프라이빗 메일 구독하기 전껀 못보는거에요..?: ,679,1,0,0
2019-01-30 03:55:38.867179,13107556,8,1,2019-01-29 10:55:27, 아이즈원) 프라이빗 메일 구독하기 전껀 못보는거에요..?: ,681,2,0,0
2019-01-30 04:55:31.006406,13107556,8,1,2019-01-29 10:55:27, 아이즈원) 프라이빗 메일 구독하기 전껀 못보는거에요..?: ,684,3,0,0
2019-01-30 05:55:36.032943,13107556,8,1,2019-01-29 10:55:27, 아이즈원) 프라이빗 메일 구독하기 전껀 못보는거에요..?: ,688,4,0,0
2019-01-30 06:55:28.083228,13107556,8,1,2019-01-29 10:55:27, 아이즈원) 프라이빗 메일 구독하기 전껀 못보는거에요..?: ,691,3,0,0
2019-01-30 07:55:33.198913,13107556,8,1,2019-01-29 10:55:27, 아이즈원) 프라이빗 메일 구독하기 전껀 못보는거에요..?: ,692,1,0,0
2019-01-30 08:55:38.251193,13107556,8,1,2019-01-29 10:55:27, 아이즈원) 프라이빗 메일 구독하기 전껀 못보는거에요..?: ,698,6,0,0
2019-01-30 09:55:30.307453,13107556,8,1,2019-01-29 10:55:27, 아이즈원) 프라이빗 메일 구독하기 전껀 못보는거에요..?: ,700,2,0,0
2019-01-30 10:55:35.722158,13107556,8,1,2019-01-29 10:55:27, 아이즈원) 프라이빗 메일 구독하기 전껀 못보는거에요..?: ,705,5,0,0
