check_time,id,post_reply,post_symph,post_time,post_title,post_view,post_view_diff,post_reply_diff,post_symph_diff
2019-01-24 11:56:58.629301,13088595,30,0,2019-01-24 10:56:48, 자동차 바퀴에 점좀 안찍었으면.. ,2025,2025,30,0
2019-01-24 12:56:50.690450,13088595,30,0,2019-01-24 10:56:48, 자동차 바퀴에 점좀 안찍었으면.. ,2349,324,0,0
2019-01-24 13:56:55.806208,13088595,30,0,2019-01-24 10:56:48, 자동차 바퀴에 점좀 안찍었으면.. ,2521,172,0,0
2019-01-24 14:57:00.934556,13088595,30,0,2019-01-24 10:56:48, 자동차 바퀴에 점좀 안찍었으면.. ,2591,70,0,0
2019-01-24 15:56:53.130884,13088595,30,0,2019-01-24 10:56:48, 자동차 바퀴에 점좀 안찍었으면.. ,2653,62,0,0
2019-01-24 16:56:58.224927,13088595,30,0,2019-01-24 10:56:48, 자동차 바퀴에 점좀 안찍었으면.. ,2696,43,0,0
2019-01-24 17:56:50.374213,13088595,30,0,2019-01-24 10:56:48, 자동차 바퀴에 점좀 안찍었으면.. ,2711,15,0,0
2019-01-24 18:56:55.540834,13088595,30,0,2019-01-24 10:56:48, 자동차 바퀴에 점좀 안찍었으면.. ,2725,14,0,0
2019-01-24 19:57:00.646039,13088595,30,0,2019-01-24 10:56:48, 자동차 바퀴에 점좀 안찍었으면.. ,2733,8,0,0
2019-01-24 20:56:52.787042,13088595,30,0,2019-01-24 10:56:48, 자동차 바퀴에 점좀 안찍었으면.. ,2739,6,0,0
2019-01-24 21:56:57.927072,13088595,30,0,2019-01-24 10:56:48, 자동차 바퀴에 점좀 안찍었으면.. ,2743,4,0,0
2019-01-24 22:56:50.011389,13088595,30,0,2019-01-24 10:56:48, 자동차 바퀴에 점좀 안찍었으면.. ,2750,7,0,0
2019-01-24 23:56:55.196029,13088595,30,0,2019-01-24 10:56:48, 자동차 바퀴에 점좀 안찍었으면.. ,2755,5,0,0
2019-01-25 00:57:00.342365,13088595,30,0,2019-01-24 10:56:48, 자동차 바퀴에 점좀 안찍었으면.. ,2758,3,0,0
2019-01-25 01:56:52.488289,13088595,30,0,2019-01-24 10:56:48, 자동차 바퀴에 점좀 안찍었으면.. ,2762,4,0,0
2019-01-25 02:56:57.557929,13088595,30,0,2019-01-24 10:56:48, 자동차 바퀴에 점좀 안찍었으면.. ,2764,2,0,0
2019-01-25 03:56:49.584698,13088595,30,0,2019-01-24 10:56:48, 자동차 바퀴에 점좀 안찍었으면.. ,2767,3,0,0
2019-01-25 04:56:54.637145,13088595,30,0,2019-01-24 10:56:48, 자동차 바퀴에 점좀 안찍었으면.. ,2768,1,0,0
2019-01-25 05:56:59.687453,13088595,30,0,2019-01-24 10:56:48, 자동차 바퀴에 점좀 안찍었으면.. ,2770,2,0,0
2019-01-25 06:56:51.719983,13088595,30,0,2019-01-24 10:56:48, 자동차 바퀴에 점좀 안찍었으면.. ,2773,3,0,0
2019-01-25 07:56:56.829164,13088595,30,0,2019-01-24 10:56:48, 자동차 바퀴에 점좀 안찍었으면.. ,2774,1,0,0
2019-01-25 08:56:49.223798,13088595,30,0,2019-01-24 10:56:48, 자동차 바퀴에 점좀 안찍었으면.. ,2775,1,0,0
2019-01-25 09:56:54.203414,13088595,30,0,2019-01-24 10:56:48, 자동차 바퀴에 점좀 안찍었으면.. ,2776,1,0,0
2019-01-25 10:56:59.257175,13088595,30,0,2019-01-24 10:56:48, 자동차 바퀴에 점좀 안찍었으면.. ,2780,4,0,0
