check_time,id,post_reply,post_symph,post_time,post_title,post_view,post_view_diff,post_reply_diff,post_symph_diff
2019-01-30 11:01:53.704498,13111001,9,0,2019-01-30 10:01:53," 전광훈 목사, 한기총 대표회장 당선...어김없이 '기독당' 강조 ",578,578,9,0
2019-01-30 12:01:58.755834,13111001,9,0,2019-01-30 10:01:53," 전광훈 목사, 한기총 대표회장 당선...어김없이 '기독당' 강조 ",632,54,0,0
2019-01-30 13:02:03.794493,13111001,10,0,2019-01-30 10:01:53," 전광훈 목사, 한기총 대표회장 당선...어김없이 '기독당' 강조 ",651,19,1,0
2019-01-30 14:01:56.075589,13111001,10,0,2019-01-30 10:01:53," 전광훈 목사, 한기총 대표회장 당선...어김없이 '기독당' 강조 ",661,10,0,0
2019-01-30 15:02:01.192756,13111001,10,0,2019-01-30 10:01:53," 전광훈 목사, 한기총 대표회장 당선...어김없이 '기독당' 강조 ",669,8,0,0
2019-01-30 16:01:53.299337,13111001,10,0,2019-01-30 10:01:53," 전광훈 목사, 한기총 대표회장 당선...어김없이 '기독당' 강조 ",672,3,0,0
2019-01-30 17:01:58.572906,13111001,10,0,2019-01-30 10:01:53," 전광훈 목사, 한기총 대표회장 당선...어김없이 '기독당' 강조 ",675,3,0,0
2019-01-30 18:02:03.635306,13111001,10,0,2019-01-30 10:01:53," 전광훈 목사, 한기총 대표회장 당선...어김없이 '기독당' 강조 ",677,2,0,0
2019-01-30 19:01:55.651361,13111001,10,0,2019-01-30 10:01:53," 전광훈 목사, 한기총 대표회장 당선...어김없이 '기독당' 강조 ",680,3,0,0
2019-01-30 20:02:00.890401,13111001,10,0,2019-01-30 10:01:53," 전광훈 목사, 한기총 대표회장 당선...어김없이 '기독당' 강조 ",684,4,0,0
2019-01-30 21:02:05.930274,13111001,10,0,2019-01-30 10:01:53," 전광훈 목사, 한기총 대표회장 당선...어김없이 '기독당' 강조 ",685,1,0,0
2019-01-30 22:01:58.119357,13111001,10,0,2019-01-30 10:01:53," 전광훈 목사, 한기총 대표회장 당선...어김없이 '기독당' 강조 ",688,3,0,0
2019-01-30 23:02:03.471893,13111001,10,0,2019-01-30 10:01:53," 전광훈 목사, 한기총 대표회장 당선...어김없이 '기독당' 강조 ",690,2,0,0
2019-01-31 00:01:55.492582,13111001,10,0,2019-01-30 10:01:53," 전광훈 목사, 한기총 대표회장 당선...어김없이 '기독당' 강조 ",691,1,0,0
2019-01-31 01:02:00.740693,13111001,10,0,2019-01-30 10:01:53," 전광훈 목사, 한기총 대표회장 당선...어김없이 '기독당' 강조 ",693,2,0,0
2019-01-31 02:02:05.766016,13111001,10,0,2019-01-30 10:01:53," 전광훈 목사, 한기총 대표회장 당선...어김없이 '기독당' 강조 ",693,0,0,0
2019-01-31 03:01:57.773620,13111001,10,0,2019-01-30 10:01:53," 전광훈 목사, 한기총 대표회장 당선...어김없이 '기독당' 강조 ",695,2,0,0
2019-01-31 04:02:03.003549,13111001,10,0,2019-01-30 10:01:53," 전광훈 목사, 한기총 대표회장 당선...어김없이 '기독당' 강조 ",696,1,0,0
2019-01-31 05:01:55.129210,13111001,10,0,2019-01-30 10:01:53," 전광훈 목사, 한기총 대표회장 당선...어김없이 '기독당' 강조 ",698,2,0,0
2019-01-31 06:02:00.250284,13111001,10,0,2019-01-30 10:01:53," 전광훈 목사, 한기총 대표회장 당선...어김없이 '기독당' 강조 ",699,1,0,0
2019-01-31 07:02:05.404725,13111001,10,0,2019-01-30 10:01:53," 전광훈 목사, 한기총 대표회장 당선...어김없이 '기독당' 강조 ",700,1,0,0
2019-01-31 08:01:57.900392,13111001,10,0,2019-01-30 10:01:53," 전광훈 목사, 한기총 대표회장 당선...어김없이 '기독당' 강조 ",701,1,0,0
2019-01-31 09:02:02.976088,13111001,10,0,2019-01-30 10:01:53," 전광훈 목사, 한기총 대표회장 당선...어김없이 '기독당' 강조 ",702,1,0,0
2019-01-31 10:01:54.995615,13111001,10,0,2019-01-30 10:01:53," 전광훈 목사, 한기총 대표회장 당선...어김없이 '기독당' 강조 ",703,1,0,0
