check_time,id,post_reply,post_symph,post_time,post_title,post_view,post_view_diff,post_reply_diff,post_symph_diff
2019-01-29 11:27:13.061292,13107469,15,0,2019-01-29 10:27:03, 자동차 동호회 운영하는게 돈이 되나보네요. ,1622,1622,15,0
2019-01-29 12:27:05.168999,13107469,15,0,2019-01-29 10:27:03, 자동차 동호회 운영하는게 돈이 되나보네요. ,1849,227,0,0
2019-01-29 13:27:10.293888,13107469,15,0,2019-01-29 10:27:03, 자동차 동호회 운영하는게 돈이 되나보네요. ,1931,82,0,0
2019-01-29 14:27:15.509051,13107469,15,0,2019-01-29 10:27:03, 자동차 동호회 운영하는게 돈이 되나보네요. ,1968,37,0,0
2019-01-29 15:27:07.828863,13107469,15,0,2019-01-29 10:27:03, 자동차 동호회 운영하는게 돈이 되나보네요. ,1982,14,0,0
2019-01-29 16:27:13.003895,13107469,15,0,2019-01-29 10:27:03, 자동차 동호회 운영하는게 돈이 되나보네요. ,1998,16,0,0
2019-01-29 17:27:05.141052,13107469,15,0,2019-01-29 10:27:03, 자동차 동호회 운영하는게 돈이 되나보네요. ,2007,9,0,0
2019-01-29 18:27:10.321337,13107469,15,0,2019-01-29 10:27:03, 자동차 동호회 운영하는게 돈이 되나보네요. ,2017,10,0,0
2019-01-29 19:27:15.440072,13107469,15,0,2019-01-29 10:27:03, 자동차 동호회 운영하는게 돈이 되나보네요. ,2019,2,0,0
2019-01-29 20:27:07.747665,13107469,14,0,2019-01-29 10:27:03, 자동차 동호회 운영하는게 돈이 되나보네요. ,2026,7,-1,0
2019-01-29 21:27:12.872195,13107469,14,0,2019-01-29 10:27:03, 자동차 동호회 운영하는게 돈이 되나보네요. ,2032,6,0,0
2019-01-29 22:27:05.154879,13107469,14,0,2019-01-29 10:27:03, 자동차 동호회 운영하는게 돈이 되나보네요. ,2038,6,0,0
2019-01-29 23:27:10.637002,13107469,14,0,2019-01-29 10:27:03, 자동차 동호회 운영하는게 돈이 되나보네요. ,2038,0,0,0
2019-01-30 00:27:03.043005,13107469,14,0,2019-01-29 10:27:03, 자동차 동호회 운영하는게 돈이 되나보네요. ,2042,4,0,0
2019-01-30 01:27:08.640742,13107469,14,0,2019-01-29 10:27:03, 자동차 동호회 운영하는게 돈이 되나보네요. ,2045,3,0,0
2019-01-30 02:27:13.776792,13107469,14,0,2019-01-29 10:27:03, 자동차 동호회 운영하는게 돈이 되나보네요. ,2047,2,0,0
2019-01-30 03:27:05.979505,13107469,14,0,2019-01-29 10:27:03, 자동차 동호회 운영하는게 돈이 되나보네요. ,2048,1,0,0
2019-01-30 04:27:11.027206,13107469,14,0,2019-01-29 10:27:03, 자동차 동호회 운영하는게 돈이 되나보네요. ,2053,5,0,0
2019-01-30 05:27:03.122949,13107469,14,0,2019-01-29 10:27:03, 자동차 동호회 운영하는게 돈이 되나보네요. ,2054,1,0,0
2019-01-30 06:27:08.612755,13107469,14,0,2019-01-29 10:27:03, 자동차 동호회 운영하는게 돈이 되나보네요. ,2056,2,0,0
2019-01-30 07:27:13.678474,13107469,14,0,2019-01-29 10:27:03, 자동차 동호회 운영하는게 돈이 되나보네요. ,2056,0,0,0
2019-01-30 08:27:05.741905,13107469,14,0,2019-01-29 10:27:03, 자동차 동호회 운영하는게 돈이 되나보네요. ,2058,2,0,0
2019-01-30 09:27:11.158793,13107469,14,0,2019-01-29 10:27:03, 자동차 동호회 운영하는게 돈이 되나보네요. ,2061,3,0,0
2019-01-30 10:27:03.279050,13107469,14,0,2019-01-29 10:27:03, 자동차 동호회 운영하는게 돈이 되나보네요. ,2062,1,0,0
