check_time,id,post_reply,post_symph,post_time,post_title,post_view,post_view_diff,post_reply_diff,post_symph_diff
2019-01-29 11:35:22.689821,13107502,32,1,2019-01-29 10:35:18, 와이프가 친정에 갔습니다. ,2357,2357,32,1
2019-01-29 12:35:27.818363,13107502,32,1,2019-01-29 10:35:18, 와이프가 친정에 갔습니다. ,2798,441,0,0
2019-01-29 13:35:19.984284,13107502,32,1,2019-01-29 10:35:18, 와이프가 친정에 갔습니다. ,3030,232,0,0
2019-01-29 14:35:25.308400,13107502,32,1,2019-01-29 10:35:18, 와이프가 친정에 갔습니다. ,3153,123,0,0
2019-01-29 15:35:30.413123,13107502,32,1,2019-01-29 10:35:18, 와이프가 친정에 갔습니다. ,3184,31,0,0
2019-01-29 16:35:22.441130,13107502,32,1,2019-01-29 10:35:18, 와이프가 친정에 갔습니다. ,3200,16,0,0
2019-01-29 17:35:27.439608,13107502,32,1,2019-01-29 10:35:18, 와이프가 친정에 갔습니다. ,3221,21,0,0
2019-01-29 18:35:19.492536,13107502,32,1,2019-01-29 10:35:18, 와이프가 친정에 갔습니다. ,3234,13,0,0
2019-01-29 19:35:24.643333,13107502,32,1,2019-01-29 10:35:18, 와이프가 친정에 갔습니다. ,3243,9,0,0
2019-01-29 20:35:29.975933,13107502,32,1,2019-01-29 10:35:18, 와이프가 친정에 갔습니다. ,3250,7,0,0
2019-01-29 21:35:22.053950,13107502,32,1,2019-01-29 10:35:18, 와이프가 친정에 갔습니다. ,3256,6,0,0
2019-01-29 22:35:27.085504,13107502,32,1,2019-01-29 10:35:18, 와이프가 친정에 갔습니다. ,3261,5,0,0
2019-01-29 23:35:19.122145,13107502,32,1,2019-01-29 10:35:18, 와이프가 친정에 갔습니다. ,3267,6,0,0
2019-01-30 00:35:24.154774,13107502,32,1,2019-01-29 10:35:18, 와이프가 친정에 갔습니다. ,3270,3,0,0
2019-01-30 01:35:29.237510,13107502,32,1,2019-01-29 10:35:18, 와이프가 친정에 갔습니다. ,3274,4,0,0
2019-01-30 02:35:21.316683,13107502,32,1,2019-01-29 10:35:18, 와이프가 친정에 갔습니다. ,3277,3,0,0
2019-01-30 03:35:26.376379,13107502,32,1,2019-01-29 10:35:18, 와이프가 친정에 갔습니다. ,3278,1,0,0
2019-01-30 04:35:18.649921,13107502,32,1,2019-01-29 10:35:18, 와이프가 친정에 갔습니다. ,3280,2,0,0
2019-01-30 05:35:23.776272,13107502,32,1,2019-01-29 10:35:18, 와이프가 친정에 갔습니다. ,3283,3,0,0
2019-01-30 06:35:28.833427,13107502,32,1,2019-01-29 10:35:18, 와이프가 친정에 갔습니다. ,3284,1,0,0
2019-01-30 07:35:20.888291,13107502,32,1,2019-01-29 10:35:18, 와이프가 친정에 갔습니다. ,3285,1,0,0
2019-01-30 08:35:26.254696,13107502,32,1,2019-01-29 10:35:18, 와이프가 친정에 갔습니다. ,3287,2,0,0
2019-01-30 09:35:18.387403,13107502,32,1,2019-01-29 10:35:18, 와이프가 친정에 갔습니다. ,3291,4,0,0
2019-01-30 10:35:23.482614,13107502,32,1,2019-01-29 10:35:18, 와이프가 친정에 갔습니다. ,3294,3,0,0
