check_time,id,post_reply,post_symph,post_time,post_title,post_view,post_view_diff,post_reply_diff,post_symph_diff
2019-01-28 11:46:57.098313,13103725,34,7,2019-01-28 10:46:45, 새 집은 LG와 함께..jpg ,4850,4850,34,7
2019-01-28 12:46:49.267488,13103725,36,7,2019-01-28 10:46:45, 새 집은 LG와 함께..jpg ,5726,876,2,0
2019-01-28 13:46:54.323215,13103725,36,7,2019-01-28 10:46:45, 새 집은 LG와 함께..jpg ,6373,647,0,0
2019-01-28 14:46:46.438836,13103725,36,7,2019-01-28 10:46:45, 새 집은 LG와 함께..jpg ,6634,261,0,0
2019-01-28 15:46:51.450336,13103725,36,7,2019-01-28 10:46:45, 새 집은 LG와 함께..jpg ,6766,132,0,0
2019-01-28 16:46:56.539974,13103725,36,7,2019-01-28 10:46:45, 새 집은 LG와 함께..jpg ,6881,115,0,0
2019-01-28 17:46:48.574290,13103725,36,7,2019-01-28 10:46:45, 새 집은 LG와 함께..jpg ,6959,78,0,0
2019-01-28 18:46:53.745550,13103725,36,7,2019-01-28 10:46:45, 새 집은 LG와 함께..jpg ,7009,50,0,0
2019-01-28 19:46:45.944393,13103725,36,7,2019-01-28 10:46:45, 새 집은 LG와 함께..jpg ,7055,46,0,0
2019-01-28 20:46:51.033549,13103725,36,7,2019-01-28 10:46:45, 새 집은 LG와 함께..jpg ,7100,45,0,0
2019-01-28 21:46:56.320550,13103725,37,7,2019-01-28 10:46:45, 새 집은 LG와 함께..jpg ,7138,38,1,0
2019-01-28 22:46:48.547143,13103725,37,7,2019-01-28 10:46:45, 새 집은 LG와 함께..jpg ,7179,41,0,0
2019-01-28 23:46:53.747402,13103725,37,7,2019-01-28 10:46:45, 새 집은 LG와 함께..jpg ,7208,29,0,0
2019-01-29 00:46:46.006795,13103725,37,7,2019-01-28 10:46:45, 새 집은 LG와 함께..jpg ,7237,29,0,0
2019-01-29 01:46:51.022595,13103725,37,7,2019-01-28 10:46:45, 새 집은 LG와 함께..jpg ,7254,17,0,0
2019-01-29 02:46:56.380686,13103725,37,7,2019-01-28 10:46:45, 새 집은 LG와 함께..jpg ,7267,13,0,0
2019-01-29 03:46:48.481258,13103725,37,7,2019-01-28 10:46:45, 새 집은 LG와 함께..jpg ,7271,4,0,0
2019-01-29 04:46:53.602168,13103725,37,7,2019-01-28 10:46:45, 새 집은 LG와 함께..jpg ,7279,8,0,0
2019-01-29 05:46:45.729353,13103725,37,7,2019-01-28 10:46:45, 새 집은 LG와 함께..jpg ,7286,7,0,0
2019-01-29 06:46:50.739151,13103725,37,7,2019-01-28 10:46:45, 새 집은 LG와 함께..jpg ,7290,4,0,0
2019-01-29 07:46:55.903064,13103725,37,7,2019-01-28 10:46:45, 새 집은 LG와 함께..jpg ,7293,3,0,0
2019-01-29 08:46:48.191470,13103725,37,7,2019-01-28 10:46:45, 새 집은 LG와 함께..jpg ,7300,7,0,0
2019-01-29 09:46:53.223811,13103725,37,7,2019-01-28 10:46:45, 새 집은 LG와 함께..jpg ,7309,9,0,0
2019-01-29 10:46:45.352557,13103725,37,7,2019-01-28 10:46:45, 새 집은 LG와 함께..jpg ,7318,9,0,0
