check_time,id,post_reply,post_symph,post_time,post_title,post_view,post_view_diff,post_reply_diff,post_symph_diff
2019-01-29 11:47:12.450941,13107535,28,0,2019-01-29 10:47:09, 킹덤 김은희작가 인터뷰보니까(스포) ,3108,3108,28,0
2019-01-29 12:47:17.984784,13107535,28,0,2019-01-29 10:47:09, 킹덤 김은희작가 인터뷰보니까(스포) ,3615,507,0,0
2019-01-29 13:47:10.082329,13107535,28,0,2019-01-29 10:47:09, 킹덤 김은희작가 인터뷰보니까(스포) ,3932,317,0,0
2019-01-29 14:47:15.195247,13107535,28,0,2019-01-29 10:47:09, 킹덤 김은희작가 인터뷰보니까(스포) ,4063,131,0,0
2019-01-29 15:47:20.315893,13107535,28,0,2019-01-29 10:47:09, 킹덤 김은희작가 인터뷰보니까(스포) ,4117,54,0,0
2019-01-29 16:47:12.368140,13107535,28,0,2019-01-29 10:47:09, 킹덤 김은희작가 인터뷰보니까(스포) ,4157,40,0,0
2019-01-29 17:47:17.471850,13107535,28,0,2019-01-29 10:47:09, 킹덤 김은희작가 인터뷰보니까(스포) ,4189,32,0,0
2019-01-29 18:47:09.517311,13107535,28,0,2019-01-29 10:47:09, 킹덤 김은희작가 인터뷰보니까(스포) ,4212,23,0,0
2019-01-29 19:47:14.578135,13107535,28,0,2019-01-29 10:47:09, 킹덤 김은희작가 인터뷰보니까(스포) ,4227,15,0,0
2019-01-29 20:47:19.635447,13107535,28,0,2019-01-29 10:47:09, 킹덤 김은희작가 인터뷰보니까(스포) ,4252,25,0,0
2019-01-29 21:47:11.716974,13107535,28,0,2019-01-29 10:47:09, 킹덤 김은희작가 인터뷰보니까(스포) ,4275,23,0,0
2019-01-29 22:47:16.915092,13107535,28,0,2019-01-29 10:47:09, 킹덤 김은희작가 인터뷰보니까(스포) ,4297,22,0,0
2019-01-29 23:47:09.049193,13107535,28,0,2019-01-29 10:47:09, 킹덤 김은희작가 인터뷰보니까(스포) ,4317,20,0,0
2019-01-30 00:47:14.129629,13107535,28,0,2019-01-29 10:47:09, 킹덤 김은희작가 인터뷰보니까(스포) ,4335,18,0,0
2019-01-30 01:47:19.336461,13107535,28,0,2019-01-29 10:47:09, 킹덤 김은희작가 인터뷰보니까(스포) ,4352,17,0,0
2019-01-30 02:47:11.413129,13107535,28,0,2019-01-29 10:47:09, 킹덤 김은희작가 인터뷰보니까(스포) ,4364,12,0,0
2019-01-30 03:47:16.597310,13107535,28,0,2019-01-29 10:47:09, 킹덤 김은희작가 인터뷰보니까(스포) ,4375,11,0,0
2019-01-30 04:47:21.892357,13107535,28,0,2019-01-29 10:47:09, 킹덤 김은희작가 인터뷰보니까(스포) ,4381,6,0,0
2019-01-30 05:47:13.939026,13107535,28,0,2019-01-29 10:47:09, 킹덤 김은희작가 인터뷰보니까(스포) ,4384,3,0,0
2019-01-30 06:47:18.990459,13107535,28,0,2019-01-29 10:47:09, 킹덤 김은희작가 인터뷰보니까(스포) ,4387,3,0,0
2019-01-30 07:47:11.119830,13107535,28,0,2019-01-29 10:47:09, 킹덤 김은희작가 인터뷰보니까(스포) ,4395,8,0,0
2019-01-30 08:47:16.132272,13107535,28,0,2019-01-29 10:47:09, 킹덤 김은희작가 인터뷰보니까(스포) ,4400,5,0,0
2019-01-30 09:47:21.093331,13107535,28,0,2019-01-29 10:47:09, 킹덤 김은희작가 인터뷰보니까(스포) ,4406,6,0,0
2019-01-30 10:47:13.571060,13107535,28,0,2019-01-29 10:47:09, 킹덤 김은희작가 인터뷰보니까(스포) ,4416,10,0,0
