check_time,id,post_reply,post_symph,post_time,post_title,post_view,post_view_diff,post_reply_diff,post_symph_diff
2019-01-28 11:26:30.088134,13103657,1,0,2019-01-28 10:26:20, 둘째의 미소.. ,1306,1306,1,0
2019-01-28 12:26:22.222456,13103657,2,0,2019-01-28 10:26:20, 둘째의 미소.. ,1451,145,1,0
2019-01-28 13:26:27.363213,13103657,2,0,2019-01-28 10:26:20, 둘째의 미소.. ,1511,60,0,0
2019-01-28 14:26:32.447240,13103657,2,0,2019-01-28 10:26:20, 둘째의 미소.. ,1532,21,0,0
2019-01-28 15:26:24.561938,13103657,2,0,2019-01-28 10:26:20, 둘째의 미소.. ,1548,16,0,0
2019-01-28 16:26:29.644642,13103657,2,0,2019-01-28 10:26:20, 둘째의 미소.. ,1560,12,0,0
2019-01-28 17:26:21.697783,13103657,2,0,2019-01-28 10:26:20, 둘째의 미소.. ,1568,8,0,0
2019-01-28 18:26:26.986245,13103657,2,0,2019-01-28 10:26:20, 둘째의 미소.. ,1571,3,0,0
2019-01-28 19:26:32.166208,13103657,2,0,2019-01-28 10:26:20, 둘째의 미소.. ,1574,3,0,0
2019-01-28 20:26:24.282325,13103657,2,0,2019-01-28 10:26:20, 둘째의 미소.. ,1579,5,0,0
2019-01-28 21:26:29.375386,13103657,2,0,2019-01-28 10:26:20, 둘째의 미소.. ,1583,4,0,0
2019-01-28 22:26:21.373425,13103657,2,0,2019-01-28 10:26:20, 둘째의 미소.. ,1585,2,0,0
2019-01-28 23:26:26.502976,13103657,2,0,2019-01-28 10:26:20, 둘째의 미소.. ,1586,1,0,0
2019-01-29 00:26:31.545734,13103657,2,0,2019-01-28 10:26:20, 둘째의 미소.. ,1588,2,0,0
2019-01-29 01:26:23.610432,13103657,2,0,2019-01-28 10:26:20, 둘째의 미소.. ,1590,2,0,0
2019-01-29 02:26:28.913109,13103657,2,0,2019-01-28 10:26:20, 둘째의 미소.. ,1590,0,0,0
2019-01-29 03:26:20.939433,13103657,2,0,2019-01-28 10:26:20, 둘째의 미소.. ,1591,1,0,0
2019-01-29 04:26:25.993321,13103657,2,0,2019-01-28 10:26:20, 둘째의 미소.. ,1592,1,0,0
2019-01-29 05:26:31.217229,13103657,2,0,2019-01-28 10:26:20, 둘째의 미소.. ,1594,2,0,0
2019-01-29 06:26:23.213562,13103657,2,0,2019-01-28 10:26:20, 둘째의 미소.. ,1595,1,0,0
2019-01-29 07:26:28.227331,13103657,2,0,2019-01-28 10:26:20, 둘째의 미소.. ,1596,1,0,0
2019-01-29 08:26:20.221302,13103657,2,0,2019-01-28 10:26:20, 둘째의 미소.. ,1597,1,0,0
2019-01-29 09:26:25.287762,13103657,2,0,2019-01-28 10:26:20, 둘째의 미소.. ,1599,2,0,0
2019-01-29 10:26:30.338192,13103657,2,0,2019-01-28 10:26:20, 둘째의 미소.. ,1599,0,0,0
