check_time,id,post_reply,post_symph,post_time,post_title,post_view,post_view_diff,post_reply_diff,post_symph_diff
2019-01-30 11:32:24.730074,13111104,8,2,2019-01-30 10:32:14, 제 인생겜은 젤다뿐이네요 ,644,644,8,2
2019-01-30 12:32:16.913809,13111104,8,2,2019-01-30 10:32:14, 제 인생겜은 젤다뿐이네요 ,726,82,0,0
2019-01-30 13:32:21.943469,13111104,8,2,2019-01-30 10:32:14, 제 인생겜은 젤다뿐이네요 ,767,41,0,0
2019-01-30 14:32:14.007379,13111104,8,2,2019-01-30 10:32:14, 제 인생겜은 젤다뿐이네요 ,786,19,0,0
2019-01-30 15:32:19.053703,13111104,8,2,2019-01-30 10:32:14, 제 인생겜은 젤다뿐이네요 ,801,15,0,0
2019-01-30 16:32:24.102807,13111104,8,2,2019-01-30 10:32:14, 제 인생겜은 젤다뿐이네요 ,806,5,0,0
2019-01-30 17:32:16.081368,13111104,8,2,2019-01-30 10:32:14, 제 인생겜은 젤다뿐이네요 ,808,2,0,0
2019-01-30 18:32:21.115683,13111104,8,2,2019-01-30 10:32:14, 제 인생겜은 젤다뿐이네요 ,812,4,0,0
2019-01-30 19:32:26.147963,13111104,8,2,2019-01-30 10:32:14, 제 인생겜은 젤다뿐이네요 ,814,2,0,0
2019-01-30 20:32:18.289574,13111104,8,2,2019-01-30 10:32:14, 제 인생겜은 젤다뿐이네요 ,816,2,0,0
2019-01-30 21:32:23.580632,13111104,8,2,2019-01-30 10:32:14, 제 인생겜은 젤다뿐이네요 ,817,1,0,0
2019-01-30 22:32:15.699653,13111104,8,2,2019-01-30 10:32:14, 제 인생겜은 젤다뿐이네요 ,819,2,0,0
2019-01-30 23:32:20.831685,13111104,8,2,2019-01-30 10:32:14, 제 인생겜은 젤다뿐이네요 ,823,4,0,0
2019-01-31 00:32:25.820428,13111104,8,2,2019-01-30 10:32:14, 제 인생겜은 젤다뿐이네요 ,824,1,0,0
2019-01-31 01:32:17.822118,13111104,8,2,2019-01-30 10:32:14, 제 인생겜은 젤다뿐이네요 ,829,5,0,0
2019-01-31 02:32:23.111221,13111104,8,2,2019-01-30 10:32:14, 제 인생겜은 젤다뿐이네요 ,829,0,0,0
2019-01-31 03:32:15.167923,13111104,8,2,2019-01-30 10:32:14, 제 인생겜은 젤다뿐이네요 ,831,2,0,0
2019-01-31 04:32:20.557080,13111104,8,2,2019-01-30 10:32:14, 제 인생겜은 젤다뿐이네요 ,833,2,0,0
2019-01-31 05:32:25.905843,13111104,8,2,2019-01-30 10:32:14, 제 인생겜은 젤다뿐이네요 ,835,2,0,0
2019-01-31 06:32:18.011760,13111104,8,2,2019-01-30 10:32:14, 제 인생겜은 젤다뿐이네요 ,837,2,0,0
2019-01-31 07:32:23.169237,13111104,8,2,2019-01-30 10:32:14, 제 인생겜은 젤다뿐이네요 ,838,1,0,0
2019-01-31 08:32:15.253674,13111104,8,2,2019-01-30 10:32:14, 제 인생겜은 젤다뿐이네요 ,839,1,0,0
2019-01-31 09:32:20.377731,13111104,8,2,2019-01-30 10:32:14, 제 인생겜은 젤다뿐이네요 ,841,2,0,0
2019-01-31 10:32:25.454522,13111104,8,2,2019-01-30 10:32:14, 제 인생겜은 젤다뿐이네요 ,841,0,0,0
