check_time,id,post_reply,post_symph,post_time,post_title,post_view,post_view_diff,post_reply_diff,post_symph_diff
2019-01-27 11:27:23.050125,13100476,6,1,2019-01-27 10:27:16, 10년전 메이플계정에서 까먹은 메소찾음.jpg ,1937,1937,6,1
2019-01-27 12:27:28.318231,13100476,6,1,2019-01-27 10:27:16, 10년전 메이플계정에서 까먹은 메소찾음.jpg ,2305,368,0,0
2019-01-27 13:27:20.466680,13100476,6,1,2019-01-27 10:27:16, 10년전 메이플계정에서 까먹은 메소찾음.jpg ,2432,127,0,0
2019-01-27 14:27:25.476168,13100476,6,1,2019-01-27 10:27:16, 10년전 메이플계정에서 까먹은 메소찾음.jpg ,2509,77,0,0
2019-01-27 15:27:17.588000,13100476,6,1,2019-01-27 10:27:16, 10년전 메이플계정에서 까먹은 메소찾음.jpg ,2548,39,0,0
2019-01-27 16:27:22.636906,13100476,6,1,2019-01-27 10:27:16, 10년전 메이플계정에서 까먹은 메소찾음.jpg ,2569,21,0,0
2019-01-27 17:27:27.706251,13100476,6,1,2019-01-27 10:27:16, 10년전 메이플계정에서 까먹은 메소찾음.jpg ,2578,9,0,0
2019-01-27 18:27:20.706876,13100476,6,1,2019-01-27 10:27:16, 10년전 메이플계정에서 까먹은 메소찾음.jpg ,2583,5,0,0
2019-01-27 19:27:25.785634,13100476,6,1,2019-01-27 10:27:16, 10년전 메이플계정에서 까먹은 메소찾음.jpg ,2594,11,0,0
2019-01-27 20:27:18.379521,13100476,6,1,2019-01-27 10:27:16, 10년전 메이플계정에서 까먹은 메소찾음.jpg ,2598,4,0,0
2019-01-27 21:27:23.421773,13100476,6,1,2019-01-27 10:27:16, 10년전 메이플계정에서 까먹은 메소찾음.jpg ,2601,3,0,0
2019-01-27 22:27:28.404442,13100476,6,1,2019-01-27 10:27:16, 10년전 메이플계정에서 까먹은 메소찾음.jpg ,2609,8,0,0
2019-01-27 23:27:20.760669,13100476,6,1,2019-01-27 10:27:16, 10년전 메이플계정에서 까먹은 메소찾음.jpg ,2613,4,0,0
2019-01-28 00:27:26.000635,13100476,6,1,2019-01-27 10:27:16, 10년전 메이플계정에서 까먹은 메소찾음.jpg ,2614,1,0,0
2019-01-28 01:27:18.038123,13100476,6,1,2019-01-27 10:27:16, 10년전 메이플계정에서 까먹은 메소찾음.jpg ,2618,4,0,0
2019-01-28 02:27:23.130455,13100476,6,1,2019-01-27 10:27:16, 10년전 메이플계정에서 까먹은 메소찾음.jpg ,2620,2,0,0
2019-01-28 03:27:28.166816,13100476,6,1,2019-01-27 10:27:16, 10년전 메이플계정에서 까먹은 메소찾음.jpg ,2622,2,0,0
2019-01-28 04:27:20.163566,13100476,6,1,2019-01-27 10:27:16, 10년전 메이플계정에서 까먹은 메소찾음.jpg ,2623,1,0,0
2019-01-28 05:27:25.215787,13100476,6,1,2019-01-27 10:27:16, 10년전 메이플계정에서 까먹은 메소찾음.jpg ,2626,3,0,0
2019-01-28 06:27:17.230729,13100476,6,1,2019-01-27 10:27:16, 10년전 메이플계정에서 까먹은 메소찾음.jpg ,2628,2,0,0
2019-01-28 07:27:22.266806,13100476,6,1,2019-01-27 10:27:16, 10년전 메이플계정에서 까먹은 메소찾음.jpg ,2631,3,0,0
2019-01-28 08:27:27.447730,13100476,6,1,2019-01-27 10:27:16, 10년전 메이플계정에서 까먹은 메소찾음.jpg ,2633,2,0,0
2019-01-28 09:27:19.520979,13100476,6,1,2019-01-27 10:27:16, 10년전 메이플계정에서 까먹은 메소찾음.jpg ,2634,1,0,0
2019-01-28 10:27:24.679200,13100476,6,1,2019-01-27 10:27:16, 10년전 메이플계정에서 까먹은 메소찾음.jpg ,2636,2,0,0
