check_time,id,post_reply,post_symph,post_time,post_title,post_view,post_view_diff,post_reply_diff,post_symph_diff
2019-01-28 11:17:40.784404,13103622,17,0,2019-01-28 10:17:30, 요새 공무원은 담당자가 바뀌면 전화번호가 바뀌네요. ,1333,1333,17,0
2019-01-28 12:17:32.907529,13103622,17,0,2019-01-28 10:17:30, 요새 공무원은 담당자가 바뀌면 전화번호가 바뀌네요. ,1488,155,0,0
2019-01-28 13:17:38.006030,13103622,17,0,2019-01-28 10:17:30, 요새 공무원은 담당자가 바뀌면 전화번호가 바뀌네요. ,1568,80,0,0
2019-01-28 14:17:30.049895,13103622,17,0,2019-01-28 10:17:30, 요새 공무원은 담당자가 바뀌면 전화번호가 바뀌네요. ,1596,28,0,0
2019-01-28 15:17:35.069024,13103622,17,0,2019-01-28 10:17:30, 요새 공무원은 담당자가 바뀌면 전화번호가 바뀌네요. ,1610,14,0,0
2019-01-28 16:17:40.109903,13103622,17,0,2019-01-28 10:17:30, 요새 공무원은 담당자가 바뀌면 전화번호가 바뀌네요. ,1619,9,0,0
2019-01-28 17:17:32.377589,13103622,17,0,2019-01-28 10:17:30, 요새 공무원은 담당자가 바뀌면 전화번호가 바뀌네요. ,1630,11,0,0
2019-01-28 18:17:37.426468,13103622,17,0,2019-01-28 10:17:30, 요새 공무원은 담당자가 바뀌면 전화번호가 바뀌네요. ,1632,2,0,0
2019-01-28 19:17:42.557647,13103622,17,0,2019-01-28 10:17:30, 요새 공무원은 담당자가 바뀌면 전화번호가 바뀌네요. ,1636,4,0,0
2019-01-28 20:17:34.665528,13103622,17,0,2019-01-28 10:17:30, 요새 공무원은 담당자가 바뀌면 전화번호가 바뀌네요. ,1640,4,0,0
2019-01-28 21:17:39.704739,13103622,17,0,2019-01-28 10:17:30, 요새 공무원은 담당자가 바뀌면 전화번호가 바뀌네요. ,1644,4,0,0
2019-01-28 22:17:31.798861,13103622,17,0,2019-01-28 10:17:30, 요새 공무원은 담당자가 바뀌면 전화번호가 바뀌네요. ,1648,4,0,0
2019-01-28 23:17:36.986187,13103622,17,0,2019-01-28 10:17:30, 요새 공무원은 담당자가 바뀌면 전화번호가 바뀌네요. ,1652,4,0,0
2019-01-29 00:17:42.119311,13103622,17,0,2019-01-28 10:17:30, 요새 공무원은 담당자가 바뀌면 전화번호가 바뀌네요. ,1653,1,0,0
2019-01-29 01:17:34.207468,13103622,17,0,2019-01-28 10:17:30, 요새 공무원은 담당자가 바뀌면 전화번호가 바뀌네요. ,1656,3,0,0
2019-01-29 02:17:39.339038,13103622,17,0,2019-01-28 10:17:30, 요새 공무원은 담당자가 바뀌면 전화번호가 바뀌네요. ,1658,2,0,0
2019-01-29 03:17:31.442896,13103622,17,0,2019-01-28 10:17:30, 요새 공무원은 담당자가 바뀌면 전화번호가 바뀌네요. ,1659,1,0,0
2019-01-29 04:17:36.578679,13103622,17,0,2019-01-28 10:17:30, 요새 공무원은 담당자가 바뀌면 전화번호가 바뀌네요. ,1660,1,0,0
2019-01-29 05:17:41.776819,13103622,17,0,2019-01-28 10:17:30, 요새 공무원은 담당자가 바뀌면 전화번호가 바뀌네요. ,1663,3,0,0
2019-01-29 06:17:34.008159,13103622,17,0,2019-01-28 10:17:30, 요새 공무원은 담당자가 바뀌면 전화번호가 바뀌네요. ,1664,1,0,0
2019-01-29 07:17:39.162455,13103622,17,0,2019-01-28 10:17:30, 요새 공무원은 담당자가 바뀌면 전화번호가 바뀌네요. ,1666,2,0,0
2019-01-29 08:17:31.247559,13103622,17,0,2019-01-28 10:17:30, 요새 공무원은 담당자가 바뀌면 전화번호가 바뀌네요. ,1667,1,0,0
2019-01-29 09:17:36.349377,13103622,17,0,2019-01-28 10:17:30, 요새 공무원은 담당자가 바뀌면 전화번호가 바뀌네요. ,1671,4,0,0
2019-01-29 10:17:41.429175,13103622,17,0,2019-01-28 10:17:30, 요새 공무원은 담당자가 바뀌면 전화번호가 바뀌네요. ,1672,1,0,0
