check_time,id,post_reply,post_symph,post_time,post_title,post_view,post_view_diff,post_reply_diff,post_symph_diff
2019-01-28 11:31:59.496302,13103679,0,0,2019-01-28 10:31:55, 복싱] 카넬로 알바레즈의 5월4일 경기 상대는 제이콥스네요. 다음은 GGG? ,237,237,0,0
2019-01-28 12:32:04.573840,13103679,0,0,2019-01-28 10:31:55, 복싱] 카넬로 알바레즈의 5월4일 경기 상대는 제이콥스네요. 다음은 GGG? ,263,26,0,0
2019-01-28 13:31:56.777109,13103679,0,0,2019-01-28 10:31:55, 복싱] 카넬로 알바레즈의 5월4일 경기 상대는 제이콥스네요. 다음은 GGG? ,271,8,0,0
2019-01-28 14:32:01.855276,13103679,0,0,2019-01-28 10:31:55, 복싱] 카넬로 알바레즈의 5월4일 경기 상대는 제이콥스네요. 다음은 GGG? ,281,10,0,0
2019-01-28 15:32:06.885729,13103679,0,0,2019-01-28 10:31:55, 복싱] 카넬로 알바레즈의 5월4일 경기 상대는 제이콥스네요. 다음은 GGG? ,289,8,0,0
2019-01-28 16:31:58.951813,13103679,0,0,2019-01-28 10:31:55, 복싱] 카넬로 알바레즈의 5월4일 경기 상대는 제이콥스네요. 다음은 GGG? ,292,3,0,0
2019-01-28 17:32:04.041662,13103679,0,0,2019-01-28 10:31:55, 복싱] 카넬로 알바레즈의 5월4일 경기 상대는 제이콥스네요. 다음은 GGG? ,293,1,0,0
2019-01-28 18:31:56.115568,13103679,0,0,2019-01-28 10:31:55, 복싱] 카넬로 알바레즈의 5월4일 경기 상대는 제이콥스네요. 다음은 GGG? ,295,2,0,0
2019-01-28 19:32:01.296397,13103679,0,0,2019-01-28 10:31:55, 복싱] 카넬로 알바레즈의 5월4일 경기 상대는 제이콥스네요. 다음은 GGG? ,296,1,0,0
2019-01-28 20:32:06.417792,13103679,0,0,2019-01-28 10:31:55, 복싱] 카넬로 알바레즈의 5월4일 경기 상대는 제이콥스네요. 다음은 GGG? ,297,1,0,0
2019-01-28 21:31:58.485510,13103679,0,0,2019-01-28 10:31:55, 복싱] 카넬로 알바레즈의 5월4일 경기 상대는 제이콥스네요. 다음은 GGG? ,299,2,0,0
2019-01-28 22:32:03.567907,13103679,0,0,2019-01-28 10:31:55, 복싱] 카넬로 알바레즈의 5월4일 경기 상대는 제이콥스네요. 다음은 GGG? ,300,1,0,0
2019-01-28 23:31:55.592199,13103679,0,0,2019-01-28 10:31:55, 복싱] 카넬로 알바레즈의 5월4일 경기 상대는 제이콥스네요. 다음은 GGG? ,302,2,0,0
2019-01-29 00:32:00.613325,13103679,0,0,2019-01-28 10:31:55, 복싱] 카넬로 알바레즈의 5월4일 경기 상대는 제이콥스네요. 다음은 GGG? ,304,2,0,0
2019-01-29 01:32:05.699716,13103679,0,0,2019-01-28 10:31:55, 복싱] 카넬로 알바레즈의 5월4일 경기 상대는 제이콥스네요. 다음은 GGG? ,306,2,0,0
2019-01-29 02:31:57.946858,13103679,0,0,2019-01-28 10:31:55, 복싱] 카넬로 알바레즈의 5월4일 경기 상대는 제이콥스네요. 다음은 GGG? ,307,1,0,0
2019-01-29 03:32:03.023645,13103679,0,0,2019-01-28 10:31:55, 복싱] 카넬로 알바레즈의 5월4일 경기 상대는 제이콥스네요. 다음은 GGG? ,308,1,0,0
2019-01-29 04:31:55.207342,13103679,0,0,2019-01-28 10:31:55, 복싱] 카넬로 알바레즈의 5월4일 경기 상대는 제이콥스네요. 다음은 GGG? ,309,1,0,0
2019-01-29 05:32:00.277065,13103679,0,0,2019-01-28 10:31:55, 복싱] 카넬로 알바레즈의 5월4일 경기 상대는 제이콥스네요. 다음은 GGG? ,310,1,0,0
2019-01-29 06:32:05.333300,13103679,0,0,2019-01-28 10:31:55, 복싱] 카넬로 알바레즈의 5월4일 경기 상대는 제이콥스네요. 다음은 GGG? ,311,1,0,0
2019-01-29 07:31:57.367217,13103679,0,0,2019-01-28 10:31:55, 복싱] 카넬로 알바레즈의 5월4일 경기 상대는 제이콥스네요. 다음은 GGG? ,313,2,0,0
2019-01-29 08:32:02.450475,13103679,0,0,2019-01-28 10:31:55, 복싱] 카넬로 알바레즈의 5월4일 경기 상대는 제이콥스네요. 다음은 GGG? ,313,0,0,0
2019-01-29 09:32:07.537245,13103679,0,0,2019-01-28 10:31:55, 복싱] 카넬로 알바레즈의 5월4일 경기 상대는 제이콥스네요. 다음은 GGG? ,314,1,0,0
2019-01-29 10:31:59.703888,13103679,0,0,2019-01-28 10:31:55, 복싱] 카넬로 알바레즈의 5월4일 경기 상대는 제이콥스네요. 다음은 GGG? ,315,1,0,0
