check_time,id,post_reply,post_symph,post_time,post_title,post_view,post_view_diff,post_reply_diff,post_symph_diff
2019-01-24 11:16:59.730857,13088373,0,0,2019-01-24 10:16:57, 부럽습니다 플스사신분들.. ,809,809,0,0
2019-01-24 12:17:04.769836,13088373,0,0,2019-01-24 10:16:57, 부럽습니다 플스사신분들.. ,833,24,0,0
2019-01-24 13:16:57.071442,13088373,0,0,2019-01-24 10:16:57, 부럽습니다 플스사신분들.. ,841,8,0,0
2019-01-24 14:17:02.387855,13088373,0,0,2019-01-24 10:16:57, 부럽습니다 플스사신분들.. ,844,3,0,0
2019-01-24 15:17:07.532977,13088373,0,0,2019-01-24 10:16:57, 부럽습니다 플스사신분들.. ,846,2,0,0
2019-01-24 16:16:59.611692,13088373,0,0,2019-01-24 10:16:57, 부럽습니다 플스사신분들.. ,850,4,0,0
2019-01-24 17:17:04.690365,13088373,0,0,2019-01-24 10:16:57, 부럽습니다 플스사신분들.. ,854,4,0,0
2019-01-24 18:16:57.048270,13088373,0,0,2019-01-24 10:16:57, 부럽습니다 플스사신분들.. ,855,1,0,0
2019-01-24 19:17:02.190485,13088373,0,0,2019-01-24 10:16:57, 부럽습니다 플스사신분들.. ,858,3,0,0
2019-01-24 20:17:07.237013,13088373,0,0,2019-01-24 10:16:57, 부럽습니다 플스사신분들.. ,858,0,0,0
2019-01-24 21:17:00.773297,13088373,0,0,2019-01-24 10:16:57, 부럽습니다 플스사신분들.. ,860,2,0,0
2019-01-24 22:17:06.036758,13088373,0,0,2019-01-24 10:16:57, 부럽습니다 플스사신분들.. ,860,0,0,0
2019-01-24 23:16:58.351724,13088373,0,0,2019-01-24 10:16:57, 부럽습니다 플스사신분들.. ,863,3,0,0
2019-01-25 00:17:03.712944,13088373,0,0,2019-01-24 10:16:57, 부럽습니다 플스사신분들.. ,866,3,0,0
2019-01-25 01:17:09.367668,13088373,0,0,2019-01-24 10:16:57, 부럽습니다 플스사신분들.. ,868,2,0,0
2019-01-25 02:17:01.692514,13088373,0,0,2019-01-24 10:16:57, 부럽습니다 플스사신분들.. ,869,1,0,0
2019-01-25 03:17:07.082863,13088373,0,0,2019-01-24 10:16:57, 부럽습니다 플스사신분들.. ,871,2,0,0
2019-01-25 04:16:59.498614,13088373,0,0,2019-01-24 10:16:57, 부럽습니다 플스사신분들.. ,872,1,0,0
2019-01-25 05:17:04.754907,13088373,0,0,2019-01-24 10:16:57, 부럽습니다 플스사신분들.. ,873,1,0,0
2019-01-25 06:16:57.079995,13088373,0,0,2019-01-24 10:16:57, 부럽습니다 플스사신분들.. ,874,1,0,0
2019-01-25 07:17:02.300544,13088373,0,0,2019-01-24 10:16:57, 부럽습니다 플스사신분들.. ,876,2,0,0
2019-01-25 08:17:07.640189,13088373,0,0,2019-01-24 10:16:57, 부럽습니다 플스사신분들.. ,877,1,0,0
2019-01-25 09:17:00.242278,13088373,0,0,2019-01-24 10:16:57, 부럽습니다 플스사신분들.. ,879,2,0,0
2019-01-25 10:17:07.261183,13088373,0,0,2019-01-24 10:16:57, 부럽습니다 플스사신분들.. ,880,1,0,0
