check_time,id,post_reply,post_symph,post_time,post_title,post_view,post_view_diff,post_reply_diff,post_symph_diff
2019-01-27 11:55:45.667638,13100543,11,0,2019-01-27 10:55:39, [약약스포?] 뮤지컬 라이온킹 내한공연 중 누락된 곡이 있는 것 같아요... ,815,815,11,0
2019-01-27 12:55:50.694163,13100543,11,0,2019-01-27 10:55:39, [약약스포?] 뮤지컬 라이온킹 내한공연 중 누락된 곡이 있는 것 같아요... ,916,101,0,0
2019-01-27 13:55:42.831215,13100543,11,0,2019-01-27 10:55:39, [약약스포?] 뮤지컬 라이온킹 내한공연 중 누락된 곡이 있는 것 같아요... ,967,51,0,0
2019-01-27 14:55:47.951613,13100543,11,0,2019-01-27 10:55:39, [약약스포?] 뮤지컬 라이온킹 내한공연 중 누락된 곡이 있는 것 같아요... ,992,25,0,0
2019-01-27 15:55:40.080993,13100543,11,0,2019-01-27 10:55:39, [약약스포?] 뮤지컬 라이온킹 내한공연 중 누락된 곡이 있는 것 같아요... ,1003,11,0,0
2019-01-27 16:55:45.214786,13100543,11,0,2019-01-27 10:55:39, [약약스포?] 뮤지컬 라이온킹 내한공연 중 누락된 곡이 있는 것 같아요... ,1011,8,0,0
2019-01-27 17:55:50.481799,13100543,11,0,2019-01-27 10:55:39, [약약스포?] 뮤지컬 라이온킹 내한공연 중 누락된 곡이 있는 것 같아요... ,1017,6,0,0
2019-01-27 18:55:42.639799,13100543,11,0,2019-01-27 10:55:39, [약약스포?] 뮤지컬 라이온킹 내한공연 중 누락된 곡이 있는 것 같아요... ,1023,6,0,0
2019-01-27 19:55:47.666186,13100543,11,0,2019-01-27 10:55:39, [약약스포?] 뮤지컬 라이온킹 내한공연 중 누락된 곡이 있는 것 같아요... ,1029,6,0,0
2019-01-27 20:55:39.809827,13100543,11,0,2019-01-27 10:55:39, [약약스포?] 뮤지컬 라이온킹 내한공연 중 누락된 곡이 있는 것 같아요... ,1031,2,0,0
2019-01-27 21:55:44.899904,13100543,11,0,2019-01-27 10:55:39, [약약스포?] 뮤지컬 라이온킹 내한공연 중 누락된 곡이 있는 것 같아요... ,1035,4,0,0
2019-01-27 22:55:49.938798,13100543,11,0,2019-01-27 10:55:39, [약약스포?] 뮤지컬 라이온킹 내한공연 중 누락된 곡이 있는 것 같아요... ,1040,5,0,0
2019-01-27 23:55:42.169718,13100543,11,0,2019-01-27 10:55:39, [약약스포?] 뮤지컬 라이온킹 내한공연 중 누락된 곡이 있는 것 같아요... ,1043,3,0,0
2019-01-28 00:55:47.266251,13100543,13,0,2019-01-27 10:55:39, [약약스포?] 뮤지컬 라이온킹 내한공연 중 누락된 곡이 있는 것 같아요... ,1051,8,2,0
2019-01-28 01:55:39.230141,13100543,13,0,2019-01-27 10:55:39, [약약스포?] 뮤지컬 라이온킹 내한공연 중 누락된 곡이 있는 것 같아요... ,1055,4,0,0
2019-01-28 02:55:44.321551,13100543,13,0,2019-01-27 10:55:39, [약약스포?] 뮤지컬 라이온킹 내한공연 중 누락된 곡이 있는 것 같아요... ,1060,5,0,0
2019-01-28 03:55:49.386699,13100543,13,0,2019-01-27 10:55:39, [약약스포?] 뮤지컬 라이온킹 내한공연 중 누락된 곡이 있는 것 같아요... ,1063,3,0,0
2019-01-28 04:55:41.360301,13100543,13,0,2019-01-27 10:55:39, [약약스포?] 뮤지컬 라이온킹 내한공연 중 누락된 곡이 있는 것 같아요... ,1065,2,0,0
2019-01-28 05:55:46.373890,13100543,13,0,2019-01-27 10:55:39, [약약스포?] 뮤지컬 라이온킹 내한공연 중 누락된 곡이 있는 것 같아요... ,1066,1,0,0
2019-01-28 06:55:51.429610,13100543,13,0,2019-01-27 10:55:39, [약약스포?] 뮤지컬 라이온킹 내한공연 중 누락된 곡이 있는 것 같아요... ,1068,2,0,0
2019-01-28 07:55:43.458634,13100543,13,0,2019-01-27 10:55:39, [약약스포?] 뮤지컬 라이온킹 내한공연 중 누락된 곡이 있는 것 같아요... ,1069,1,0,0
2019-01-28 08:55:48.599840,13100543,13,0,2019-01-27 10:55:39, [약약스포?] 뮤지컬 라이온킹 내한공연 중 누락된 곡이 있는 것 같아요... ,1071,2,0,0
2019-01-28 09:55:40.729503,13100543,13,0,2019-01-27 10:55:39, [약약스포?] 뮤지컬 라이온킹 내한공연 중 누락된 곡이 있는 것 같아요... ,1073,2,0,0
2019-01-28 10:55:45.833729,13100543,13,0,2019-01-27 10:55:39, [약약스포?] 뮤지컬 라이온킹 내한공연 중 누락된 곡이 있는 것 같아요... ,1076,3,0,0
