check_time,id,post_reply,post_symph,post_time,post_title,post_view,post_view_diff,post_reply_diff,post_symph_diff
2019-01-26 11:57:13.876700,13097371,10,3,2019-01-26 10:57:13, 스압)포켓몬스터 로켓단 로사의 이야기.jpg ,1570,1570,10,3
2019-01-26 12:57:18.953779,13097371,12,3,2019-01-26 10:57:13, 스압)포켓몬스터 로켓단 로사의 이야기.jpg ,1858,288,2,0
2019-01-26 13:57:24.057689,13097371,13,4,2019-01-26 10:57:13, 스압)포켓몬스터 로켓단 로사의 이야기.jpg ,1988,130,1,1
2019-01-26 14:57:16.320951,13097371,13,4,2019-01-26 10:57:13, 스압)포켓몬스터 로켓단 로사의 이야기.jpg ,2027,39,0,0
2019-01-26 15:57:21.403830,13097371,13,4,2019-01-26 10:57:13, 스압)포켓몬스터 로켓단 로사의 이야기.jpg ,2064,37,0,0
2019-01-26 16:57:13.515936,13097371,13,4,2019-01-26 10:57:13, 스압)포켓몬스터 로켓단 로사의 이야기.jpg ,2084,20,0,0
2019-01-26 17:57:18.645158,13097371,13,4,2019-01-26 10:57:13, 스압)포켓몬스터 로켓단 로사의 이야기.jpg ,2103,19,0,0
2019-01-26 18:57:23.743608,13097371,13,4,2019-01-26 10:57:13, 스압)포켓몬스터 로켓단 로사의 이야기.jpg ,2117,14,0,0
2019-01-26 19:57:15.800666,13097371,13,4,2019-01-26 10:57:13, 스압)포켓몬스터 로켓단 로사의 이야기.jpg ,2130,13,0,0
2019-01-26 20:57:20.973980,13097371,13,4,2019-01-26 10:57:13, 스압)포켓몬스터 로켓단 로사의 이야기.jpg ,2137,7,0,0
2019-01-26 21:57:13.020386,13097371,13,4,2019-01-26 10:57:13, 스압)포켓몬스터 로켓단 로사의 이야기.jpg ,2145,8,0,0
2019-01-26 22:57:18.054053,13097371,13,4,2019-01-26 10:57:13, 스압)포켓몬스터 로켓단 로사의 이야기.jpg ,2153,8,0,0
2019-01-26 23:57:23.129174,13097371,13,4,2019-01-26 10:57:13, 스압)포켓몬스터 로켓단 로사의 이야기.jpg ,2163,10,0,0
2019-01-27 00:57:15.147053,13097371,13,4,2019-01-26 10:57:13, 스압)포켓몬스터 로켓단 로사의 이야기.jpg ,2173,10,0,0
2019-01-27 01:57:20.375237,13097371,13,4,2019-01-26 10:57:13, 스압)포켓몬스터 로켓단 로사의 이야기.jpg ,2180,7,0,0
2019-01-27 02:57:25.427493,13097371,13,4,2019-01-26 10:57:13, 스압)포켓몬스터 로켓단 로사의 이야기.jpg ,2185,5,0,0
2019-01-27 03:57:17.471469,13097371,13,4,2019-01-26 10:57:13, 스압)포켓몬스터 로켓단 로사의 이야기.jpg ,2191,6,0,0
2019-01-27 04:57:22.537557,13097371,13,4,2019-01-26 10:57:13, 스압)포켓몬스터 로켓단 로사의 이야기.jpg ,2192,1,0,0
2019-01-27 05:57:14.555946,13097371,13,4,2019-01-26 10:57:13, 스압)포켓몬스터 로켓단 로사의 이야기.jpg ,2195,3,0,0
2019-01-27 06:57:19.830934,13097371,13,4,2019-01-26 10:57:13, 스압)포켓몬스터 로켓단 로사의 이야기.jpg ,2198,3,0,0
2019-01-27 07:57:25.014479,13097371,13,4,2019-01-26 10:57:13, 스압)포켓몬스터 로켓단 로사의 이야기.jpg ,2201,3,0,0
2019-01-27 08:57:17.065931,13097371,13,4,2019-01-26 10:57:13, 스압)포켓몬스터 로켓단 로사의 이야기.jpg ,2203,2,0,0
2019-01-27 09:57:22.085875,13097371,13,4,2019-01-26 10:57:13, 스압)포켓몬스터 로켓단 로사의 이야기.jpg ,2207,4,0,0
2019-01-27 10:57:14.295618,13097371,13,4,2019-01-26 10:57:13, 스압)포켓몬스터 로켓단 로사의 이야기.jpg ,2214,7,0,0
