check_time,id,post_reply,post_symph,post_time,post_title,post_view,post_view_diff,post_reply_diff,post_symph_diff
2019-01-28 11:22:07.802852,13103636,11,2,2019-01-28 10:21:55, 이지훈의 피부관리 비결.jpg ,4225,4225,11,2
2019-01-28 12:22:00.248469,13103636,12,2,2019-01-28 10:21:55, 이지훈의 피부관리 비결.jpg ,4946,721,1,0
2019-01-28 13:22:05.663719,13103636,12,2,2019-01-28 10:21:55, 이지훈의 피부관리 비결.jpg ,5358,412,0,0
2019-01-28 14:21:57.742822,13103636,12,2,2019-01-28 10:21:55, 이지훈의 피부관리 비결.jpg ,5537,179,0,0
2019-01-28 15:22:02.939980,13103636,12,2,2019-01-28 10:21:55, 이지훈의 피부관리 비결.jpg ,5638,101,0,0
2019-01-28 16:21:55.257818,13103636,12,2,2019-01-28 10:21:55, 이지훈의 피부관리 비결.jpg ,5732,94,0,0
2019-01-28 17:22:01.371550,13103636,12,2,2019-01-28 10:21:55, 이지훈의 피부관리 비결.jpg ,5799,67,0,0
2019-01-28 18:22:06.719373,13103636,12,2,2019-01-28 10:21:55, 이지훈의 피부관리 비결.jpg ,5850,51,0,0
2019-01-28 19:21:58.837264,13103636,12,2,2019-01-28 10:21:55, 이지훈의 피부관리 비결.jpg ,5895,45,0,0
2019-01-28 20:22:04.291275,13103636,12,2,2019-01-28 10:21:55, 이지훈의 피부관리 비결.jpg ,5930,35,0,0
2019-01-28 21:21:56.493772,13103636,12,2,2019-01-28 10:21:55, 이지훈의 피부관리 비결.jpg ,5972,42,0,0
2019-01-28 22:22:01.878219,13103636,12,2,2019-01-28 10:21:55, 이지훈의 피부관리 비결.jpg ,5987,15,0,0
2019-01-28 23:22:07.007290,13103636,12,2,2019-01-28 10:21:55, 이지훈의 피부관리 비결.jpg ,6003,16,0,0
2019-01-29 00:21:59.235860,13103636,12,2,2019-01-28 10:21:55, 이지훈의 피부관리 비결.jpg ,6014,11,0,0
2019-01-29 01:22:04.289747,13103636,12,2,2019-01-28 10:21:55, 이지훈의 피부관리 비결.jpg ,6023,9,0,0
2019-01-29 02:21:56.369086,13103636,12,2,2019-01-28 10:21:55, 이지훈의 피부관리 비결.jpg ,6030,7,0,0
2019-01-29 03:22:01.482762,13103636,12,2,2019-01-28 10:21:55, 이지훈의 피부관리 비결.jpg ,6038,8,0,0
2019-01-29 04:22:06.600823,13103636,12,2,2019-01-28 10:21:55, 이지훈의 피부관리 비결.jpg ,6041,3,0,0
2019-01-29 05:21:58.640294,13103636,12,2,2019-01-28 10:21:55, 이지훈의 피부관리 비결.jpg ,6044,3,0,0
2019-01-29 06:22:03.654574,13103636,12,2,2019-01-28 10:21:55, 이지훈의 피부관리 비결.jpg ,6045,1,0,0
2019-01-29 07:21:55.580880,13103636,12,2,2019-01-28 10:21:55, 이지훈의 피부관리 비결.jpg ,6047,2,0,0
2019-01-29 08:22:00.656215,13103636,12,2,2019-01-28 10:21:55, 이지훈의 피부관리 비결.jpg ,6051,4,0,0
2019-01-29 09:22:05.695300,13103636,12,2,2019-01-28 10:21:55, 이지훈의 피부관리 비결.jpg ,6054,3,0,0
2019-01-29 10:21:57.900378,13103636,12,2,2019-01-28 10:21:55, 이지훈의 피부관리 비결.jpg ,6058,4,0,0
