check_time,id,post_reply,post_symph,post_time,post_title,post_view,post_view_diff,post_reply_diff,post_symph_diff
2019-01-24 11:22:15.020325,13088403,1,0,2019-01-24 10:22:03, 모공 보고있으니 이미 플스있는데도 구매욕구가 생길라하네요. ,275,275,1,0
2019-01-24 12:22:07.148747,13088403,1,0,2019-01-24 10:22:03, 모공 보고있으니 이미 플스있는데도 구매욕구가 생길라하네요. ,283,8,0,0
2019-01-24 13:22:12.319864,13088403,1,0,2019-01-24 10:22:03, 모공 보고있으니 이미 플스있는데도 구매욕구가 생길라하네요. ,290,7,0,0
2019-01-24 14:22:04.567171,13088403,1,0,2019-01-24 10:22:03, 모공 보고있으니 이미 플스있는데도 구매욕구가 생길라하네요. ,293,3,0,0
2019-01-24 15:22:09.742234,13088403,1,0,2019-01-24 10:22:03, 모공 보고있으니 이미 플스있는데도 구매욕구가 생길라하네요. ,296,3,0,0
2019-01-24 16:22:14.752670,13088403,1,0,2019-01-24 10:22:03, 모공 보고있으니 이미 플스있는데도 구매욕구가 생길라하네요. ,297,1,0,0
2019-01-24 17:22:06.910630,13088403,1,0,2019-01-24 10:22:03, 모공 보고있으니 이미 플스있는데도 구매욕구가 생길라하네요. ,299,2,0,0
2019-01-24 18:22:12.084069,13088403,1,0,2019-01-24 10:22:03, 모공 보고있으니 이미 플스있는데도 구매욕구가 생길라하네요. ,301,2,0,0
2019-01-24 19:22:04.128516,13088403,1,0,2019-01-24 10:22:03, 모공 보고있으니 이미 플스있는데도 구매욕구가 생길라하네요. ,303,2,0,0
2019-01-24 20:22:09.625472,13088403,1,0,2019-01-24 10:22:03, 모공 보고있으니 이미 플스있는데도 구매욕구가 생길라하네요. ,304,1,0,0
2019-01-24 21:22:14.757257,13088403,1,0,2019-01-24 10:22:03, 모공 보고있으니 이미 플스있는데도 구매욕구가 생길라하네요. ,305,1,0,0
2019-01-24 22:22:06.716992,13088403,1,0,2019-01-24 10:22:03, 모공 보고있으니 이미 플스있는데도 구매욕구가 생길라하네요. ,307,2,0,0
2019-01-24 23:22:11.852090,13088403,1,0,2019-01-24 10:22:03, 모공 보고있으니 이미 플스있는데도 구매욕구가 생길라하네요. ,309,2,0,0
2019-01-25 00:22:03.870558,13088403,1,0,2019-01-24 10:22:03, 모공 보고있으니 이미 플스있는데도 구매욕구가 생길라하네요. ,311,2,0,0
2019-01-25 01:22:09.450590,13088403,1,0,2019-01-24 10:22:03, 모공 보고있으니 이미 플스있는데도 구매욕구가 생길라하네요. ,313,2,0,0
2019-01-25 02:22:14.558545,13088403,1,0,2019-01-24 10:22:03, 모공 보고있으니 이미 플스있는데도 구매욕구가 생길라하네요. ,314,1,0,0
2019-01-25 03:22:06.644686,13088403,1,0,2019-01-24 10:22:03, 모공 보고있으니 이미 플스있는데도 구매욕구가 생길라하네요. ,315,1,0,0
2019-01-25 04:22:12.012296,13088403,1,0,2019-01-24 10:22:03, 모공 보고있으니 이미 플스있는데도 구매욕구가 생길라하네요. ,316,1,0,0
2019-01-25 05:22:04.105450,13088403,1,0,2019-01-24 10:22:03, 모공 보고있으니 이미 플스있는데도 구매욕구가 생길라하네요. ,317,1,0,0
2019-01-25 06:22:09.111611,13088403,1,0,2019-01-24 10:22:03, 모공 보고있으니 이미 플스있는데도 구매욕구가 생길라하네요. ,318,1,0,0
2019-01-25 07:22:14.459365,13088403,1,0,2019-01-24 10:22:03, 모공 보고있으니 이미 플스있는데도 구매욕구가 생길라하네요. ,320,2,0,0
2019-01-25 08:22:06.675697,13088403,1,0,2019-01-24 10:22:03, 모공 보고있으니 이미 플스있는데도 구매욕구가 생길라하네요. ,321,1,0,0
2019-01-25 09:22:12.085751,13088403,1,0,2019-01-24 10:22:03, 모공 보고있으니 이미 플스있는데도 구매욕구가 생길라하네요. ,322,1,0,0
2019-01-25 10:22:04.088239,13088403,1,0,2019-01-24 10:22:03, 모공 보고있으니 이미 플스있는데도 구매욕구가 생길라하네요. ,323,1,0,0
