check_time,id,post_reply,post_symph,post_time,post_title,post_view,post_view_diff,post_reply_diff,post_symph_diff
2019-01-24 11:12:21.493143,13088348,1,0,2019-01-24 10:12:10, 3알시스 전면 메쉬 케이스 새로 나왔네요 ,453,453,1,0
2019-01-24 12:12:13.519753,13088348,1,0,2019-01-24 10:12:10, 3알시스 전면 메쉬 케이스 새로 나왔네요 ,475,22,0,0
2019-01-24 13:12:18.650634,13088348,1,0,2019-01-24 10:12:10, 3알시스 전면 메쉬 케이스 새로 나왔네요 ,484,9,0,0
2019-01-24 14:12:10.686855,13088348,1,0,2019-01-24 10:12:10, 3알시스 전면 메쉬 케이스 새로 나왔네요 ,490,6,0,0
2019-01-24 15:12:15.654541,13088348,1,0,2019-01-24 10:12:10, 3알시스 전면 메쉬 케이스 새로 나왔네요 ,493,3,0,0
2019-01-24 16:12:20.734655,13088348,1,0,2019-01-24 10:12:10, 3알시스 전면 메쉬 케이스 새로 나왔네요 ,495,2,0,0
2019-01-24 17:12:12.788608,13088348,1,0,2019-01-24 10:12:10, 3알시스 전면 메쉬 케이스 새로 나왔네요 ,496,1,0,0
2019-01-24 18:12:17.819081,13088348,1,0,2019-01-24 10:12:10, 3알시스 전면 메쉬 케이스 새로 나왔네요 ,498,2,0,0
2019-01-24 19:12:22.932502,13088348,1,0,2019-01-24 10:12:10, 3알시스 전면 메쉬 케이스 새로 나왔네요 ,499,1,0,0
2019-01-24 20:12:15.049510,13088348,1,0,2019-01-24 10:12:10, 3알시스 전면 메쉬 케이스 새로 나왔네요 ,501,2,0,0
2019-01-24 21:12:20.190791,13088348,1,0,2019-01-24 10:12:10, 3알시스 전면 메쉬 케이스 새로 나왔네요 ,502,1,0,0
2019-01-24 22:12:12.214103,13088348,1,0,2019-01-24 10:12:10, 3알시스 전면 메쉬 케이스 새로 나왔네요 ,504,2,0,0
2019-01-24 23:12:17.371866,13088348,1,0,2019-01-24 10:12:10, 3알시스 전면 메쉬 케이스 새로 나왔네요 ,506,2,0,0
2019-01-25 00:12:22.403892,13088348,1,0,2019-01-24 10:12:10, 3알시스 전면 메쉬 케이스 새로 나왔네요 ,508,2,0,0
2019-01-25 01:12:14.387327,13088348,1,0,2019-01-24 10:12:10, 3알시스 전면 메쉬 케이스 새로 나왔네요 ,511,3,0,0
2019-01-25 02:12:19.492677,13088348,1,0,2019-01-24 10:12:10, 3알시스 전면 메쉬 케이스 새로 나왔네요 ,512,1,0,0
2019-01-25 03:12:11.543490,13088348,1,0,2019-01-24 10:12:10, 3알시스 전면 메쉬 케이스 새로 나왔네요 ,514,2,0,0
2019-01-25 04:12:16.616056,13088348,1,0,2019-01-24 10:12:10, 3알시스 전면 메쉬 케이스 새로 나왔네요 ,516,2,0,0
2019-01-25 05:12:21.688818,13088348,1,0,2019-01-24 10:12:10, 3알시스 전면 메쉬 케이스 새로 나왔네요 ,517,1,0,0
2019-01-25 06:12:13.720748,13088348,1,0,2019-01-24 10:12:10, 3알시스 전면 메쉬 케이스 새로 나왔네요 ,521,4,0,0
2019-01-25 07:12:18.720376,13088348,1,0,2019-01-24 10:12:10, 3알시스 전면 메쉬 케이스 새로 나왔네요 ,523,2,0,0
2019-01-25 08:12:10.760735,13088348,1,0,2019-01-24 10:12:10, 3알시스 전면 메쉬 케이스 새로 나왔네요 ,523,0,0,0
2019-01-25 09:12:15.839453,13088348,1,0,2019-01-24 10:12:10, 3알시스 전면 메쉬 케이스 새로 나왔네요 ,524,1,0,0
2019-01-25 10:12:20.875635,13088348,1,0,2019-01-24 10:12:10, 3알시스 전면 메쉬 케이스 새로 나왔네요 ,525,1,0,0
