check_time,id,post_reply,post_symph,post_time,post_title,post_view,post_view_diff,post_reply_diff,post_symph_diff
2019-01-28 11:42:19.493098,13103706,30,2,2019-01-28 10:42:09, 대륙의 상향등 처벌.jpg ,4605,4605,30,2
2019-01-28 12:42:11.532497,13103706,30,3,2019-01-28 10:42:09, 대륙의 상향등 처벌.jpg ,5431,826,0,1
2019-01-28 13:42:16.620477,13103706,31,3,2019-01-28 10:42:09, 대륙의 상향등 처벌.jpg ,5989,558,1,0
2019-01-28 14:42:21.626746,13103706,31,5,2019-01-28 10:42:09, 대륙의 상향등 처벌.jpg ,6282,293,0,2
2019-01-28 15:42:13.720002,13103706,31,5,2019-01-28 10:42:09, 대륙의 상향등 처벌.jpg ,6427,145,0,0
2019-01-28 16:42:18.793600,13103706,31,5,2019-01-28 10:42:09, 대륙의 상향등 처벌.jpg ,6539,112,0,0
2019-01-28 17:42:10.925310,13103706,31,5,2019-01-28 10:42:09, 대륙의 상향등 처벌.jpg ,6607,68,0,0
2019-01-28 18:42:16.209008,13103706,31,5,2019-01-28 10:42:09, 대륙의 상향등 처벌.jpg ,6669,62,0,0
2019-01-28 19:42:21.453870,13103706,31,5,2019-01-28 10:42:09, 대륙의 상향등 처벌.jpg ,6706,37,0,0
2019-01-28 20:42:13.507690,13103706,31,5,2019-01-28 10:42:09, 대륙의 상향등 처벌.jpg ,6751,45,0,0
2019-01-28 21:42:18.649492,13103706,31,5,2019-01-28 10:42:09, 대륙의 상향등 처벌.jpg ,6776,25,0,0
2019-01-28 22:42:10.781397,13103706,31,5,2019-01-28 10:42:09, 대륙의 상향등 처벌.jpg ,6809,33,0,0
2019-01-28 23:42:15.911110,13103706,31,5,2019-01-28 10:42:09, 대륙의 상향등 처벌.jpg ,6832,23,0,0
2019-01-29 00:42:21.026228,13103706,31,5,2019-01-28 10:42:09, 대륙의 상향등 처벌.jpg ,6849,17,0,0
2019-01-29 01:42:13.126583,13103706,31,5,2019-01-28 10:42:09, 대륙의 상향등 처벌.jpg ,6858,9,0,0
2019-01-29 02:42:18.169445,13103706,31,5,2019-01-28 10:42:09, 대륙의 상향등 처벌.jpg ,6874,16,0,0
2019-01-29 03:42:10.221576,13103706,31,5,2019-01-28 10:42:09, 대륙의 상향등 처벌.jpg ,6876,2,0,0
2019-01-29 04:42:15.487748,13103706,31,5,2019-01-28 10:42:09, 대륙의 상향등 처벌.jpg ,6879,3,0,0
2019-01-29 05:42:20.490363,13103706,31,5,2019-01-28 10:42:09, 대륙의 상향등 처벌.jpg ,6885,6,0,0
2019-01-29 06:42:12.497314,13103706,31,5,2019-01-28 10:42:09, 대륙의 상향등 처벌.jpg ,6890,5,0,0
2019-01-29 07:42:17.503991,13103706,31,5,2019-01-28 10:42:09, 대륙의 상향등 처벌.jpg ,6894,4,0,0
2019-01-29 08:42:09.544027,13103706,31,5,2019-01-28 10:42:09, 대륙의 상향등 처벌.jpg ,6900,6,0,0
2019-01-29 09:42:14.547047,13103706,31,5,2019-01-28 10:42:09, 대륙의 상향등 처벌.jpg ,6914,14,0,0
2019-01-29 10:42:19.546605,13103706,31,5,2019-01-28 10:42:09, 대륙의 상향등 처벌.jpg ,6942,28,0,0
