check_time,id,post_reply,post_symph,post_time,post_title,post_view,post_view_diff,post_reply_diff,post_symph_diff
2019-01-24 11:37:36.976931,13088479,6,0,2019-01-24 10:37:24, 허락보단 용서가 빠르다더니;;; ,672,672,6,0
2019-01-24 12:37:29.263347,13088479,6,0,2019-01-24 10:37:24, 허락보단 용서가 빠르다더니;;; ,707,35,0,0
2019-01-24 13:37:34.431695,13088479,6,0,2019-01-24 10:37:24, 허락보단 용서가 빠르다더니;;; ,720,13,0,0
2019-01-24 14:37:26.552232,13088479,6,0,2019-01-24 10:37:24, 허락보단 용서가 빠르다더니;;; ,733,13,0,0
2019-01-24 15:37:31.661860,13088479,6,0,2019-01-24 10:37:24, 허락보단 용서가 빠르다더니;;; ,736,3,0,0
2019-01-24 16:37:36.701990,13088479,6,0,2019-01-24 10:37:24, 허락보단 용서가 빠르다더니;;; ,737,1,0,0
2019-01-24 17:37:28.803532,13088479,6,0,2019-01-24 10:37:24, 허락보단 용서가 빠르다더니;;; ,740,3,0,0
2019-01-24 18:37:33.878470,13088479,6,0,2019-01-24 10:37:24, 허락보단 용서가 빠르다더니;;; ,743,3,0,0
2019-01-24 19:37:27.538222,13088479,6,0,2019-01-24 10:37:24, 허락보단 용서가 빠르다더니;;; ,745,2,0,0
2019-01-24 20:37:33.306995,13088479,6,0,2019-01-24 10:37:24, 허락보단 용서가 빠르다더니;;; ,748,3,0,0
2019-01-24 21:37:25.282627,13088479,6,0,2019-01-24 10:37:24, 허락보단 용서가 빠르다더니;;; ,751,3,0,0
2019-01-24 22:37:30.426713,13088479,6,0,2019-01-24 10:37:24, 허락보단 용서가 빠르다더니;;; ,752,1,0,0
2019-01-24 23:37:35.423580,13088479,6,0,2019-01-24 10:37:24, 허락보단 용서가 빠르다더니;;; ,755,3,0,0
2019-01-25 00:37:27.479993,13088479,6,0,2019-01-24 10:37:24, 허락보단 용서가 빠르다더니;;; ,757,2,0,0
2019-01-25 01:37:32.530539,13088479,6,0,2019-01-24 10:37:24, 허락보단 용서가 빠르다더니;;; ,759,2,0,0
2019-01-25 02:37:24.555148,13088479,6,0,2019-01-24 10:37:24, 허락보단 용서가 빠르다더니;;; ,761,2,0,0
2019-01-25 03:37:29.615462,13088479,6,0,2019-01-24 10:37:24, 허락보단 용서가 빠르다더니;;; ,762,1,0,0
2019-01-25 04:37:34.703297,13088479,6,0,2019-01-24 10:37:24, 허락보단 용서가 빠르다더니;;; ,763,1,0,0
2019-01-25 05:37:26.852196,13088479,6,0,2019-01-24 10:37:24, 허락보단 용서가 빠르다더니;;; ,764,1,0,0
2019-01-25 06:37:31.992208,13088479,6,0,2019-01-24 10:37:24, 허락보단 용서가 빠르다더니;;; ,765,1,0,0
2019-01-25 07:37:36.996340,13088479,6,0,2019-01-24 10:37:24, 허락보단 용서가 빠르다더니;;; ,767,2,0,0
2019-01-25 08:37:29.003413,13088479,6,0,2019-01-24 10:37:24, 허락보단 용서가 빠르다더니;;; ,768,1,0,0
2019-01-25 09:37:34.067285,13088479,6,0,2019-01-24 10:37:24, 허락보단 용서가 빠르다더니;;; ,769,1,0,0
2019-01-25 10:37:26.200920,13088479,6,0,2019-01-24 10:37:24, 허락보단 용서가 빠르다더니;;; ,770,1,0,0
