check_time,id,post_reply,post_symph,post_time,post_title,post_view,post_view_diff,post_reply_diff,post_symph_diff
2019-01-27 11:45:52.145215,13100515,6,0,2019-01-27 10:45:49, 킹덤 극본 무엇? ,1493,1493,6,0
2019-01-27 12:45:57.191594,13100515,6,0,2019-01-27 10:45:49, 킹덤 극본 무엇? ,1709,216,0,0
2019-01-27 13:45:49.295563,13100515,6,0,2019-01-27 10:45:49, 킹덤 극본 무엇? ,1813,104,0,0
2019-01-27 14:45:54.545326,13100515,6,0,2019-01-27 10:45:49, 킹덤 극본 무엇? ,1870,57,0,0
2019-01-27 15:45:59.601550,13100515,6,0,2019-01-27 10:45:49, 킹덤 극본 무엇? ,1904,34,0,0
2019-01-27 16:45:51.633706,13100515,6,0,2019-01-27 10:45:49, 킹덤 극본 무엇? ,1924,20,0,0
2019-01-27 17:45:56.720285,13100515,6,0,2019-01-27 10:45:49, 킹덤 극본 무엇? ,1936,12,0,0
2019-01-27 18:46:01.731736,13100515,6,0,2019-01-27 10:45:49, 킹덤 극본 무엇? ,1948,12,0,0
2019-01-27 19:45:53.775051,13100515,6,0,2019-01-27 10:45:49, 킹덤 극본 무엇? ,1960,12,0,0
2019-01-27 20:45:58.857829,13100515,6,0,2019-01-27 10:45:49, 킹덤 극본 무엇? ,1972,12,0,0
2019-01-27 21:45:50.900772,13100515,6,0,2019-01-27 10:45:49, 킹덤 극본 무엇? ,1985,13,0,0
2019-01-27 22:45:56.067847,13100515,6,0,2019-01-27 10:45:49, 킹덤 극본 무엇? ,1993,8,0,0
2019-01-27 23:46:01.182524,13100515,6,0,2019-01-27 10:45:49, 킹덤 극본 무엇? ,2000,7,0,0
2019-01-28 00:45:53.219795,13100515,6,0,2019-01-27 10:45:49, 킹덤 극본 무엇? ,2016,16,0,0
2019-01-28 01:45:58.282263,13100515,6,0,2019-01-27 10:45:49, 킹덤 극본 무엇? ,2024,8,0,0
2019-01-28 02:45:50.243510,13100515,6,0,2019-01-27 10:45:49, 킹덤 극본 무엇? ,2032,8,0,0
2019-01-28 03:45:55.224834,13100515,6,0,2019-01-27 10:45:49, 킹덤 극본 무엇? ,2036,4,0,0
2019-01-28 04:46:00.269427,13100515,6,0,2019-01-27 10:45:49, 킹덤 극본 무엇? ,2041,5,0,0
2019-01-28 05:45:52.256203,13100515,6,0,2019-01-27 10:45:49, 킹덤 극본 무엇? ,2044,3,0,0
2019-01-28 06:45:57.295803,13100515,6,0,2019-01-27 10:45:49, 킹덤 극본 무엇? ,2046,2,0,0
2019-01-28 07:45:49.226605,13100515,6,0,2019-01-27 10:45:49, 킹덤 극본 무엇? ,2047,1,0,0
2019-01-28 08:45:54.272178,13100515,6,0,2019-01-27 10:45:49, 킹덤 극본 무엇? ,2048,1,0,0
2019-01-28 09:45:59.636418,13100515,6,0,2019-01-27 10:45:49, 킹덤 극본 무엇? ,2051,3,0,0
2019-01-28 10:45:51.636772,13100515,6,0,2019-01-27 10:45:49, 킹덤 극본 무엇? ,2055,4,0,0
