check_time,id,post_reply,post_symph,post_time,post_title,post_view,post_view_diff,post_reply_diff,post_symph_diff
2019-01-27 11:37:03.603894,13100496,7,0,2019-01-27 10:37:00, 좋아하는 아이유 짤2.gif ,3816,3816,7,0
2019-01-27 12:37:08.677864,13100496,7,0,2019-01-27 10:37:00, 좋아하는 아이유 짤2.gif ,4692,876,0,0
2019-01-27 13:37:00.838276,13100496,7,0,2019-01-27 10:37:00, 좋아하는 아이유 짤2.gif ,5146,454,0,0
2019-01-27 14:37:05.973639,13100496,7,0,2019-01-27 10:37:00, 좋아하는 아이유 짤2.gif ,5376,230,0,0
2019-01-27 15:37:11.060464,13100496,7,0,2019-01-27 10:37:00, 좋아하는 아이유 짤2.gif ,5516,140,0,0
2019-01-27 16:37:03.177562,13100496,7,0,2019-01-27 10:37:00, 좋아하는 아이유 짤2.gif ,5623,107,0,0
2019-01-27 17:37:08.324150,13100496,7,0,2019-01-27 10:37:00, 좋아하는 아이유 짤2.gif ,5696,73,0,0
2019-01-27 18:37:00.432597,13100496,7,0,2019-01-27 10:37:00, 좋아하는 아이유 짤2.gif ,5732,36,0,0
2019-01-27 19:37:05.524663,13100496,7,0,2019-01-27 10:37:00, 좋아하는 아이유 짤2.gif ,5777,45,0,0
2019-01-27 20:37:10.776698,13100496,7,0,2019-01-27 10:37:00, 좋아하는 아이유 짤2.gif ,5816,39,0,0
2019-01-27 21:37:02.973579,13100496,7,0,2019-01-27 10:37:00, 좋아하는 아이유 짤2.gif ,5849,33,0,0
2019-01-27 22:37:08.025724,13100496,7,0,2019-01-27 10:37:00, 좋아하는 아이유 짤2.gif ,5869,20,0,0
2019-01-27 23:37:00.020801,13100496,7,0,2019-01-27 10:37:00, 좋아하는 아이유 짤2.gif ,5884,15,0,0
2019-01-28 00:37:05.069955,13100496,7,0,2019-01-27 10:37:00, 좋아하는 아이유 짤2.gif ,5897,13,0,0
2019-01-28 01:37:10.119354,13100496,7,0,2019-01-27 10:37:00, 좋아하는 아이유 짤2.gif ,5904,7,0,0
2019-01-28 02:37:02.134021,13100496,7,0,2019-01-27 10:37:00, 좋아하는 아이유 짤2.gif ,5911,7,0,0
2019-01-28 03:37:07.345303,13100496,7,0,2019-01-27 10:37:00, 좋아하는 아이유 짤2.gif ,5914,3,0,0
2019-01-28 04:37:12.374121,13100496,7,0,2019-01-27 10:37:00, 좋아하는 아이유 짤2.gif ,5920,6,0,0
2019-01-28 05:37:04.360005,13100496,7,0,2019-01-27 10:37:00, 좋아하는 아이유 짤2.gif ,5922,2,0,0
2019-01-28 06:37:09.432031,13100496,7,0,2019-01-27 10:37:00, 좋아하는 아이유 짤2.gif ,5925,3,0,0
2019-01-28 07:37:01.590980,13100496,7,0,2019-01-27 10:37:00, 좋아하는 아이유 짤2.gif ,5928,3,0,0
2019-01-28 08:37:07.033706,13100496,7,0,2019-01-27 10:37:00, 좋아하는 아이유 짤2.gif ,5932,4,0,0
2019-01-28 09:37:12.177569,13100496,7,0,2019-01-27 10:37:00, 좋아하는 아이유 짤2.gif ,5935,3,0,0
2019-01-28 10:37:04.238274,13100496,7,0,2019-01-27 10:37:00, 좋아하는 아이유 짤2.gif ,5938,3,0,0
