check_time,id,post_reply,post_symph,post_time,post_title,post_view,post_view_diff,post_reply_diff,post_symph_diff
2019-01-29 11:17:06.017015,13107436,45,0,2019-01-29 10:17:03, 2020 G80 제네시스.gif ,4665,4665,45,0
2019-01-29 12:17:11.153200,13107436,46,0,2019-01-29 10:17:03, 2020 G80 제네시스.gif ,5480,815,1,0
2019-01-29 13:17:03.264636,13107436,46,0,2019-01-29 10:17:03, 2020 G80 제네시스.gif ,6140,660,0,0
2019-01-29 14:17:08.380769,13107436,46,0,2019-01-29 10:17:03, 2020 G80 제네시스.gif ,6467,327,0,0
2019-01-29 15:17:13.763966,13107436,47,0,2019-01-29 10:17:03, 2020 G80 제네시스.gif ,6613,146,1,0
2019-01-29 16:17:05.901594,13107436,47,0,2019-01-29 10:17:03, 2020 G80 제네시스.gif ,6684,71,0,0
2019-01-29 17:17:11.088867,13107436,47,0,2019-01-29 10:17:03, 2020 G80 제네시스.gif ,6744,60,0,0
2019-01-29 18:17:03.234577,13107436,47,0,2019-01-29 10:17:03, 2020 G80 제네시스.gif ,6788,44,0,0
2019-01-29 19:17:08.402238,13107436,47,0,2019-01-29 10:17:03, 2020 G80 제네시스.gif ,6825,37,0,0
2019-01-29 20:17:13.871888,13107436,47,0,2019-01-29 10:17:03, 2020 G80 제네시스.gif ,6856,31,0,0
2019-01-29 21:17:06.402208,13107436,47,0,2019-01-29 10:17:03, 2020 G80 제네시스.gif ,6877,21,0,0
2019-01-29 22:17:11.752354,13107436,47,0,2019-01-29 10:17:03, 2020 G80 제네시스.gif ,6905,28,0,0
2019-01-29 23:17:04.071416,13107436,47,0,2019-01-29 10:17:03, 2020 G80 제네시스.gif ,6928,23,0,0
2019-01-30 00:17:09.203019,13107436,47,0,2019-01-29 10:17:03, 2020 G80 제네시스.gif ,6949,21,0,0
2019-01-30 01:17:14.328271,13107436,47,0,2019-01-29 10:17:03, 2020 G80 제네시스.gif ,6967,18,0,0
2019-01-30 02:17:06.469427,13107436,47,0,2019-01-29 10:17:03, 2020 G80 제네시스.gif ,6978,11,0,0
2019-01-30 03:17:11.638747,13107436,47,0,2019-01-29 10:17:03, 2020 G80 제네시스.gif ,6983,5,0,0
2019-01-30 04:17:03.771472,13107436,47,0,2019-01-29 10:17:03, 2020 G80 제네시스.gif ,6991,8,0,0
2019-01-30 05:17:08.917358,13107436,47,0,2019-01-29 10:17:03, 2020 G80 제네시스.gif ,6997,6,0,0
2019-01-30 06:17:14.362492,13107436,47,0,2019-01-29 10:17:03, 2020 G80 제네시스.gif ,7007,10,0,0
2019-01-30 07:17:06.569770,13107436,47,0,2019-01-29 10:17:03, 2020 G80 제네시스.gif ,7016,9,0,0
2019-01-30 08:17:11.667031,13107436,47,0,2019-01-29 10:17:03, 2020 G80 제네시스.gif ,7023,7,0,0
2019-01-30 09:17:03.792425,13107436,47,0,2019-01-29 10:17:03, 2020 G80 제네시스.gif ,7033,10,0,0
2019-01-30 10:17:08.953378,13107436,47,0,2019-01-29 10:17:03, 2020 G80 제네시스.gif ,7044,11,0,0
