check_time,id,post_reply,post_symph,post_time,post_title,post_view,post_view_diff,post_reply_diff,post_symph_diff
2019-01-24 11:47:18.035801,13088541,8,1,2019-01-24 10:47:17, 플스못산 유분데요.. ,691,691,8,1
2019-01-24 12:47:23.096151,13088541,8,1,2019-01-24 10:47:17, 플스못산 유분데요.. ,711,20,0,0
2019-01-24 13:47:28.413336,13088541,8,1,2019-01-24 10:47:17, 플스못산 유분데요.. ,734,23,0,0
2019-01-24 14:47:20.502652,13088541,8,1,2019-01-24 10:47:17, 플스못산 유분데요.. ,742,8,0,0
2019-01-24 15:47:25.606194,13088541,8,1,2019-01-24 10:47:17, 플스못산 유분데요.. ,746,4,0,0
2019-01-24 16:47:17.663447,13088541,8,1,2019-01-24 10:47:17, 플스못산 유분데요.. ,748,2,0,0
2019-01-24 17:47:22.730524,13088541,8,1,2019-01-24 10:47:17, 플스못산 유분데요.. ,753,5,0,0
2019-01-24 18:47:27.868927,13088541,8,1,2019-01-24 10:47:17, 플스못산 유분데요.. ,754,1,0,0
2019-01-24 19:47:19.975146,13088541,8,1,2019-01-24 10:47:17, 플스못산 유분데요.. ,755,1,0,0
2019-01-24 20:47:25.075930,13088541,8,1,2019-01-24 10:47:17, 플스못산 유분데요.. ,759,4,0,0
2019-01-24 21:47:17.579175,13088541,8,1,2019-01-24 10:47:17, 플스못산 유분데요.. ,761,2,0,0
2019-01-24 22:47:22.679585,13088541,8,1,2019-01-24 10:47:17, 플스못산 유분데요.. ,763,2,0,0
2019-01-24 23:47:27.791864,13088541,8,1,2019-01-24 10:47:17, 플스못산 유분데요.. ,768,5,0,0
2019-01-25 00:47:19.902341,13088541,8,1,2019-01-24 10:47:17, 플스못산 유분데요.. ,771,3,0,0
2019-01-25 01:47:25.010144,13088541,8,1,2019-01-24 10:47:17, 플스못산 유분데요.. ,772,1,0,0
2019-01-25 02:47:17.114928,13088541,8,1,2019-01-24 10:47:17, 플스못산 유분데요.. ,773,1,0,0
2019-01-25 03:47:22.164588,13088541,8,1,2019-01-24 10:47:17, 플스못산 유분데요.. ,775,2,0,0
2019-01-25 04:47:27.953791,13088541,8,1,2019-01-24 10:47:17, 플스못산 유분데요.. ,777,2,0,0
2019-01-25 05:47:19.927341,13088541,8,1,2019-01-24 10:47:17, 플스못산 유분데요.. ,779,2,0,0
2019-01-25 06:47:25.070817,13088541,8,1,2019-01-24 10:47:17, 플스못산 유분데요.. ,781,2,0,0
2019-01-25 07:47:17.256892,13088541,8,1,2019-01-24 10:47:17, 플스못산 유분데요.. ,783,2,0,0
2019-01-25 08:47:22.570639,13088541,8,1,2019-01-24 10:47:17, 플스못산 유분데요.. ,785,2,0,0
2019-01-25 09:47:27.791386,13088541,8,1,2019-01-24 10:47:17, 플스못산 유분데요.. ,786,1,0,0
2019-01-25 10:47:19.980792,13088541,8,1,2019-01-24 10:47:17, 플스못산 유분데요.. ,788,2,0,0
