check_time,id,post_reply,post_symph,post_time,post_title,post_view,post_view_diff,post_reply_diff,post_symph_diff
2019-01-24 11:26:40.352172,13088423,8,0,2019-01-24 10:26:35, 첫 플스4 구입자 분들 PSN 플러스 가입하시고 디비전 받으세요. ,916,916,8,0
2019-01-24 12:26:45.421161,13088423,9,0,2019-01-24 10:26:35, 첫 플스4 구입자 분들 PSN 플러스 가입하시고 디비전 받으세요. ,952,36,1,0
2019-01-24 13:26:37.550990,13088423,10,0,2019-01-24 10:26:35, 첫 플스4 구입자 분들 PSN 플러스 가입하시고 디비전 받으세요. ,969,17,1,0
2019-01-24 14:26:42.601277,13088423,10,0,2019-01-24 10:26:35, 첫 플스4 구입자 분들 PSN 플러스 가입하시고 디비전 받으세요. ,981,12,0,0
2019-01-24 15:26:47.547338,13088423,10,0,2019-01-24 10:26:35, 첫 플스4 구입자 분들 PSN 플러스 가입하시고 디비전 받으세요. ,988,7,0,0
2019-01-24 16:26:39.609469,13088423,10,0,2019-01-24 10:26:35, 첫 플스4 구입자 분들 PSN 플러스 가입하시고 디비전 받으세요. ,991,3,0,0
2019-01-24 17:26:44.913335,13088423,10,0,2019-01-24 10:26:35, 첫 플스4 구입자 분들 PSN 플러스 가입하시고 디비전 받으세요. ,1002,11,0,0
2019-01-24 18:26:36.966449,13088423,10,0,2019-01-24 10:26:35, 첫 플스4 구입자 분들 PSN 플러스 가입하시고 디비전 받으세요. ,1005,3,0,0
2019-01-24 19:26:42.319368,13088423,10,0,2019-01-24 10:26:35, 첫 플스4 구입자 분들 PSN 플러스 가입하시고 디비전 받으세요. ,1012,7,0,0
2019-01-24 20:26:47.358707,13088423,10,0,2019-01-24 10:26:35, 첫 플스4 구입자 분들 PSN 플러스 가입하시고 디비전 받으세요. ,1017,5,0,0
2019-01-24 21:26:39.350220,13088423,10,0,2019-01-24 10:26:35, 첫 플스4 구입자 분들 PSN 플러스 가입하시고 디비전 받으세요. ,1020,3,0,0
2019-01-24 22:26:44.455266,13088423,10,0,2019-01-24 10:26:35, 첫 플스4 구입자 분들 PSN 플러스 가입하시고 디비전 받으세요. ,1023,3,0,0
2019-01-24 23:26:36.520470,13088423,10,0,2019-01-24 10:26:35, 첫 플스4 구입자 분들 PSN 플러스 가입하시고 디비전 받으세요. ,1027,4,0,0
2019-01-25 00:26:41.895061,13088423,10,0,2019-01-24 10:26:35, 첫 플스4 구입자 분들 PSN 플러스 가입하시고 디비전 받으세요. ,1029,2,0,0
2019-01-25 01:26:46.957476,13088423,10,0,2019-01-24 10:26:35, 첫 플스4 구입자 분들 PSN 플러스 가입하시고 디비전 받으세요. ,1033,4,0,0
2019-01-25 02:26:39.254025,13088423,10,0,2019-01-24 10:26:35, 첫 플스4 구입자 분들 PSN 플러스 가입하시고 디비전 받으세요. ,1033,0,0,0
2019-01-25 03:26:44.560949,13088423,10,0,2019-01-24 10:26:35, 첫 플스4 구입자 분들 PSN 플러스 가입하시고 디비전 받으세요. ,1035,2,0,0
2019-01-25 04:26:36.547629,13088423,10,0,2019-01-24 10:26:35, 첫 플스4 구입자 분들 PSN 플러스 가입하시고 디비전 받으세요. ,1038,3,0,0
2019-01-25 05:26:41.545750,13088423,10,0,2019-01-24 10:26:35, 첫 플스4 구입자 분들 PSN 플러스 가입하시고 디비전 받으세요. ,1039,1,0,0
2019-01-25 06:26:46.786449,13088423,10,0,2019-01-24 10:26:35, 첫 플스4 구입자 분들 PSN 플러스 가입하시고 디비전 받으세요. ,1040,1,0,0
2019-01-25 07:26:38.809339,13088423,10,0,2019-01-24 10:26:35, 첫 플스4 구입자 분들 PSN 플러스 가입하시고 디비전 받으세요. ,1043,3,0,0
2019-01-25 08:26:43.897424,13088423,10,0,2019-01-24 10:26:35, 첫 플스4 구입자 분들 PSN 플러스 가입하시고 디비전 받으세요. ,1045,2,0,0
2019-01-25 09:26:35.969857,13088423,10,0,2019-01-24 10:26:35, 첫 플스4 구입자 분들 PSN 플러스 가입하시고 디비전 받으세요. ,1047,2,0,0
2019-01-25 10:26:40.960282,13088423,10,0,2019-01-24 10:26:35, 첫 플스4 구입자 분들 PSN 플러스 가입하시고 디비전 받으세요. ,1049,2,0,0
