check_time,id,post_reply,post_symph,post_time,post_title,post_view,post_view_diff,post_reply_diff,post_symph_diff
2019-01-25 11:22:29.160211,13092817,16,1,2019-01-25 10:22:28, JYP한테 면접보기.jpg ,3020,3020,16,1
2019-01-25 12:22:34.190186,13092817,16,1,2019-01-25 10:22:28, JYP한테 면접보기.jpg ,3486,466,0,0
2019-01-25 13:22:39.260122,13092817,16,1,2019-01-25 10:22:28, JYP한테 면접보기.jpg ,3767,281,0,0
2019-01-25 14:22:31.295396,13092817,16,1,2019-01-25 10:22:28, JYP한테 면접보기.jpg ,3932,165,0,0
2019-01-25 15:22:36.878091,13092817,16,1,2019-01-25 10:22:28, JYP한테 면접보기.jpg ,3998,66,0,0
2019-01-25 16:22:29.757724,13092817,16,1,2019-01-25 10:22:28, JYP한테 면접보기.jpg ,4052,54,0,0
2019-01-25 17:22:34.944048,13092817,16,1,2019-01-25 10:22:28, JYP한테 면접보기.jpg ,4089,37,0,0
2019-01-25 18:22:40.835505,13092817,16,1,2019-01-25 10:22:28, JYP한테 면접보기.jpg ,4116,27,0,0
2019-01-25 19:22:33.494135,13092817,16,1,2019-01-25 10:22:28, JYP한테 면접보기.jpg ,4132,16,0,0
2019-01-25 20:22:39.433226,13092817,16,1,2019-01-25 10:22:28, JYP한테 면접보기.jpg ,4149,17,0,0
2019-01-25 21:22:31.742577,13092817,16,1,2019-01-25 10:22:28, JYP한테 면접보기.jpg ,4161,12,0,0
2019-01-25 22:22:37.196244,13092817,16,1,2019-01-25 10:22:28, JYP한테 면접보기.jpg ,4167,6,0,0
2019-01-25 23:22:29.364150,13092817,16,1,2019-01-25 10:22:28, JYP한테 면접보기.jpg ,4169,2,0,0
2019-01-26 00:22:34.597061,13092817,16,1,2019-01-25 10:22:28, JYP한테 면접보기.jpg ,4174,5,0,0
2019-01-26 01:22:39.823613,13092817,16,1,2019-01-25 10:22:28, JYP한테 면접보기.jpg ,4180,6,0,0
2019-01-26 02:22:31.847517,13092817,16,1,2019-01-25 10:22:28, JYP한테 면접보기.jpg ,4181,1,0,0
2019-01-26 03:22:36.847298,13092817,16,1,2019-01-25 10:22:28, JYP한테 면접보기.jpg ,4183,2,0,0
2019-01-26 04:22:28.913214,13092817,16,1,2019-01-25 10:22:28, JYP한테 면접보기.jpg ,4184,1,0,0
2019-01-26 05:22:33.926576,13092817,16,1,2019-01-25 10:22:28, JYP한테 면접보기.jpg ,4187,3,0,0
2019-01-26 06:22:39.021623,13092817,16,1,2019-01-25 10:22:28, JYP한테 면접보기.jpg ,4188,1,0,0
2019-01-26 07:22:30.993045,13092817,16,1,2019-01-25 10:22:28, JYP한테 면접보기.jpg ,4191,3,0,0
2019-01-26 08:22:36.032390,13092817,16,1,2019-01-25 10:22:28, JYP한테 면접보기.jpg ,4192,1,0,0
2019-01-26 09:22:28.086117,13092817,16,1,2019-01-25 10:22:28, JYP한테 면접보기.jpg ,4197,5,0,0
2019-01-26 10:22:33.576674,13092817,16,1,2019-01-25 10:22:28, JYP한테 면접보기.jpg ,4199,2,0,0
