check_time,id,post_reply,post_symph,post_time,post_title,post_view,post_view_diff,post_reply_diff,post_symph_diff
2019-01-26 11:26:56.173827,13097293,29,3,2019-01-26 10:26:51, 日방위성 간부 '캘리포니아로 열도 옮기고 싶다' ,2353,2353,29,3
2019-01-26 12:27:01.223806,13097293,30,3,2019-01-26 10:26:51, 日방위성 간부 '캘리포니아로 열도 옮기고 싶다' ,2863,510,1,0
2019-01-26 13:26:53.230382,13097293,30,3,2019-01-26 10:26:51, 日방위성 간부 '캘리포니아로 열도 옮기고 싶다' ,3069,206,0,0
2019-01-26 14:26:58.490747,13097293,30,3,2019-01-26 10:26:51, 日방위성 간부 '캘리포니아로 열도 옮기고 싶다' ,3158,89,0,0
2019-01-26 15:27:03.820098,13097293,30,3,2019-01-26 10:26:51, 日방위성 간부 '캘리포니아로 열도 옮기고 싶다' ,3224,66,0,0
2019-01-26 16:26:55.863879,13097293,30,3,2019-01-26 10:26:51, 日방위성 간부 '캘리포니아로 열도 옮기고 싶다' ,3276,52,0,0
2019-01-26 17:27:00.916242,13097293,30,3,2019-01-26 10:26:51, 日방위성 간부 '캘리포니아로 열도 옮기고 싶다' ,3297,21,0,0
2019-01-26 18:26:52.948576,13097293,30,3,2019-01-26 10:26:51, 日방위성 간부 '캘리포니아로 열도 옮기고 싶다' ,3320,23,0,0
2019-01-26 19:26:58.040970,13097293,30,3,2019-01-26 10:26:51, 日방위성 간부 '캘리포니아로 열도 옮기고 싶다' ,3341,21,0,0
2019-01-26 20:27:03.093959,13097293,30,3,2019-01-26 10:26:51, 日방위성 간부 '캘리포니아로 열도 옮기고 싶다' ,3362,21,0,0
2019-01-26 21:26:55.929946,13097293,30,3,2019-01-26 10:26:51, 日방위성 간부 '캘리포니아로 열도 옮기고 싶다' ,3373,11,0,0
2019-01-26 22:27:00.978995,13097293,30,3,2019-01-26 10:26:51, 日방위성 간부 '캘리포니아로 열도 옮기고 싶다' ,3384,11,0,0
2019-01-26 23:26:53.053961,13097293,30,3,2019-01-26 10:26:51, 日방위성 간부 '캘리포니아로 열도 옮기고 싶다' ,3391,7,0,0
2019-01-27 00:26:58.138465,13097293,30,3,2019-01-26 10:26:51, 日방위성 간부 '캘리포니아로 열도 옮기고 싶다' ,3397,6,0,0
2019-01-27 01:27:03.283002,13097293,30,3,2019-01-26 10:26:51, 日방위성 간부 '캘리포니아로 열도 옮기고 싶다' ,3401,4,0,0
2019-01-27 02:26:55.282579,13097293,30,3,2019-01-26 10:26:51, 日방위성 간부 '캘리포니아로 열도 옮기고 싶다' ,3406,5,0,0
2019-01-27 03:27:00.320723,13097293,30,3,2019-01-26 10:26:51, 日방위성 간부 '캘리포니아로 열도 옮기고 싶다' ,3410,4,0,0
2019-01-27 04:26:52.347067,13097293,30,3,2019-01-26 10:26:51, 日방위성 간부 '캘리포니아로 열도 옮기고 싶다' ,3412,2,0,0
2019-01-27 05:26:57.307408,13097293,30,3,2019-01-26 10:26:51, 日방위성 간부 '캘리포니아로 열도 옮기고 싶다' ,3414,2,0,0
2019-01-27 06:27:02.374137,13097293,30,3,2019-01-26 10:26:51, 日방위성 간부 '캘리포니아로 열도 옮기고 싶다' ,3417,3,0,0
2019-01-27 07:26:54.480810,13097293,30,3,2019-01-26 10:26:51, 日방위성 간부 '캘리포니아로 열도 옮기고 싶다' ,3420,3,0,0
2019-01-27 08:26:59.571946,13097293,30,3,2019-01-26 10:26:51, 日방위성 간부 '캘리포니아로 열도 옮기고 싶다' ,3426,6,0,0
2019-01-27 09:26:51.557844,13097293,30,3,2019-01-26 10:26:51, 日방위성 간부 '캘리포니아로 열도 옮기고 싶다' ,3429,3,0,0
2019-01-27 10:26:56.874160,13097293,30,3,2019-01-26 10:26:51, 日방위성 간부 '캘리포니아로 열도 옮기고 싶다' ,3435,6,0,0
