check_time,id,post_reply,post_symph,post_time,post_title,post_view,post_view_diff,post_reply_diff,post_symph_diff
2019-01-30 11:07:08.653672,13111020,38,1,2019-01-30 10:06:57, 역시 대출규제가 답이었던것 같습니다. ,2291,2291,38,1
2019-01-30 12:07:01.251451,13111020,38,1,2019-01-30 10:06:57, 역시 대출규제가 답이었던것 같습니다. ,2572,281,0,0
2019-01-30 13:07:06.396304,13111020,38,1,2019-01-30 10:06:57, 역시 대출규제가 답이었던것 같습니다. ,2685,113,0,0
2019-01-30 14:06:58.492582,13111020,38,1,2019-01-30 10:06:57, 역시 대출규제가 답이었던것 같습니다. ,2741,56,0,0
2019-01-30 15:07:03.742143,13111020,38,1,2019-01-30 10:06:57, 역시 대출규제가 답이었던것 같습니다. ,2767,26,0,0
2019-01-30 16:07:09.288176,13111020,38,1,2019-01-30 10:06:57, 역시 대출규제가 답이었던것 같습니다. ,2789,22,0,0
2019-01-30 17:07:01.230005,13111020,38,1,2019-01-30 10:06:57, 역시 대출규제가 답이었던것 같습니다. ,2805,16,0,0
2019-01-30 18:07:06.448522,13111020,38,1,2019-01-30 10:06:57, 역시 대출규제가 답이었던것 같습니다. ,2816,11,0,0
2019-01-30 19:06:58.494018,13111020,38,1,2019-01-30 10:06:57, 역시 대출규제가 답이었던것 같습니다. ,2825,9,0,0
2019-01-30 20:07:03.523401,13111020,38,1,2019-01-30 10:06:57, 역시 대출규제가 답이었던것 같습니다. ,2826,1,0,0
2019-01-30 21:07:08.655821,13111020,38,1,2019-01-30 10:06:57, 역시 대출규제가 답이었던것 같습니다. ,2833,7,0,0
2019-01-30 22:07:00.892103,13111020,38,1,2019-01-30 10:06:57, 역시 대출규제가 답이었던것 같습니다. ,2838,5,0,0
2019-01-30 23:07:06.013350,13111020,38,1,2019-01-30 10:06:57, 역시 대출규제가 답이었던것 같습니다. ,2844,6,0,0
2019-01-31 00:06:58.383317,13111020,38,1,2019-01-30 10:06:57, 역시 대출규제가 답이었던것 같습니다. ,2845,1,0,0
2019-01-31 01:07:03.534003,13111020,38,1,2019-01-30 10:06:57, 역시 대출규제가 답이었던것 같습니다. ,2850,5,0,0
2019-01-31 02:07:08.655223,13111020,38,1,2019-01-30 10:06:57, 역시 대출규제가 답이었던것 같습니다. ,2857,7,0,0
2019-01-31 03:07:00.859513,13111020,38,1,2019-01-30 10:06:57, 역시 대출규제가 답이었던것 같습니다. ,2859,2,0,0
2019-01-31 04:07:06.055585,13111020,38,1,2019-01-30 10:06:57, 역시 대출규제가 답이었던것 같습니다. ,2863,4,0,0
2019-01-31 05:06:58.052170,13111020,38,1,2019-01-30 10:06:57, 역시 대출규제가 답이었던것 같습니다. ,2863,0,0,0
2019-01-31 06:07:03.160274,13111020,38,1,2019-01-30 10:06:57, 역시 대출규제가 답이었던것 같습니다. ,2864,1,0,0
2019-01-31 07:07:08.220097,13111020,38,1,2019-01-30 10:06:57, 역시 대출규제가 답이었던것 같습니다. ,2866,2,0,0
2019-01-31 08:07:00.548790,13111020,38,1,2019-01-30 10:06:57, 역시 대출규제가 답이었던것 같습니다. ,2871,5,0,0
2019-01-31 09:07:05.648927,13111020,38,1,2019-01-30 10:06:57, 역시 대출규제가 답이었던것 같습니다. ,2873,2,0,0
2019-01-31 10:06:57.768581,13111020,38,1,2019-01-30 10:06:57, 역시 대출규제가 답이었던것 같습니다. ,2874,1,0,0
