check_time,id,post_reply,post_symph,post_time,post_title,post_view,post_view_diff,post_reply_diff,post_symph_diff
2019-01-26 11:47:33.342839,13097348,5,0,2019-01-26 10:47:23, 프포 타이틀 일단 싼거부터 사야겠어요 ㄷㄷ ,554,554,5,0
2019-01-26 12:47:25.448514,13097348,5,0,2019-01-26 10:47:23, 프포 타이틀 일단 싼거부터 사야겠어요 ㄷㄷ ,632,78,0,0
2019-01-26 13:47:30.650345,13097348,5,0,2019-01-26 10:47:23, 프포 타이틀 일단 싼거부터 사야겠어요 ㄷㄷ ,663,31,0,0
2019-01-26 14:47:35.637633,13097348,5,0,2019-01-26 10:47:23, 프포 타이틀 일단 싼거부터 사야겠어요 ㄷㄷ ,679,16,0,0
2019-01-26 15:47:27.694110,13097348,5,0,2019-01-26 10:47:23, 프포 타이틀 일단 싼거부터 사야겠어요 ㄷㄷ ,685,6,0,0
2019-01-26 16:47:32.894590,13097348,5,0,2019-01-26 10:47:23, 프포 타이틀 일단 싼거부터 사야겠어요 ㄷㄷ ,690,5,0,0
2019-01-26 17:47:24.876992,13097348,5,0,2019-01-26 10:47:23, 프포 타이틀 일단 싼거부터 사야겠어요 ㄷㄷ ,694,4,0,0
2019-01-26 18:47:29.922132,13097348,5,0,2019-01-26 10:47:23, 프포 타이틀 일단 싼거부터 사야겠어요 ㄷㄷ ,699,5,0,0
2019-01-26 19:47:34.978279,13097348,5,0,2019-01-26 10:47:23, 프포 타이틀 일단 싼거부터 사야겠어요 ㄷㄷ ,708,9,0,0
2019-01-26 20:47:27.027739,13097348,5,0,2019-01-26 10:47:23, 프포 타이틀 일단 싼거부터 사야겠어요 ㄷㄷ ,711,3,0,0
2019-01-26 21:47:32.122842,13097348,5,0,2019-01-26 10:47:23, 프포 타이틀 일단 싼거부터 사야겠어요 ㄷㄷ ,715,4,0,0
2019-01-26 22:47:24.133633,13097348,5,0,2019-01-26 10:47:23, 프포 타이틀 일단 싼거부터 사야겠어요 ㄷㄷ ,718,3,0,0
2019-01-26 23:47:29.180631,13097348,5,0,2019-01-26 10:47:23, 프포 타이틀 일단 싼거부터 사야겠어요 ㄷㄷ ,720,2,0,0
2019-01-27 00:47:34.250476,13097348,5,0,2019-01-26 10:47:23, 프포 타이틀 일단 싼거부터 사야겠어요 ㄷㄷ ,723,3,0,0
2019-01-27 01:47:26.237042,13097348,5,0,2019-01-26 10:47:23, 프포 타이틀 일단 싼거부터 사야겠어요 ㄷㄷ ,726,3,0,0
2019-01-27 02:47:31.300104,13097348,5,0,2019-01-26 10:47:23, 프포 타이틀 일단 싼거부터 사야겠어요 ㄷㄷ ,727,1,0,0
2019-01-27 03:47:23.291672,13097348,5,0,2019-01-26 10:47:23, 프포 타이틀 일단 싼거부터 사야겠어요 ㄷㄷ ,731,4,0,0
2019-01-27 04:47:28.262890,13097348,5,0,2019-01-26 10:47:23, 프포 타이틀 일단 싼거부터 사야겠어요 ㄷㄷ ,732,1,0,0
2019-01-27 05:47:33.319919,13097348,5,0,2019-01-26 10:47:23, 프포 타이틀 일단 싼거부터 사야겠어요 ㄷㄷ ,736,4,0,0
2019-01-27 06:47:25.345749,13097348,5,0,2019-01-26 10:47:23, 프포 타이틀 일단 싼거부터 사야겠어요 ㄷㄷ ,737,1,0,0
2019-01-27 07:47:30.373631,13097348,5,0,2019-01-26 10:47:23, 프포 타이틀 일단 싼거부터 사야겠어요 ㄷㄷ ,739,2,0,0
2019-01-27 08:47:35.402911,13097348,5,0,2019-01-26 10:47:23, 프포 타이틀 일단 싼거부터 사야겠어요 ㄷㄷ ,740,1,0,0
2019-01-27 09:47:27.437736,13097348,5,0,2019-01-26 10:47:23, 프포 타이틀 일단 싼거부터 사야겠어요 ㄷㄷ ,742,2,0,0
2019-01-27 10:47:32.528053,13097348,5,0,2019-01-26 10:47:23, 프포 타이틀 일단 싼거부터 사야겠어요 ㄷㄷ ,745,3,0,0
