check_time,id,post_reply,post_symph,post_time,post_title,post_view,post_view_diff,post_reply_diff,post_symph_diff
2019-01-28 11:07:10.014799,13103589,6,0,2019-01-28 10:06:58," 아이패드프로 1,2세대용 스마트키보드와 3세대용 장단점 ",588,588,6,0
2019-01-28 12:07:02.067655,13103589,6,0,2019-01-28 10:06:58," 아이패드프로 1,2세대용 스마트키보드와 3세대용 장단점 ",644,56,0,0
2019-01-28 13:07:07.670615,13103589,6,0,2019-01-28 10:06:58," 아이패드프로 1,2세대용 스마트키보드와 3세대용 장단점 ",666,22,0,0
2019-01-28 14:07:00.512341,13103589,6,0,2019-01-28 10:06:58," 아이패드프로 1,2세대용 스마트키보드와 3세대용 장단점 ",683,17,0,0
2019-01-28 15:07:05.569569,13103589,6,0,2019-01-28 10:06:58," 아이패드프로 1,2세대용 스마트키보드와 3세대용 장단점 ",689,6,0,0
2019-01-28 16:07:10.743486,13103589,6,0,2019-01-28 10:06:58," 아이패드프로 1,2세대용 스마트키보드와 3세대용 장단점 ",692,3,0,0
2019-01-28 17:07:02.709962,13103589,6,0,2019-01-28 10:06:58," 아이패드프로 1,2세대용 스마트키보드와 3세대용 장단점 ",694,2,0,0
2019-01-28 18:07:08.216894,13103589,6,0,2019-01-28 10:06:58," 아이패드프로 1,2세대용 스마트키보드와 3세대용 장단점 ",697,3,0,0
2019-01-28 19:07:00.242995,13103589,6,0,2019-01-28 10:06:58," 아이패드프로 1,2세대용 스마트키보드와 3세대용 장단점 ",701,4,0,0
2019-01-28 20:07:05.645962,13103589,6,0,2019-01-28 10:06:58," 아이패드프로 1,2세대용 스마트키보드와 3세대용 장단점 ",702,1,0,0
2019-01-28 21:07:10.956419,13103589,6,0,2019-01-28 10:06:58," 아이패드프로 1,2세대용 스마트키보드와 3세대용 장단점 ",703,1,0,0
2019-01-28 22:07:03.058710,13103589,6,0,2019-01-28 10:06:58," 아이패드프로 1,2세대용 스마트키보드와 3세대용 장단점 ",707,4,0,0
2019-01-28 23:07:08.351329,13103589,6,0,2019-01-28 10:06:58," 아이패드프로 1,2세대용 스마트키보드와 3세대용 장단점 ",709,2,0,0
2019-01-29 00:07:00.463859,13103589,6,0,2019-01-28 10:06:58," 아이패드프로 1,2세대용 스마트키보드와 3세대용 장단점 ",712,3,0,0
2019-01-29 01:07:05.748148,13103589,6,0,2019-01-28 10:06:58," 아이패드프로 1,2세대용 스마트키보드와 3세대용 장단점 ",716,4,0,0
2019-01-29 02:07:10.820509,13103589,6,0,2019-01-28 10:06:58," 아이패드프로 1,2세대용 스마트키보드와 3세대용 장단점 ",718,2,0,0
2019-01-29 03:07:02.802773,13103589,6,0,2019-01-28 10:06:58," 아이패드프로 1,2세대용 스마트키보드와 3세대용 장단점 ",719,1,0,0
2019-01-29 04:07:07.849042,13103589,6,0,2019-01-28 10:06:58," 아이패드프로 1,2세대용 스마트키보드와 3세대용 장단점 ",720,1,0,0
2019-01-29 05:06:59.996920,13103589,6,0,2019-01-28 10:06:58," 아이패드프로 1,2세대용 스마트키보드와 3세대용 장단점 ",722,2,0,0
2019-01-29 06:07:05.195789,13103589,6,0,2019-01-28 10:06:58," 아이패드프로 1,2세대용 스마트키보드와 3세대용 장단점 ",723,1,0,0
2019-01-29 07:07:10.302578,13103589,6,0,2019-01-28 10:06:58," 아이패드프로 1,2세대용 스마트키보드와 3세대용 장단점 ",724,1,0,0
2019-01-29 08:07:02.855726,13103589,6,0,2019-01-28 10:06:58," 아이패드프로 1,2세대용 스마트키보드와 3세대용 장단점 ",726,2,0,0
2019-01-29 09:07:08.038209,13103589,6,0,2019-01-28 10:06:58," 아이패드프로 1,2세대용 스마트키보드와 3세대용 장단점 ",728,2,0,0
2019-01-29 10:07:00.253157,13103589,6,0,2019-01-28 10:06:58," 아이패드프로 1,2세대용 스마트키보드와 3세대용 장단점 ",729,1,0,0
