check_time,id,post_reply,post_symph,post_time,post_title,post_view,post_view_diff,post_reply_diff,post_symph_diff
2019-01-28 11:51:20.933987,13103742,5,1,2019-01-28 10:51:18, Windows 시작음 모음 ,638,638,5,1
2019-01-28 12:51:25.976761,13103742,6,1,2019-01-28 10:51:18, Windows 시작음 모음 ,714,76,1,0
2019-01-28 13:51:30.970186,13103742,6,1,2019-01-28 10:51:18, Windows 시작음 모음 ,744,30,0,0
2019-01-28 14:51:22.982084,13103742,6,1,2019-01-28 10:51:18, Windows 시작음 모음 ,752,8,0,0
2019-01-28 15:51:27.996675,13103742,6,1,2019-01-28 10:51:18, Windows 시작음 모음 ,761,9,0,0
2019-01-28 16:51:20.062461,13103742,6,1,2019-01-28 10:51:18, Windows 시작음 모음 ,764,3,0,0
2019-01-28 17:51:25.107295,13103742,6,1,2019-01-28 10:51:18, Windows 시작음 모음 ,770,6,0,0
2019-01-28 18:51:30.120067,13103742,6,1,2019-01-28 10:51:18, Windows 시작음 모음 ,773,3,0,0
2019-01-28 19:51:23.799248,13103742,6,1,2019-01-28 10:51:18, Windows 시작음 모음 ,775,2,0,0
2019-01-28 20:51:28.807910,13103742,6,1,2019-01-28 10:51:18, Windows 시작음 모음 ,777,2,0,0
2019-01-28 21:51:20.927197,13103742,6,1,2019-01-28 10:51:18, Windows 시작음 모음 ,779,2,0,0
2019-01-28 22:51:25.953194,13103742,6,1,2019-01-28 10:51:18, Windows 시작음 모음 ,783,4,0,0
2019-01-28 23:51:30.946909,13103742,6,1,2019-01-28 10:51:18, Windows 시작음 모음 ,784,1,0,0
2019-01-29 00:51:22.979711,13103742,6,1,2019-01-28 10:51:18, Windows 시작음 모음 ,786,2,0,0
2019-01-29 01:51:27.979391,13103742,6,1,2019-01-28 10:51:18, Windows 시작음 모음 ,789,3,0,0
2019-01-29 02:51:20.834475,13103742,6,1,2019-01-28 10:51:18, Windows 시작음 모음 ,791,2,0,0
2019-01-29 03:51:25.860388,13103742,6,1,2019-01-28 10:51:18, Windows 시작음 모음 ,793,2,0,0
2019-01-29 04:51:30.847186,13103742,6,1,2019-01-28 10:51:18, Windows 시작음 모음 ,794,1,0,0
2019-01-29 05:51:22.861039,13103742,6,1,2019-01-28 10:51:18, Windows 시작음 모음 ,796,2,0,0
2019-01-29 06:51:27.847144,13103742,6,1,2019-01-28 10:51:18, Windows 시작음 모음 ,797,1,0,0
2019-01-29 07:51:19.874833,13103742,6,1,2019-01-28 10:51:18, Windows 시작음 모음 ,799,2,0,0
2019-01-29 08:51:24.834358,13103742,6,1,2019-01-28 10:51:18, Windows 시작음 모음 ,800,1,0,0
2019-01-29 09:51:29.900419,13103742,6,1,2019-01-28 10:51:18, Windows 시작음 모음 ,801,1,0,0
2019-01-29 10:51:21.900984,13103742,6,1,2019-01-28 10:51:18, Windows 시작음 모음 ,802,1,0,0
