check_time,id,post_reply,post_symph,post_time,post_title,post_view,post_view_diff,post_reply_diff,post_symph_diff
2019-01-28 02:02:25.683013,13102981,6,3,2019-01-28 01:02:13, 일본 방문 주의국 지정바랍니다. ,1567,1567,6,3
2019-01-28 03:02:17.800658,13102981,6,3,2019-01-28 01:02:13, 일본 방문 주의국 지정바랍니다. ,1868,301,0,0
2019-01-28 04:02:23.953887,13102981,6,3,2019-01-28 01:02:13, 일본 방문 주의국 지정바랍니다. ,2037,169,0,0
2019-01-28 05:02:15.981410,13102981,6,3,2019-01-28 01:02:13, 일본 방문 주의국 지정바랍니다. ,2151,114,0,0
2019-01-28 06:02:21.021305,13102981,6,3,2019-01-28 01:02:13, 일본 방문 주의국 지정바랍니다. ,2297,146,0,0
2019-01-28 07:02:13.255977,13102981,6,4,2019-01-28 01:02:13, 일본 방문 주의국 지정바랍니다. ,2504,207,0,1
2019-01-28 08:02:18.242194,13102981,6,4,2019-01-28 01:02:13, 일본 방문 주의국 지정바랍니다. ,2805,301,0,0
2019-01-28 09:02:23.261464,13102981,6,4,2019-01-28 01:02:13, 일본 방문 주의국 지정바랍니다. ,3004,199,0,0
2019-01-28 10:02:15.465789,13102981,6,4,2019-01-28 01:02:13, 일본 방문 주의국 지정바랍니다. ,3087,83,0,0
2019-01-28 11:02:20.549031,13102981,6,4,2019-01-28 01:02:13, 일본 방문 주의국 지정바랍니다. ,3135,48,0,0
2019-01-28 12:02:25.610442,13102981,6,4,2019-01-28 01:02:13, 일본 방문 주의국 지정바랍니다. ,3181,46,0,0
2019-01-28 13:02:17.672276,13102981,6,4,2019-01-28 01:02:13, 일본 방문 주의국 지정바랍니다. ,3210,29,0,0
2019-01-28 14:02:22.772957,13102981,6,4,2019-01-28 01:02:13, 일본 방문 주의국 지정바랍니다. ,3228,18,0,0
2019-01-28 15:02:14.787530,13102981,6,4,2019-01-28 01:02:13, 일본 방문 주의국 지정바랍니다. ,3240,12,0,0
2019-01-28 16:02:19.720427,13102981,6,4,2019-01-28 01:02:13, 일본 방문 주의국 지정바랍니다. ,3247,7,0,0
2019-01-28 17:02:24.787189,13102981,6,4,2019-01-28 01:02:13, 일본 방문 주의국 지정바랍니다. ,3254,7,0,0
2019-01-28 18:02:16.833944,13102981,6,4,2019-01-28 01:02:13, 일본 방문 주의국 지정바랍니다. ,3261,7,0,0
2019-01-28 19:02:21.930094,13102981,6,4,2019-01-28 01:02:13, 일본 방문 주의국 지정바랍니다. ,3270,9,0,0
2019-01-28 20:02:14.040771,13102981,6,4,2019-01-28 01:02:13, 일본 방문 주의국 지정바랍니다. ,3276,6,0,0
2019-01-28 21:02:19.144254,13102981,6,4,2019-01-28 01:02:13, 일본 방문 주의국 지정바랍니다. ,3282,6,0,0
2019-01-28 22:02:24.217794,13102981,6,4,2019-01-28 01:02:13, 일본 방문 주의국 지정바랍니다. ,3286,4,0,0
2019-01-28 23:02:16.381870,13102981,6,4,2019-01-28 01:02:13, 일본 방문 주의국 지정바랍니다. ,3288,2,0,0
2019-01-29 00:02:21.584797,13102981,6,4,2019-01-28 01:02:13, 일본 방문 주의국 지정바랍니다. ,3294,6,0,0
2019-01-29 01:02:13.534021,13102981,6,4,2019-01-28 01:02:13, 일본 방문 주의국 지정바랍니다. ,3300,6,0,0
