check_time,id,post_reply,post_symph,post_time,post_title,post_view,post_view_diff,post_reply_diff,post_symph_diff
2019-01-24 02:45:42.377199,13087681,6,0,2019-01-24 01:45:40, 범블비를 보고 있는데 ... ,578,578,6,0
2019-01-24 03:45:47.446030,13087681,7,0,2019-01-24 01:45:40, 범블비를 보고 있는데 ... ,675,97,1,0
2019-01-24 04:45:52.732463,13087681,7,0,2019-01-24 01:45:40, 범블비를 보고 있는데 ... ,749,74,0,0
2019-01-24 05:45:44.825628,13087681,7,0,2019-01-24 01:45:40, 범블비를 보고 있는데 ... ,809,60,0,0
2019-01-24 06:45:50.720543,13087681,7,0,2019-01-24 01:45:40, 범블비를 보고 있는데 ... ,889,80,0,0
2019-01-24 07:45:42.814168,13087681,7,0,2019-01-24 01:45:40, 범블비를 보고 있는데 ... ,981,92,0,0
2019-01-24 08:45:47.940199,13087681,7,0,2019-01-24 01:45:40, 범블비를 보고 있는데 ... ,1070,89,0,0
2019-01-24 09:45:40.032798,13087681,7,0,2019-01-24 01:45:40, 범블비를 보고 있는데 ... ,1115,45,0,0
2019-01-24 10:45:45.118840,13087681,7,0,2019-01-24 01:45:40, 범블비를 보고 있는데 ... ,1127,12,0,0
2019-01-24 11:45:50.181417,13087681,7,0,2019-01-24 01:45:40, 범블비를 보고 있는데 ... ,1133,6,0,0
2019-01-24 12:45:42.255562,13087681,7,0,2019-01-24 01:45:40, 범블비를 보고 있는데 ... ,1136,3,0,0
2019-01-24 13:45:47.374063,13087681,7,0,2019-01-24 01:45:40, 범블비를 보고 있는데 ... ,1139,3,0,0
2019-01-24 14:45:52.479919,13087681,7,0,2019-01-24 01:45:40, 범블비를 보고 있는데 ... ,1141,2,0,0
2019-01-24 15:45:44.600081,13087681,7,0,2019-01-24 01:45:40, 범블비를 보고 있는데 ... ,1144,3,0,0
2019-01-24 16:45:49.713546,13087681,7,0,2019-01-24 01:45:40, 범블비를 보고 있는데 ... ,1147,3,0,0
2019-01-24 17:45:41.797318,13087681,7,0,2019-01-24 01:45:40, 범블비를 보고 있는데 ... ,1151,4,0,0
2019-01-24 18:45:46.915327,13087681,7,0,2019-01-24 01:45:40, 범블비를 보고 있는데 ... ,1153,2,0,0
2019-01-24 19:45:52.110498,13087681,7,0,2019-01-24 01:45:40, 범블비를 보고 있는데 ... ,1154,1,0,0
2019-01-24 20:45:44.169012,13087681,7,0,2019-01-24 01:45:40, 범블비를 보고 있는데 ... ,1158,4,0,0
2019-01-24 21:45:49.426502,13087681,7,0,2019-01-24 01:45:40, 범블비를 보고 있는데 ... ,1159,1,0,0
2019-01-24 22:45:41.483521,13087681,7,0,2019-01-24 01:45:40, 범블비를 보고 있는데 ... ,1160,1,0,0
2019-01-24 23:45:47.382936,13087681,7,0,2019-01-24 01:45:40, 범블비를 보고 있는데 ... ,1163,3,0,0
2019-01-25 00:45:52.356673,13087681,7,0,2019-01-24 01:45:40, 범블비를 보고 있는데 ... ,1164,1,0,0
2019-01-25 01:45:44.406130,13087681,7,0,2019-01-24 01:45:40, 범블비를 보고 있는데 ... ,1166,2,0,0
