check_time,id,post_reply,post_symph,post_time,post_title,post_view,post_view_diff,post_reply_diff,post_symph_diff
2019-01-28 02:24:19.239369,13103035,7,0,2019-01-28 01:24:11, 결국 카광은 그 분에게도 손절당했네요 ,2201,2201,7,0
2019-01-28 03:24:11.285729,13103035,7,0,2019-01-28 01:24:11, 결국 카광은 그 분에게도 손절당했네요 ,2740,539,0,0
2019-01-28 04:24:16.442206,13103035,7,0,2019-01-28 01:24:11, 결국 카광은 그 분에게도 손절당했네요 ,3038,298,0,0
2019-01-28 05:24:21.507240,13103035,7,0,2019-01-28 01:24:11, 결국 카광은 그 분에게도 손절당했네요 ,3247,209,0,0
2019-01-28 06:24:13.583973,13103035,8,0,2019-01-28 01:24:11, 결국 카광은 그 분에게도 손절당했네요 ,3632,385,1,0
2019-01-28 07:24:18.637245,13103035,8,0,2019-01-28 01:24:11, 결국 카광은 그 분에게도 손절당했네요 ,4268,636,0,0
2019-01-28 08:24:23.693425,13103035,8,0,2019-01-28 01:24:11, 결국 카광은 그 분에게도 손절당했네요 ,4987,719,0,0
2019-01-28 09:24:15.797120,13103035,8,0,2019-01-28 01:24:11, 결국 카광은 그 분에게도 손절당했네요 ,5388,401,0,0
2019-01-28 10:24:20.891955,13103035,8,0,2019-01-28 01:24:11, 결국 카광은 그 분에게도 손절당했네요 ,5556,168,0,0
2019-01-28 11:24:12.984955,13103035,8,0,2019-01-28 01:24:11, 결국 카광은 그 분에게도 손절당했네요 ,5633,77,0,0
2019-01-28 12:24:18.065937,13103035,8,0,2019-01-28 01:24:11, 결국 카광은 그 분에게도 손절당했네요 ,5698,65,0,0
2019-01-28 13:24:23.216021,13103035,8,0,2019-01-28 01:24:11, 결국 카광은 그 분에게도 손절당했네요 ,5757,59,0,0
2019-01-28 14:24:15.353826,13103035,8,0,2019-01-28 01:24:11, 결국 카광은 그 분에게도 손절당했네요 ,5780,23,0,0
2019-01-28 15:24:20.385383,13103035,8,0,2019-01-28 01:24:11, 결국 카광은 그 분에게도 손절당했네요 ,5793,13,0,0
2019-01-28 16:24:12.393483,13103035,8,0,2019-01-28 01:24:11, 결국 카광은 그 분에게도 손절당했네요 ,5807,14,0,0
2019-01-28 17:24:17.468404,13103035,8,0,2019-01-28 01:24:11, 결국 카광은 그 분에게도 손절당했네요 ,5827,20,0,0
2019-01-28 18:24:22.549484,13103035,8,0,2019-01-28 01:24:11, 결국 카광은 그 분에게도 손절당했네요 ,5843,16,0,0
2019-01-28 19:24:14.571918,13103035,8,0,2019-01-28 01:24:11, 결국 카광은 그 분에게도 손절당했네요 ,5854,11,0,0
2019-01-28 20:24:19.920846,13103035,8,0,2019-01-28 01:24:11, 결국 카광은 그 분에게도 손절당했네요 ,5868,14,0,0
2019-01-28 21:24:12.220668,13103035,8,0,2019-01-28 01:24:11, 결국 카광은 그 분에게도 손절당했네요 ,5875,7,0,0
2019-01-28 22:24:17.506932,13103035,8,0,2019-01-28 01:24:11, 결국 카광은 그 분에게도 손절당했네요 ,5881,6,0,0
2019-01-28 23:24:22.679203,13103035,8,0,2019-01-28 01:24:11, 결국 카광은 그 분에게도 손절당했네요 ,5886,5,0,0
2019-01-29 00:24:14.811858,13103035,8,0,2019-01-28 01:24:11, 결국 카광은 그 분에게도 손절당했네요 ,5910,24,0,0
2019-01-29 01:24:20.204714,13103035,8,0,2019-01-28 01:24:11, 결국 카광은 그 분에게도 손절당했네요 ,5925,15,0,0
