check_time,id,post_reply,post_symph,post_time,post_title,post_view,post_view_diff,post_reply_diff,post_symph_diff
2019-01-29 02:44:50.442994,13106879,7,0,2019-01-29 01:44:43, 군대 방송 레젼드.jpg ,2395,2395,7,0
2019-01-29 03:44:55.474484,13106879,8,0,2019-01-29 01:44:43, 군대 방송 레젼드.jpg ,2962,567,1,0
2019-01-29 04:44:47.569496,13106879,8,0,2019-01-29 01:44:43, 군대 방송 레젼드.jpg ,3368,406,0,0
2019-01-29 05:44:52.624123,13106879,8,0,2019-01-29 01:44:43, 군대 방송 레젼드.jpg ,3793,425,0,0
2019-01-29 06:44:44.668555,13106879,8,0,2019-01-29 01:44:43, 군대 방송 레젼드.jpg ,4585,792,0,0
2019-01-29 07:44:49.721527,13106879,8,0,2019-01-29 01:44:43, 군대 방송 레젼드.jpg ,5977,1392,0,0
2019-01-29 08:44:54.976219,13106879,9,0,2019-01-29 01:44:43, 군대 방송 레젼드.jpg ,7269,1292,1,0
2019-01-29 09:44:47.117445,13106879,9,0,2019-01-29 01:44:43, 군대 방송 레젼드.jpg ,7917,648,0,0
2019-01-29 10:44:52.178965,13106879,9,0,2019-01-29 01:44:43, 군대 방송 레젼드.jpg ,8225,308,0,0
2019-01-29 11:44:44.239049,13106879,9,0,2019-01-29 01:44:43, 군대 방송 레젼드.jpg ,8398,173,0,0
2019-01-29 12:44:49.484165,13106879,9,0,2019-01-29 01:44:43, 군대 방송 레젼드.jpg ,8481,83,0,0
2019-01-29 13:44:54.541131,13106879,9,0,2019-01-29 01:44:43, 군대 방송 레젼드.jpg ,8539,58,0,0
2019-01-29 14:44:48.601215,13106879,9,0,2019-01-29 01:44:43, 군대 방송 레젼드.jpg ,8578,39,0,0
2019-01-29 15:44:53.665158,13106879,9,0,2019-01-29 01:44:43, 군대 방송 레젼드.jpg ,8596,18,0,0
2019-01-29 16:44:45.707469,13106879,9,0,2019-01-29 01:44:43, 군대 방송 레젼드.jpg ,8605,9,0,0
2019-01-29 17:44:50.967905,13106879,9,0,2019-01-29 01:44:43, 군대 방송 레젼드.jpg ,8618,13,0,0
2019-01-29 18:44:43.026077,13106879,9,0,2019-01-29 01:44:43, 군대 방송 레젼드.jpg ,8624,6,0,0
2019-01-29 19:44:48.058152,13106879,9,0,2019-01-29 01:44:43, 군대 방송 레젼드.jpg ,8631,7,0,0
2019-01-29 20:44:53.097710,13106879,9,0,2019-01-29 01:44:43, 군대 방송 레젼드.jpg ,8642,11,0,0
2019-01-29 21:44:45.071187,13106879,9,0,2019-01-29 01:44:43, 군대 방송 레젼드.jpg ,8650,8,0,0
2019-01-29 22:44:50.298702,13106879,9,0,2019-01-29 01:44:43, 군대 방송 레젼드.jpg ,8655,5,0,0
2019-01-29 23:44:55.321581,13106879,9,0,2019-01-29 01:44:43, 군대 방송 레젼드.jpg ,8659,4,0,0
2019-01-30 00:44:47.384112,13106879,9,0,2019-01-29 01:44:43, 군대 방송 레젼드.jpg ,8671,12,0,0
2019-01-30 01:44:52.430398,13106879,9,0,2019-01-29 01:44:43, 군대 방송 레젼드.jpg ,8680,9,0,0
