check_time,id,post_reply,post_symph,post_time,post_title,post_view,post_view_diff,post_reply_diff,post_symph_diff
2019-01-30 02:10:13.792944,13110401,9,0,2019-01-30 01:10:05, 어떤 사고를 자신이 처음으로 발견하게 되었다면... ,702,702,9,0
2019-01-30 03:10:05.907216,13110401,9,0,2019-01-30 01:10:05, 어떤 사고를 자신이 처음으로 발견하게 되었다면... ,812,110,0,0
2019-01-30 04:10:11.024911,13110401,9,0,2019-01-30 01:10:05, 어떤 사고를 자신이 처음으로 발견하게 되었다면... ,863,51,0,0
2019-01-30 05:10:16.082595,13110401,9,0,2019-01-30 01:10:05, 어떤 사고를 자신이 처음으로 발견하게 되었다면... ,899,36,0,0
2019-01-30 06:10:08.233271,13110401,9,0,2019-01-30 01:10:05, 어떤 사고를 자신이 처음으로 발견하게 되었다면... ,945,46,0,0
2019-01-30 07:10:13.377640,13110401,9,0,2019-01-30 01:10:05, 어떤 사고를 자신이 처음으로 발견하게 되었다면... ,1008,63,0,0
2019-01-30 08:10:05.492908,13110401,9,0,2019-01-30 01:10:05, 어떤 사고를 자신이 처음으로 발견하게 되었다면... ,1084,76,0,0
2019-01-30 09:10:10.591801,13110401,9,0,2019-01-30 01:10:05, 어떤 사고를 자신이 처음으로 발견하게 되었다면... ,1156,72,0,0
2019-01-30 10:10:16.056087,13110401,9,0,2019-01-30 01:10:05, 어떤 사고를 자신이 처음으로 발견하게 되었다면... ,1176,20,0,0
2019-01-30 11:10:08.119513,13110401,9,0,2019-01-30 01:10:05, 어떤 사고를 자신이 처음으로 발견하게 되었다면... ,1193,17,0,0
2019-01-30 12:10:13.212137,13110401,9,0,2019-01-30 01:10:05, 어떤 사고를 자신이 처음으로 발견하게 되었다면... ,1199,6,0,0
2019-01-30 13:10:05.506040,13110401,9,0,2019-01-30 01:10:05, 어떤 사고를 자신이 처음으로 발견하게 되었다면... ,1204,5,0,0
2019-01-30 14:10:10.570435,13110401,9,0,2019-01-30 01:10:05, 어떤 사고를 자신이 처음으로 발견하게 되었다면... ,1208,4,0,0
2019-01-30 15:10:15.557157,13110401,9,0,2019-01-30 01:10:05, 어떤 사고를 자신이 처음으로 발견하게 되었다면... ,1213,5,0,0
2019-01-30 16:10:07.596901,13110401,9,0,2019-01-30 01:10:05, 어떤 사고를 자신이 처음으로 발견하게 되었다면... ,1216,3,0,0
2019-01-30 17:10:12.663341,13110401,9,0,2019-01-30 01:10:05, 어떤 사고를 자신이 처음으로 발견하게 되었다면... ,1218,2,0,0
2019-01-30 18:10:17.746993,13110401,9,0,2019-01-30 01:10:05, 어떤 사고를 자신이 처음으로 발견하게 되었다면... ,1220,2,0,0
2019-01-30 19:10:09.798840,13110401,9,0,2019-01-30 01:10:05, 어떤 사고를 자신이 처음으로 발견하게 되었다면... ,1222,2,0,0
2019-01-30 20:10:14.927444,13110401,9,0,2019-01-30 01:10:05, 어떤 사고를 자신이 처음으로 발견하게 되었다면... ,1224,2,0,0
2019-01-30 21:10:07.080326,13110401,9,0,2019-01-30 01:10:05, 어떤 사고를 자신이 처음으로 발견하게 되었다면... ,1226,2,0,0
2019-01-30 22:10:12.287070,13110401,9,0,2019-01-30 01:10:05, 어떤 사고를 자신이 처음으로 발견하게 되었다면... ,1227,1,0,0
2019-01-30 23:10:17.361444,13110401,9,0,2019-01-30 01:10:05, 어떤 사고를 자신이 처음으로 발견하게 되었다면... ,1230,3,0,0
2019-01-31 00:10:09.386754,13110401,9,0,2019-01-30 01:10:05, 어떤 사고를 자신이 처음으로 발견하게 되었다면... ,1231,1,0,0
2019-01-31 01:10:14.453356,13110401,9,0,2019-01-30 01:10:05, 어떤 사고를 자신이 처음으로 발견하게 되었다면... ,1235,4,0,0
