check_time,id,post_reply,post_symph,post_time,post_title,post_view,post_view_diff,post_reply_diff,post_symph_diff
2019-01-28 02:17:27.988689,13103024,8,0,2019-01-28 01:17:25, 뉴비 인사드립니드아- ,349,349,8,0
2019-01-28 03:17:33.552324,13103024,8,0,2019-01-28 01:17:25, 뉴비 인사드립니드아- ,386,37,0,0
2019-01-28 04:17:26.141091,13103024,8,0,2019-01-28 01:17:25, 뉴비 인사드립니드아- ,411,25,0,0
2019-01-28 05:17:31.641892,13103024,8,0,2019-01-28 01:17:25, 뉴비 인사드립니드아- ,426,15,0,0
2019-01-28 06:17:36.730638,13103024,8,0,2019-01-28 01:17:25, 뉴비 인사드립니드아- ,444,18,0,0
2019-01-28 07:17:29.414794,13103024,8,0,2019-01-28 01:17:25, 뉴비 인사드립니드아- ,474,30,0,0
2019-01-28 08:17:34.696944,13103024,8,0,2019-01-28 01:17:25, 뉴비 인사드립니드아- ,506,32,0,0
2019-01-28 09:17:26.806317,13103024,8,0,2019-01-28 01:17:25, 뉴비 인사드립니드아- ,522,16,0,0
2019-01-28 10:17:31.943655,13103024,8,0,2019-01-28 01:17:25, 뉴비 인사드립니드아- ,526,4,0,0
2019-01-28 11:17:37.067431,13103024,8,0,2019-01-28 01:17:25, 뉴비 인사드립니드아- ,533,7,0,0
2019-01-28 12:17:29.283369,13103024,8,0,2019-01-28 01:17:25, 뉴비 인사드립니드아- ,534,1,0,0
2019-01-28 13:17:34.321313,13103024,8,0,2019-01-28 01:17:25, 뉴비 인사드립니드아- ,536,2,0,0
2019-01-28 14:17:26.453311,13103024,8,0,2019-01-28 01:17:25, 뉴비 인사드립니드아- ,537,1,0,0
2019-01-28 15:17:31.517564,13103024,8,0,2019-01-28 01:17:25, 뉴비 인사드립니드아- ,538,1,0,0
2019-01-28 16:17:36.563425,13103024,8,0,2019-01-28 01:17:25, 뉴비 인사드립니드아- ,540,2,0,0
2019-01-28 17:17:28.926964,13103024,8,0,2019-01-28 01:17:25, 뉴비 인사드립니드아- ,542,2,0,0
2019-01-28 18:17:34.041482,13103024,8,0,2019-01-28 01:17:25, 뉴비 인사드립니드아- ,546,4,0,0
2019-01-28 19:17:26.145734,13103024,8,0,2019-01-28 01:17:25, 뉴비 인사드립니드아- ,550,4,0,0
2019-01-28 20:17:31.275995,13103024,8,0,2019-01-28 01:17:25, 뉴비 인사드립니드아- ,551,1,0,0
2019-01-28 21:17:36.314625,13103024,8,0,2019-01-28 01:17:25, 뉴비 인사드립니드아- ,555,4,0,0
2019-01-28 22:17:28.358912,13103024,8,0,2019-01-28 01:17:25, 뉴비 인사드립니드아- ,556,1,0,0
2019-01-28 23:17:33.462434,13103024,8,0,2019-01-28 01:17:25, 뉴비 인사드립니드아- ,557,1,0,0
2019-01-29 00:17:25.690643,13103024,8,0,2019-01-28 01:17:25, 뉴비 인사드립니드아- ,558,1,0,0
2019-01-29 01:17:30.724364,13103024,8,0,2019-01-28 01:17:25, 뉴비 인사드립니드아- ,563,5,0,0
