check_time,id,post_reply,post_symph,post_time,post_title,post_view,post_view_diff,post_reply_diff,post_symph_diff
2019-01-30 02:17:02.601937,13110415,8,0,2019-01-30 01:16:59, 클리앙에 돌+아이는 저 하나만으로 족합니다아아!! ,471,471,8,0
2019-01-30 03:17:07.667873,13110415,8,0,2019-01-30 01:16:59, 클리앙에 돌+아이는 저 하나만으로 족합니다아아!! ,539,68,0,0
2019-01-30 04:16:59.745630,13110415,8,0,2019-01-30 01:16:59, 클리앙에 돌+아이는 저 하나만으로 족합니다아아!! ,567,28,0,0
2019-01-30 05:17:04.860556,13110415,8,0,2019-01-30 01:16:59, 클리앙에 돌+아이는 저 하나만으로 족합니다아아!! ,584,17,0,0
2019-01-30 06:17:09.960527,13110415,8,0,2019-01-30 01:16:59, 클리앙에 돌+아이는 저 하나만으로 족합니다아아!! ,612,28,0,0
2019-01-30 07:17:02.062967,13110415,8,0,2019-01-30 01:16:59, 클리앙에 돌+아이는 저 하나만으로 족합니다아아!! ,656,44,0,0
2019-01-30 08:17:07.441854,13110415,8,0,2019-01-30 01:16:59, 클리앙에 돌+아이는 저 하나만으로 족합니다아아!! ,714,58,0,0
2019-01-30 09:16:59.546208,13110415,8,0,2019-01-30 01:16:59, 클리앙에 돌+아이는 저 하나만으로 족합니다아아!! ,750,36,0,0
2019-01-30 10:17:04.648981,13110415,8,0,2019-01-30 01:16:59, 클리앙에 돌+아이는 저 하나만으로 족합니다아아!! ,765,15,0,0
2019-01-30 11:17:09.649898,13110415,8,0,2019-01-30 01:16:59, 클리앙에 돌+아이는 저 하나만으로 족합니다아아!! ,766,1,0,0
2019-01-30 12:17:01.900106,13110415,8,0,2019-01-30 01:16:59, 클리앙에 돌+아이는 저 하나만으로 족합니다아아!! ,771,5,0,0
2019-01-30 13:17:07.032046,13110415,8,0,2019-01-30 01:16:59, 클리앙에 돌+아이는 저 하나만으로 족합니다아아!! ,773,2,0,0
2019-01-30 14:16:59.117409,13110415,8,0,2019-01-30 01:16:59, 클리앙에 돌+아이는 저 하나만으로 족합니다아아!! ,778,5,0,0
2019-01-30 15:17:04.623642,13110415,8,0,2019-01-30 01:16:59, 클리앙에 돌+아이는 저 하나만으로 족합니다아아!! ,779,1,0,0
2019-01-30 16:17:09.912414,13110415,8,0,2019-01-30 01:16:59, 클리앙에 돌+아이는 저 하나만으로 족합니다아아!! ,781,2,0,0
2019-01-30 17:17:01.860773,13110415,8,0,2019-01-30 01:16:59, 클리앙에 돌+아이는 저 하나만으로 족합니다아아!! ,783,2,0,0
2019-01-30 18:17:06.883501,13110415,8,0,2019-01-30 01:16:59, 클리앙에 돌+아이는 저 하나만으로 족합니다아아!! ,784,1,0,0
2019-01-30 19:16:59.058275,13110415,8,0,2019-01-30 01:16:59, 클리앙에 돌+아이는 저 하나만으로 족합니다아아!! ,787,3,0,0
2019-01-30 20:17:04.306512,13110415,8,0,2019-01-30 01:16:59, 클리앙에 돌+아이는 저 하나만으로 족합니다아아!! ,789,2,0,0
2019-01-30 21:17:09.353423,13110415,8,0,2019-01-30 01:16:59, 클리앙에 돌+아이는 저 하나만으로 족합니다아아!! ,791,2,0,0
2019-01-30 22:17:01.381011,13110415,8,0,2019-01-30 01:16:59, 클리앙에 돌+아이는 저 하나만으로 족합니다아아!! ,792,1,0,0
2019-01-30 23:17:06.487131,13110415,8,0,2019-01-30 01:16:59, 클리앙에 돌+아이는 저 하나만으로 족합니다아아!! ,794,2,0,0
2019-01-31 00:17:11.483849,13110415,8,0,2019-01-30 01:16:59, 클리앙에 돌+아이는 저 하나만으로 족합니다아아!! ,795,1,0,0
2019-01-31 01:17:03.579536,13110415,8,0,2019-01-30 01:16:59, 클리앙에 돌+아이는 저 하나만으로 족합니다아아!! ,798,3,0,0
