check_time,id,post_reply,post_symph,post_time,post_title,post_view,post_view_diff,post_reply_diff,post_symph_diff
2019-01-27 02:36:26.961089,13100044,5,0,2019-01-27 01:36:25, 국산 3D 애니메이션 아크(Ark) 기억하시나요? ,681,681,5,0
2019-01-27 03:36:32.021933,13100044,6,0,2019-01-27 01:36:25, 국산 3D 애니메이션 아크(Ark) 기억하시나요? ,824,143,1,0
2019-01-27 04:36:37.077048,13100044,6,0,2019-01-27 01:36:25, 국산 3D 애니메이션 아크(Ark) 기억하시나요? ,895,71,0,0
2019-01-27 05:36:29.097527,13100044,6,0,2019-01-27 01:36:25, 국산 3D 애니메이션 아크(Ark) 기억하시나요? ,941,46,0,0
2019-01-27 06:36:34.326410,13100044,6,0,2019-01-27 01:36:25, 국산 3D 애니메이션 아크(Ark) 기억하시나요? ,970,29,0,0
2019-01-27 07:36:26.341804,13100044,6,0,2019-01-27 01:36:25, 국산 3D 애니메이션 아크(Ark) 기억하시나요? ,1023,53,0,0
2019-01-27 08:36:31.384169,13100044,6,0,2019-01-27 01:36:25, 국산 3D 애니메이션 아크(Ark) 기억하시나요? ,1094,71,0,0
2019-01-27 09:36:36.463591,13100044,7,0,2019-01-27 01:36:25, 국산 3D 애니메이션 아크(Ark) 기억하시나요? ,1174,80,1,0
2019-01-27 10:36:28.543909,13100044,7,0,2019-01-27 01:36:25, 국산 3D 애니메이션 아크(Ark) 기억하시나요? ,1212,38,0,0
2019-01-27 11:36:33.607435,13100044,7,0,2019-01-27 01:36:25, 국산 3D 애니메이션 아크(Ark) 기억하시나요? ,1250,38,0,0
2019-01-27 12:36:25.593317,13100044,7,0,2019-01-27 01:36:25, 국산 3D 애니메이션 아크(Ark) 기억하시나요? ,1270,20,0,0
2019-01-27 13:36:30.622381,13100044,7,0,2019-01-27 01:36:25, 국산 3D 애니메이션 아크(Ark) 기억하시나요? ,1280,10,0,0
2019-01-27 14:36:35.619555,13100044,7,0,2019-01-27 01:36:25, 국산 3D 애니메이션 아크(Ark) 기억하시나요? ,1285,5,0,0
2019-01-27 15:36:27.610850,13100044,7,0,2019-01-27 01:36:25, 국산 3D 애니메이션 아크(Ark) 기억하시나요? ,1291,6,0,0
2019-01-27 16:36:32.703372,13100044,7,0,2019-01-27 01:36:25, 국산 3D 애니메이션 아크(Ark) 기억하시나요? ,1293,2,0,0
2019-01-27 17:36:37.716222,13100044,7,0,2019-01-27 01:36:25, 국산 3D 애니메이션 아크(Ark) 기억하시나요? ,1296,3,0,0
2019-01-27 18:36:29.774392,13100044,7,0,2019-01-27 01:36:25, 국산 3D 애니메이션 아크(Ark) 기억하시나요? ,1300,4,0,0
2019-01-27 19:36:34.860239,13100044,7,0,2019-01-27 01:36:25, 국산 3D 애니메이션 아크(Ark) 기억하시나요? ,1301,1,0,0
2019-01-27 20:36:26.886814,13100044,7,0,2019-01-27 01:36:25, 국산 3D 애니메이션 아크(Ark) 기억하시나요? ,1303,2,0,0
2019-01-27 21:36:31.905174,13100044,7,0,2019-01-27 01:36:25, 국산 3D 애니메이션 아크(Ark) 기억하시나요? ,1305,2,0,0
2019-01-27 22:36:36.967043,13100044,7,0,2019-01-27 01:36:25, 국산 3D 애니메이션 아크(Ark) 기억하시나요? ,1306,1,0,0
2019-01-27 23:36:29.046203,13100044,7,0,2019-01-27 01:36:25, 국산 3D 애니메이션 아크(Ark) 기억하시나요? ,1308,2,0,0
2019-01-28 00:36:34.163856,13100044,7,0,2019-01-27 01:36:25, 국산 3D 애니메이션 아크(Ark) 기억하시나요? ,1310,2,0,0
2019-01-28 01:36:26.216399,13100044,7,0,2019-01-27 01:36:25, 국산 3D 애니메이션 아크(Ark) 기억하시나요? ,1313,3,0,0
