check_time,id,post_reply,post_symph,post_time,post_title,post_view,post_view_diff,post_reply_diff,post_symph_diff
2019-01-28 02:11:40.243921,13103006,3,0,2019-01-28 01:11:39, 잠이 안와 한잔합니다 ,682,682,3,0
2019-01-28 03:11:45.257331,13103006,4,0,2019-01-28 01:11:39, 잠이 안와 한잔합니다 ,802,120,1,0
2019-01-28 04:11:50.243941,13103006,4,0,2019-01-28 01:11:39, 잠이 안와 한잔합니다 ,840,38,0,0
2019-01-28 05:11:42.217328,13103006,4,0,2019-01-28 01:11:39, 잠이 안와 한잔합니다 ,875,35,0,0
2019-01-28 06:11:47.283656,13103006,4,0,2019-01-28 01:11:39, 잠이 안와 한잔합니다 ,907,32,0,0
2019-01-28 07:11:39.256645,13103006,4,0,2019-01-28 01:11:39, 잠이 안와 한잔합니다 ,964,57,0,0
2019-01-28 08:11:44.282557,13103006,4,0,2019-01-28 01:11:39, 잠이 안와 한잔합니다 ,1021,57,0,0
2019-01-28 09:11:49.307238,13103006,4,0,2019-01-28 01:11:39, 잠이 안와 한잔합니다 ,1061,40,0,0
2019-01-28 10:11:41.309984,13103006,4,0,2019-01-28 01:11:39, 잠이 안와 한잔합니다 ,1075,14,0,0
2019-01-28 11:11:46.380264,13103006,4,0,2019-01-28 01:11:39, 잠이 안와 한잔합니다 ,1092,17,0,0
2019-01-28 12:11:51.649564,13103006,4,0,2019-01-28 01:11:39, 잠이 안와 한잔합니다 ,1099,7,0,0
2019-01-28 13:11:43.712077,13103006,4,0,2019-01-28 01:11:39, 잠이 안와 한잔합니다 ,1103,4,0,0
2019-01-28 14:11:48.717518,13103006,4,0,2019-01-28 01:11:39, 잠이 안와 한잔합니다 ,1104,1,0,0
2019-01-28 15:11:41.180565,13103006,4,0,2019-01-28 01:11:39, 잠이 안와 한잔합니다 ,1109,5,0,0
2019-01-28 16:11:46.290417,13103006,4,0,2019-01-28 01:11:39, 잠이 안와 한잔합니다 ,1113,4,0,0
2019-01-28 17:11:51.353120,13103006,4,0,2019-01-28 01:11:39, 잠이 안와 한잔합니다 ,1114,1,0,0
2019-01-28 18:11:43.348869,13103006,4,0,2019-01-28 01:11:39, 잠이 안와 한잔합니다 ,1118,4,0,0
2019-01-28 19:11:48.400020,13103006,4,0,2019-01-28 01:11:39, 잠이 안와 한잔합니다 ,1120,2,0,0
2019-01-28 20:11:40.364599,13103006,4,0,2019-01-28 01:11:39, 잠이 안와 한잔합니다 ,1122,2,0,0
2019-01-28 21:11:45.386912,13103006,4,0,2019-01-28 01:11:39, 잠이 안와 한잔합니다 ,1124,2,0,0
2019-01-28 22:11:50.448033,13103006,4,0,2019-01-28 01:11:39, 잠이 안와 한잔합니다 ,1125,1,0,0
2019-01-28 23:11:42.515266,13103006,4,0,2019-01-28 01:11:39, 잠이 안와 한잔합니다 ,1127,2,0,0
2019-01-29 00:11:47.608336,13103006,4,0,2019-01-28 01:11:39, 잠이 안와 한잔합니다 ,1129,2,0,0
2019-01-29 01:11:39.685000,13103006,4,0,2019-01-28 01:11:39, 잠이 안와 한잔합니다 ,1130,1,0,0
