check_time,id,post_reply,post_symph,post_time,post_title,post_view,post_view_diff,post_reply_diff,post_symph_diff
2019-01-25 02:21:43.370120,13092037,2,0,2019-01-25 01:21:41, 자야겠네요. ,176,176,2,0
2019-01-25 03:21:48.430442,13092037,3,0,2019-01-25 01:21:41, 자야겠네요. ,194,18,1,0
2019-01-25 04:21:53.439010,13092037,3,0,2019-01-25 01:21:41, 자야겠네요. ,201,7,0,0
2019-01-25 05:21:45.579206,13092037,3,0,2019-01-25 01:21:41, 자야겠네요. ,204,3,0,0
2019-01-25 06:21:50.669199,13092037,3,0,2019-01-25 01:21:41, 자야겠네요. ,208,4,0,0
2019-01-25 07:21:42.699373,13092037,3,0,2019-01-25 01:21:41, 자야겠네요. ,214,6,0,0
2019-01-25 08:21:47.746962,13092037,3,0,2019-01-25 01:21:41, 자야겠네요. ,224,10,0,0
2019-01-25 09:21:52.738722,13092037,3,0,2019-01-25 01:21:41, 자야겠네요. ,228,4,0,0
2019-01-25 10:21:44.839522,13092037,3,0,2019-01-25 01:21:41, 자야겠네요. ,229,1,0,0
2019-01-25 11:21:49.800270,13092037,3,0,2019-01-25 01:21:41, 자야겠네요. ,231,2,0,0
2019-01-25 12:21:41.748142,13092037,3,0,2019-01-25 01:21:41, 자야겠네요. ,232,1,0,0
2019-01-25 13:21:46.817252,13092037,3,0,2019-01-25 01:21:41, 자야겠네요. ,234,2,0,0
2019-01-25 14:21:51.877712,13092037,3,0,2019-01-25 01:21:41, 자야겠네요. ,239,5,0,0
2019-01-25 15:21:44.386641,13092037,3,0,2019-01-25 01:21:41, 자야겠네요. ,241,2,0,0
2019-01-25 16:21:49.545254,13092037,3,0,2019-01-25 01:21:41, 자야겠네요. ,244,3,0,0
2019-01-25 17:21:41.851711,13092037,3,0,2019-01-25 01:21:41, 자야겠네요. ,245,1,0,0
2019-01-25 18:21:46.981988,13092037,3,0,2019-01-25 01:21:41, 자야겠네요. ,246,1,0,0
2019-01-25 19:21:52.377254,13092037,3,0,2019-01-25 01:21:41, 자야겠네요. ,248,2,0,0
2019-01-25 20:21:44.493718,13092037,3,0,2019-01-25 01:21:41, 자야겠네요. ,250,2,0,0
2019-01-25 21:21:49.544761,13092037,3,0,2019-01-25 01:21:41, 자야겠네요. ,252,2,0,0
2019-01-25 22:21:41.849805,13092037,3,0,2019-01-25 01:21:41, 자야겠네요. ,252,0,0,0
2019-01-25 23:21:46.842184,13092037,3,0,2019-01-25 01:21:41, 자야겠네요. ,254,2,0,0
2019-01-26 00:21:52.024934,13092037,3,0,2019-01-25 01:21:41, 자야겠네요. ,255,1,0,0
2019-01-26 01:21:44.143069,13092037,3,0,2019-01-25 01:21:41, 자야겠네요. ,257,2,0,0
