check_time,id,post_reply,post_symph,post_time,post_title,post_view,post_view_diff,post_reply_diff,post_symph_diff
2019-01-28 02:06:57.106955,13102994,12,1,2019-01-28 01:06:48, 솔직히 먹방하시는분들 건강이 걱정됩니다. ,940,940,12,1
2019-01-28 03:06:49.437778,13102994,12,1,2019-01-28 01:06:48, 솔직히 먹방하시는분들 건강이 걱정됩니다. ,1128,188,0,0
2019-01-28 04:06:54.755400,13102994,12,1,2019-01-28 01:06:48, 솔직히 먹방하시는분들 건강이 걱정됩니다. ,1233,105,0,0
2019-01-28 05:07:00.032107,13102994,12,1,2019-01-28 01:06:48, 솔직히 먹방하시는분들 건강이 걱정됩니다. ,1294,61,0,0
2019-01-28 06:06:52.070670,13102994,12,1,2019-01-28 01:06:48, 솔직히 먹방하시는분들 건강이 걱정됩니다. ,1377,83,0,0
2019-01-28 07:06:57.440631,13102994,13,1,2019-01-28 01:06:48, 솔직히 먹방하시는분들 건강이 걱정됩니다. ,1503,126,1,0
2019-01-28 08:06:49.807772,13102994,13,1,2019-01-28 01:06:48, 솔직히 먹방하시는분들 건강이 걱정됩니다. ,1651,148,0,0
2019-01-28 09:06:55.097792,13102994,13,1,2019-01-28 01:06:48, 솔직히 먹방하시는분들 건강이 걱정됩니다. ,1750,99,0,0
2019-01-28 10:07:00.391120,13102994,13,1,2019-01-28 01:06:48, 솔직히 먹방하시는분들 건강이 걱정됩니다. ,1780,30,0,0
2019-01-28 11:06:52.396681,13102994,13,1,2019-01-28 01:06:48, 솔직히 먹방하시는분들 건강이 걱정됩니다. ,1802,22,0,0
2019-01-28 12:06:57.802630,13102994,13,1,2019-01-28 01:06:48, 솔직히 먹방하시는분들 건강이 걱정됩니다. ,1812,10,0,0
2019-01-28 13:06:50.118791,13102994,13,1,2019-01-28 01:06:48, 솔직히 먹방하시는분들 건강이 걱정됩니다. ,1816,4,0,0
2019-01-28 14:06:55.192782,13102994,13,1,2019-01-28 01:06:48, 솔직히 먹방하시는분들 건강이 걱정됩니다. ,1819,3,0,0
2019-01-28 15:07:00.501796,13102994,13,1,2019-01-28 01:06:48, 솔직히 먹방하시는분들 건강이 걱정됩니다. ,1824,5,0,0
2019-01-28 16:06:52.732683,13102994,13,1,2019-01-28 01:06:48, 솔직히 먹방하시는분들 건강이 걱정됩니다. ,1827,3,0,0
2019-01-28 17:06:57.805379,13102994,13,1,2019-01-28 01:06:48, 솔직히 먹방하시는분들 건강이 걱정됩니다. ,1831,4,0,0
2019-01-28 18:06:49.852622,13102994,13,1,2019-01-28 01:06:48, 솔직히 먹방하시는분들 건강이 걱정됩니다. ,1836,5,0,0
2019-01-28 19:06:55.005339,13102994,13,1,2019-01-28 01:06:48, 솔직히 먹방하시는분들 건강이 걱정됩니다. ,1838,2,0,0
2019-01-28 20:07:00.118375,13102994,13,1,2019-01-28 01:06:48, 솔직히 먹방하시는분들 건강이 걱정됩니다. ,1841,3,0,0
2019-01-28 21:06:52.211239,13102994,13,1,2019-01-28 01:06:48, 솔직히 먹방하시는분들 건강이 걱정됩니다. ,1844,3,0,0
2019-01-28 22:06:57.288169,13102994,13,1,2019-01-28 01:06:48, 솔직히 먹방하시는분들 건강이 걱정됩니다. ,1847,3,0,0
2019-01-28 23:06:49.361586,13102994,13,1,2019-01-28 01:06:48, 솔직히 먹방하시는분들 건강이 걱정됩니다. ,1848,1,0,0
2019-01-29 00:06:54.632616,13102994,13,1,2019-01-28 01:06:48, 솔직히 먹방하시는분들 건강이 걱정됩니다. ,1849,1,0,0
2019-01-29 01:06:59.664821,13102994,13,1,2019-01-28 01:06:48, 솔직히 먹방하시는분들 건강이 걱정됩니다. ,1851,2,0,0
