check_time,id,post_reply,post_symph,post_time,post_title,post_view,post_view_diff,post_reply_diff,post_symph_diff
2019-01-28 02:50:34.011686,13103072,7,1,2019-01-28 01:50:27, 헤어진 여친이 생각나면 제대로 미친거 맞죠!? ,1214,1214,7,1
2019-01-28 03:50:39.108487,13103072,9,1,2019-01-28 01:50:27, 헤어진 여친이 생각나면 제대로 미친거 맞죠!? ,1537,323,2,0
2019-01-28 04:50:31.202677,13103072,9,1,2019-01-28 01:50:27, 헤어진 여친이 생각나면 제대로 미친거 맞죠!? ,1678,141,0,0
2019-01-28 05:50:36.293344,13103072,9,1,2019-01-28 01:50:27, 헤어진 여친이 생각나면 제대로 미친거 맞죠!? ,1855,177,0,0
2019-01-28 06:50:28.277102,13103072,10,1,2019-01-28 01:50:27, 헤어진 여친이 생각나면 제대로 미친거 맞죠!? ,2108,253,1,0
2019-01-28 07:50:33.312785,13103072,11,1,2019-01-28 01:50:27, 헤어진 여친이 생각나면 제대로 미친거 맞죠!? ,2563,455,1,0
2019-01-28 08:50:38.362636,13103072,12,1,2019-01-28 01:50:27, 헤어진 여친이 생각나면 제대로 미친거 맞죠!? ,2914,351,1,0
2019-01-28 09:50:30.378768,13103072,12,1,2019-01-28 01:50:27, 헤어진 여친이 생각나면 제대로 미친거 맞죠!? ,3056,142,0,0
2019-01-28 10:50:35.501612,13103072,12,1,2019-01-28 01:50:27, 헤어진 여친이 생각나면 제대로 미친거 맞죠!? ,3111,55,0,0
2019-01-28 11:50:27.796273,13103072,12,1,2019-01-28 01:50:27, 헤어진 여친이 생각나면 제대로 미친거 맞죠!? ,3154,43,0,0
2019-01-28 12:50:32.911292,13103072,12,1,2019-01-28 01:50:27, 헤어진 여친이 생각나면 제대로 미친거 맞죠!? ,3187,33,0,0
2019-01-28 13:50:38.032053,13103072,12,1,2019-01-28 01:50:27, 헤어진 여친이 생각나면 제대로 미친거 맞죠!? ,3218,31,0,0
2019-01-28 14:50:30.189355,13103072,12,1,2019-01-28 01:50:27, 헤어진 여친이 생각나면 제대로 미친거 맞죠!? ,3228,10,0,0
2019-01-28 15:50:35.281911,13103072,12,1,2019-01-28 01:50:27, 헤어진 여친이 생각나면 제대로 미친거 맞죠!? ,3235,7,0,0
2019-01-28 16:50:27.449241,13103072,12,1,2019-01-28 01:50:27, 헤어진 여친이 생각나면 제대로 미친거 맞죠!? ,3238,3,0,0
2019-01-28 17:50:32.521025,13103072,12,1,2019-01-28 01:50:27, 헤어진 여친이 생각나면 제대로 미친거 맞죠!? ,3249,11,0,0
2019-01-28 18:50:37.579996,13103072,12,1,2019-01-28 01:50:27, 헤어진 여친이 생각나면 제대로 미친거 맞죠!? ,3253,4,0,0
2019-01-28 19:50:29.583976,13103072,12,1,2019-01-28 01:50:27, 헤어진 여친이 생각나면 제대로 미친거 맞죠!? ,3258,5,0,0
2019-01-28 20:50:34.680470,13103072,12,1,2019-01-28 01:50:27, 헤어진 여친이 생각나면 제대로 미친거 맞죠!? ,3262,4,0,0
2019-01-28 21:50:27.148365,13103072,12,1,2019-01-28 01:50:27, 헤어진 여친이 생각나면 제대로 미친거 맞죠!? ,3264,2,0,0
2019-01-28 22:50:32.201497,13103072,12,1,2019-01-28 01:50:27, 헤어진 여친이 생각나면 제대로 미친거 맞죠!? ,3265,1,0,0
2019-01-28 23:50:37.190216,13103072,12,1,2019-01-28 01:50:27, 헤어진 여친이 생각나면 제대로 미친거 맞죠!? ,3272,7,0,0
2019-01-29 00:50:29.325194,13103072,12,1,2019-01-28 01:50:27, 헤어진 여친이 생각나면 제대로 미친거 맞죠!? ,3274,2,0,0
2019-01-29 01:50:34.448767,13103072,12,1,2019-01-28 01:50:27, 헤어진 여친이 생각나면 제대로 미친거 맞죠!? ,3277,3,0,0
