check_time,id,post_reply,post_symph,post_time,post_title,post_view,post_view_diff,post_reply_diff,post_symph_diff
2019-01-24 02:12:03.957441,13087630,4,0,2019-01-24 01:11:52, 스포) 디씨 원더우먼이 영화에서 ,894,894,4,0
2019-01-24 03:11:55.993588,13087630,4,0,2019-01-24 01:11:52, 스포) 디씨 원더우먼이 영화에서 ,1023,129,0,0
2019-01-24 04:12:00.988106,13087630,4,0,2019-01-24 01:11:52, 스포) 디씨 원더우먼이 영화에서 ,1097,74,0,0
2019-01-24 05:11:53.082672,13087630,4,0,2019-01-24 01:11:52, 스포) 디씨 원더우먼이 영화에서 ,1149,52,0,0
2019-01-24 06:11:58.167547,13087630,4,0,2019-01-24 01:11:52, 스포) 디씨 원더우먼이 영화에서 ,1213,64,0,0
2019-01-24 07:12:03.259657,13087630,4,0,2019-01-24 01:11:52, 스포) 디씨 원더우먼이 영화에서 ,1324,111,0,0
2019-01-24 08:11:55.405155,13087630,4,0,2019-01-24 01:11:52, 스포) 디씨 원더우먼이 영화에서 ,1466,142,0,0
2019-01-24 09:12:00.868586,13087630,4,0,2019-01-24 01:11:52, 스포) 디씨 원더우먼이 영화에서 ,1555,89,0,0
2019-01-24 10:11:53.011877,13087630,4,0,2019-01-24 01:11:52, 스포) 디씨 원더우먼이 영화에서 ,1594,39,0,0
2019-01-24 11:11:58.336205,13087630,4,0,2019-01-24 01:11:52, 스포) 디씨 원더우먼이 영화에서 ,1608,14,0,0
2019-01-24 12:12:03.419564,13087630,4,0,2019-01-24 01:11:52, 스포) 디씨 원더우먼이 영화에서 ,1612,4,0,0
2019-01-24 13:11:55.523156,13087630,4,0,2019-01-24 01:11:52, 스포) 디씨 원더우먼이 영화에서 ,1614,2,0,0
2019-01-24 14:12:00.645847,13087630,4,0,2019-01-24 01:11:52, 스포) 디씨 원더우먼이 영화에서 ,1620,6,0,0
2019-01-24 15:11:52.764588,13087630,4,0,2019-01-24 01:11:52, 스포) 디씨 원더우먼이 영화에서 ,1624,4,0,0
2019-01-24 16:11:57.899770,13087630,4,0,2019-01-24 01:11:52, 스포) 디씨 원더우먼이 영화에서 ,1625,1,0,0
2019-01-24 17:12:02.999933,13087630,4,0,2019-01-24 01:11:52, 스포) 디씨 원더우먼이 영화에서 ,1627,2,0,0
2019-01-24 18:11:55.107659,13087630,4,0,2019-01-24 01:11:52, 스포) 디씨 원더우먼이 영화에서 ,1628,1,0,0
2019-01-24 19:12:00.120731,13087630,4,0,2019-01-24 01:11:52, 스포) 디씨 원더우먼이 영화에서 ,1631,3,0,0
2019-01-24 20:11:52.427073,13087630,4,0,2019-01-24 01:11:52, 스포) 디씨 원더우먼이 영화에서 ,1633,2,0,0
2019-01-24 21:11:57.664980,13087630,4,0,2019-01-24 01:11:52, 스포) 디씨 원더우먼이 영화에서 ,1637,4,0,0
2019-01-24 22:12:02.703242,13087630,4,0,2019-01-24 01:11:52, 스포) 디씨 원더우먼이 영화에서 ,1640,3,0,0
2019-01-24 23:11:54.807194,13087630,4,0,2019-01-24 01:11:52, 스포) 디씨 원더우먼이 영화에서 ,1642,2,0,0
2019-01-25 00:11:59.940763,13087630,4,0,2019-01-24 01:11:52, 스포) 디씨 원더우먼이 영화에서 ,1643,1,0,0
2019-01-25 01:11:52.008718,13087630,4,0,2019-01-24 01:11:52, 스포) 디씨 원더우먼이 영화에서 ,1647,4,0,0
