check_time,id,post_reply,post_symph,post_time,post_title,post_view,post_view_diff,post_reply_diff,post_symph_diff
2019-01-27 02:26:59.360752,13100030,4,0,2019-01-27 01:26:59, [스카이캐슬] 절대 원하지 않는 결말 ,2020,2020,4,0
2019-01-27 03:27:04.704273,13100030,4,0,2019-01-27 01:26:59, [스카이캐슬] 절대 원하지 않는 결말 ,2436,416,0,0
2019-01-27 04:27:09.872335,13100030,4,0,2019-01-27 01:26:59, [스카이캐슬] 절대 원하지 않는 결말 ,2644,208,0,0
2019-01-27 05:27:01.980408,13100030,4,0,2019-01-27 01:26:59, [스카이캐슬] 절대 원하지 않는 결말 ,2765,121,0,0
2019-01-27 06:27:07.018982,13100030,4,0,2019-01-27 01:26:59, [스카이캐슬] 절대 원하지 않는 결말 ,2882,117,0,0
2019-01-27 07:26:59.114322,13100030,4,0,2019-01-27 01:26:59, [스카이캐슬] 절대 원하지 않는 결말 ,3031,149,0,0
2019-01-27 08:27:04.218472,13100030,4,0,2019-01-27 01:26:59, [스카이캐슬] 절대 원하지 않는 결말 ,3329,298,0,0
2019-01-27 09:27:09.366878,13100030,4,0,2019-01-27 01:26:59, [스카이캐슬] 절대 원하지 않는 결말 ,3737,408,0,0
2019-01-27 10:27:01.527584,13100030,4,0,2019-01-27 01:26:59, [스카이캐슬] 절대 원하지 않는 결말 ,4034,297,0,0
2019-01-27 11:27:06.645989,13100030,4,0,2019-01-27 01:26:59, [스카이캐슬] 절대 원하지 않는 결말 ,4248,214,0,0
2019-01-27 12:27:11.787883,13100030,4,0,2019-01-27 01:26:59, [스카이캐슬] 절대 원하지 않는 결말 ,4381,133,0,0
2019-01-27 13:27:04.963947,13100030,4,0,2019-01-27 01:26:59, [스카이캐슬] 절대 원하지 않는 결말 ,4461,80,0,0
2019-01-27 14:27:10.403103,13100030,4,0,2019-01-27 01:26:59, [스카이캐슬] 절대 원하지 않는 결말 ,4513,52,0,0
2019-01-27 15:27:02.522121,13100030,4,0,2019-01-27 01:26:59, [스카이캐슬] 절대 원하지 않는 결말 ,4552,39,0,0
2019-01-27 16:27:07.665377,13100030,4,0,2019-01-27 01:26:59, [스카이캐슬] 절대 원하지 않는 결말 ,4575,23,0,0
2019-01-27 17:26:59.804591,13100030,4,0,2019-01-27 01:26:59, [스카이캐슬] 절대 원하지 않는 결말 ,4602,27,0,0
2019-01-27 18:27:04.886592,13100030,4,0,2019-01-27 01:26:59, [스카이캐슬] 절대 원하지 않는 결말 ,4620,18,0,0
2019-01-27 19:27:09.928131,13100030,4,0,2019-01-27 01:26:59, [스카이캐슬] 절대 원하지 않는 결말 ,4639,19,0,0
2019-01-27 20:27:02.036241,13100030,4,0,2019-01-27 01:26:59, [스카이캐슬] 절대 원하지 않는 결말 ,4653,14,0,0
2019-01-27 21:27:07.307826,13100030,4,0,2019-01-27 01:26:59, [스카이캐슬] 절대 원하지 않는 결말 ,4668,15,0,0
2019-01-27 22:26:59.591281,13100030,4,0,2019-01-27 01:26:59, [스카이캐슬] 절대 원하지 않는 결말 ,4685,17,0,0
2019-01-27 23:27:04.651878,13100030,4,0,2019-01-27 01:26:59, [스카이캐슬] 절대 원하지 않는 결말 ,4707,22,0,0
2019-01-28 00:27:09.693668,13100030,4,0,2019-01-27 01:26:59, [스카이캐슬] 절대 원하지 않는 결말 ,4721,14,0,0
2019-01-28 01:27:01.729436,13100030,4,0,2019-01-27 01:26:59, [스카이캐슬] 절대 원하지 않는 결말 ,4746,25,0,0
