check_time,id,post_reply,post_symph,post_time,post_title,post_view,post_view_diff,post_reply_diff,post_symph_diff
2019-01-25 02:32:01.116356,13092064,1,0,2019-01-25 01:31:53, 이란 그냥 피지컬로 밀고 들어가서 골 만들어 버리네요... 2-0 ,491,491,1,0
2019-01-25 03:31:53.128643,13092064,1,0,2019-01-25 01:31:53, 이란 그냥 피지컬로 밀고 들어가서 골 만들어 버리네요... 2-0 ,545,54,0,0
2019-01-25 04:31:58.057266,13092064,1,0,2019-01-25 01:31:53, 이란 그냥 피지컬로 밀고 들어가서 골 만들어 버리네요... 2-0 ,564,19,0,0
2019-01-25 05:32:03.075405,13092064,1,0,2019-01-25 01:31:53, 이란 그냥 피지컬로 밀고 들어가서 골 만들어 버리네요... 2-0 ,581,17,0,0
2019-01-25 06:31:55.123053,13092064,1,0,2019-01-25 01:31:53, 이란 그냥 피지컬로 밀고 들어가서 골 만들어 버리네요... 2-0 ,602,21,0,0
2019-01-25 07:32:00.610196,13092064,1,0,2019-01-25 01:31:53, 이란 그냥 피지컬로 밀고 들어가서 골 만들어 버리네요... 2-0 ,659,57,0,0
2019-01-25 08:32:05.565286,13092064,1,0,2019-01-25 01:31:53, 이란 그냥 피지컬로 밀고 들어가서 골 만들어 버리네요... 2-0 ,718,59,0,0
2019-01-25 09:31:57.633307,13092064,1,0,2019-01-25 01:31:53, 이란 그냥 피지컬로 밀고 들어가서 골 만들어 버리네요... 2-0 ,757,39,0,0
2019-01-25 10:32:02.606248,13092064,1,0,2019-01-25 01:31:53, 이란 그냥 피지컬로 밀고 들어가서 골 만들어 버리네요... 2-0 ,769,12,0,0
2019-01-25 11:31:54.833880,13092064,1,0,2019-01-25 01:31:53, 이란 그냥 피지컬로 밀고 들어가서 골 만들어 버리네요... 2-0 ,774,5,0,0
2019-01-25 12:31:59.800032,13092064,1,1,2019-01-25 01:31:53, 이란 그냥 피지컬로 밀고 들어가서 골 만들어 버리네요... 2-0 ,786,12,0,1
2019-01-25 13:32:04.807038,13092064,1,1,2019-01-25 01:31:53, 이란 그냥 피지컬로 밀고 들어가서 골 만들어 버리네요... 2-0 ,794,8,0,0
2019-01-25 14:31:56.783034,13092064,1,1,2019-01-25 01:31:53, 이란 그냥 피지컬로 밀고 들어가서 골 만들어 버리네요... 2-0 ,799,5,0,0
2019-01-25 15:32:01.873300,13092064,1,1,2019-01-25 01:31:53, 이란 그냥 피지컬로 밀고 들어가서 골 만들어 버리네요... 2-0 ,802,3,0,0
2019-01-25 16:31:53.927420,13092064,1,1,2019-01-25 01:31:53, 이란 그냥 피지컬로 밀고 들어가서 골 만들어 버리네요... 2-0 ,806,4,0,0
2019-01-25 17:31:58.966110,13092064,1,1,2019-01-25 01:31:53, 이란 그냥 피지컬로 밀고 들어가서 골 만들어 버리네요... 2-0 ,807,1,0,0
2019-01-25 18:32:04.032720,13092064,1,1,2019-01-25 01:31:53, 이란 그냥 피지컬로 밀고 들어가서 골 만들어 버리네요... 2-0 ,809,2,0,0
2019-01-25 19:31:55.987963,13092064,1,1,2019-01-25 01:31:53, 이란 그냥 피지컬로 밀고 들어가서 골 만들어 버리네요... 2-0 ,811,2,0,0
2019-01-25 20:32:01.517048,13092064,1,1,2019-01-25 01:31:53, 이란 그냥 피지컬로 밀고 들어가서 골 만들어 버리네요... 2-0 ,813,2,0,0
2019-01-25 21:31:53.774052,13092064,1,1,2019-01-25 01:31:53, 이란 그냥 피지컬로 밀고 들어가서 골 만들어 버리네요... 2-0 ,814,1,0,0
2019-01-25 22:31:59.019359,13092064,1,1,2019-01-25 01:31:53, 이란 그냥 피지컬로 밀고 들어가서 골 만들어 버리네요... 2-0 ,816,2,0,0
2019-01-25 23:32:04.360414,13092064,1,1,2019-01-25 01:31:53, 이란 그냥 피지컬로 밀고 들어가서 골 만들어 버리네요... 2-0 ,818,2,0,0
2019-01-26 00:31:56.468084,13092064,1,1,2019-01-25 01:31:53, 이란 그냥 피지컬로 밀고 들어가서 골 만들어 버리네요... 2-0 ,820,2,0,0
2019-01-26 01:32:01.545491,13092064,1,1,2019-01-25 01:31:53, 이란 그냥 피지컬로 밀고 들어가서 골 만들어 버리네요... 2-0 ,821,1,0,0
