check_time,id,post_reply,post_symph,post_time,post_title,post_view,post_view_diff,post_reply_diff,post_symph_diff
2019-01-30 02:42:15.756515,13110459,2,0,2019-01-30 01:42:07, 으 출출하네여 ,234,234,2,0
2019-01-30 03:42:07.751125,13110459,2,0,2019-01-30 01:42:07, 으 출출하네여 ,268,34,0,0
2019-01-30 04:42:12.755718,13110459,2,0,2019-01-30 01:42:07, 으 출출하네여 ,285,17,0,0
2019-01-30 05:42:17.776098,13110459,2,0,2019-01-30 01:42:07, 으 출출하네여 ,291,6,0,0
2019-01-30 06:42:09.733786,13110459,2,0,2019-01-30 01:42:07, 으 출출하네여 ,302,11,0,0
2019-01-30 07:42:14.747585,13110459,2,0,2019-01-30 01:42:07, 으 출출하네여 ,327,25,0,0
2019-01-30 08:42:19.970426,13110459,2,0,2019-01-30 01:42:07, 으 출출하네여 ,348,21,0,0
2019-01-30 09:42:12.009552,13110459,2,0,2019-01-30 01:42:07, 으 출출하네여 ,360,12,0,0
2019-01-30 10:42:17.007468,13110459,2,0,2019-01-30 01:42:07, 으 출출하네여 ,366,6,0,0
2019-01-30 11:42:09.008846,13110459,2,0,2019-01-30 01:42:07, 으 출출하네여 ,367,1,0,0
2019-01-30 12:42:14.049029,13110459,2,0,2019-01-30 01:42:07, 으 출출하네여 ,369,2,0,0
2019-01-30 13:42:19.138745,13110459,2,0,2019-01-30 01:42:07, 으 출출하네여 ,371,2,0,0
2019-01-30 14:42:11.200862,13110459,2,0,2019-01-30 01:42:07, 으 출출하네여 ,372,1,0,0
2019-01-30 15:42:16.320177,13110459,2,0,2019-01-30 01:42:07, 으 출출하네여 ,373,1,0,0
2019-01-30 16:42:08.387183,13110459,2,0,2019-01-30 01:42:07, 으 출출하네여 ,374,1,0,0
2019-01-30 17:42:13.582130,13110459,2,0,2019-01-30 01:42:07, 으 출출하네여 ,375,1,0,0
2019-01-30 18:42:18.636511,13110459,2,0,2019-01-30 01:42:07, 으 출출하네여 ,377,2,0,0
2019-01-30 19:42:10.744986,13110459,2,0,2019-01-30 01:42:07, 으 출출하네여 ,378,1,0,0
2019-01-30 20:42:15.834670,13110459,2,0,2019-01-30 01:42:07, 으 출출하네여 ,380,2,0,0
2019-01-30 21:42:07.920688,13110459,2,0,2019-01-30 01:42:07, 으 출출하네여 ,381,1,0,0
2019-01-30 22:42:12.965230,13110459,2,0,2019-01-30 01:42:07, 으 출출하네여 ,382,1,0,0
2019-01-30 23:42:18.597664,13110459,2,0,2019-01-30 01:42:07, 으 출출하네여 ,383,1,0,0
2019-01-31 00:42:10.628066,13110459,2,0,2019-01-30 01:42:07, 으 출출하네여 ,386,3,0,0
2019-01-31 01:42:16.805968,13110459,2,0,2019-01-30 01:42:07, 으 출출하네여 ,388,2,0,0
