check_time,id,post_reply,post_symph,post_time,post_title,post_view,post_view_diff,post_reply_diff,post_symph_diff
2019-01-29 02:36:17.069467,13106865,13,0,2019-01-29 01:36:17, 국가별 애플 서비스.jpg ,1997,1997,13,0
2019-01-29 03:36:22.143891,13106865,13,0,2019-01-29 01:36:17, 국가별 애플 서비스.jpg ,2493,496,0,0
2019-01-29 04:36:27.191986,13106865,13,0,2019-01-29 01:36:17, 국가별 애플 서비스.jpg ,2809,316,0,0
2019-01-29 05:36:19.230696,13106865,13,0,2019-01-29 01:36:17, 국가별 애플 서비스.jpg ,3078,269,0,0
2019-01-29 06:36:24.242893,13106865,13,0,2019-01-29 01:36:17, 국가별 애플 서비스.jpg ,3482,404,0,0
2019-01-29 07:36:29.229363,13106865,15,0,2019-01-29 01:36:17, 국가별 애플 서비스.jpg ,4364,882,2,0
2019-01-29 08:36:21.307206,13106865,16,0,2019-01-29 01:36:17, 국가별 애플 서비스.jpg ,5246,882,1,0
2019-01-29 09:36:26.347022,13106865,16,0,2019-01-29 01:36:17, 국가별 애플 서비스.jpg ,5747,501,0,0
2019-01-29 10:36:18.387269,13106865,16,0,2019-01-29 01:36:17, 국가별 애플 서비스.jpg ,5975,228,0,0
2019-01-29 11:36:23.466072,13106865,16,0,2019-01-29 01:36:17, 국가별 애플 서비스.jpg ,6089,114,0,0
2019-01-29 12:36:28.627298,13106865,16,0,2019-01-29 01:36:17, 국가별 애플 서비스.jpg ,6141,52,0,0
2019-01-29 13:36:20.663127,13106865,16,0,2019-01-29 01:36:17, 국가별 애플 서비스.jpg ,6187,46,0,0
2019-01-29 14:36:25.742549,13106865,16,0,2019-01-29 01:36:17, 국가별 애플 서비스.jpg ,6223,36,0,0
2019-01-29 15:36:17.952825,13106865,16,0,2019-01-29 01:36:17, 국가별 애플 서비스.jpg ,6237,14,0,0
2019-01-29 16:36:23.019055,13106865,16,0,2019-01-29 01:36:17, 국가별 애플 서비스.jpg ,6248,11,0,0
2019-01-29 17:36:28.320436,13106865,16,0,2019-01-29 01:36:17, 국가별 애플 서비스.jpg ,6256,8,0,0
2019-01-29 18:36:20.346951,13106865,16,0,2019-01-29 01:36:17, 국가별 애플 서비스.jpg ,6266,10,0,0
2019-01-29 19:36:25.386627,13106865,16,0,2019-01-29 01:36:17, 국가별 애플 서비스.jpg ,6269,3,0,0
2019-01-29 20:36:17.373439,13106865,16,0,2019-01-29 01:36:17, 국가별 애플 서비스.jpg ,6274,5,0,0
2019-01-29 21:36:22.452912,13106865,16,0,2019-01-29 01:36:17, 국가별 애플 서비스.jpg ,6282,8,0,0
2019-01-29 22:36:27.548136,13106865,16,0,2019-01-29 01:36:17, 국가별 애플 서비스.jpg ,6290,8,0,0
2019-01-29 23:36:19.557201,13106865,16,0,2019-01-29 01:36:17, 국가별 애플 서비스.jpg ,6292,2,0,0
2019-01-30 00:36:24.649874,13106865,16,0,2019-01-29 01:36:17, 국가별 애플 서비스.jpg ,6300,8,0,0
2019-01-30 01:36:29.783712,13106865,16,0,2019-01-29 01:36:17, 국가별 애플 서비스.jpg ,6305,5,0,0
