check_time,id,post_reply,post_symph,post_time,post_title,post_view,post_view_diff,post_reply_diff,post_symph_diff
2019-01-29 02:07:14.886498,13106809,11,1,2019-01-29 01:07:07, 국방부 달력 이벤트에 당첨됐네요.^^ ,1011,1011,11,1
2019-01-29 03:07:19.981343,13106809,13,1,2019-01-29 01:07:07, 국방부 달력 이벤트에 당첨됐네요.^^ ,1155,144,2,0
2019-01-29 04:07:12.096866,13106809,13,1,2019-01-29 01:07:07, 국방부 달력 이벤트에 당첨됐네요.^^ ,1217,62,0,0
2019-01-29 05:07:17.198314,13106809,13,1,2019-01-29 01:07:07, 국방부 달력 이벤트에 당첨됐네요.^^ ,1277,60,0,0
2019-01-29 06:07:09.375649,13106809,13,1,2019-01-29 01:07:07, 국방부 달력 이벤트에 당첨됐네요.^^ ,1345,68,0,0
2019-01-29 07:07:14.528335,13106809,13,1,2019-01-29 01:07:07, 국방부 달력 이벤트에 당첨됐네요.^^ ,1484,139,0,0
2019-01-29 08:07:19.631770,13106809,13,1,2019-01-29 01:07:07, 국방부 달력 이벤트에 당첨됐네요.^^ ,1662,178,0,0
2019-01-29 09:07:11.667461,13106809,13,1,2019-01-29 01:07:07, 국방부 달력 이벤트에 당첨됐네요.^^ ,1822,160,0,0
2019-01-29 10:07:16.776208,13106809,13,1,2019-01-29 01:07:07, 국방부 달력 이벤트에 당첨됐네요.^^ ,1866,44,0,0
2019-01-29 11:07:08.812158,13106809,13,1,2019-01-29 01:07:07, 국방부 달력 이벤트에 당첨됐네요.^^ ,1889,23,0,0
2019-01-29 12:07:13.835621,13106809,13,1,2019-01-29 01:07:07, 국방부 달력 이벤트에 당첨됐네요.^^ ,1900,11,0,0
2019-01-29 13:07:19.118202,13106809,13,1,2019-01-29 01:07:07, 국방부 달력 이벤트에 당첨됐네요.^^ ,1909,9,0,0
2019-01-29 14:07:11.387462,13106809,13,1,2019-01-29 01:07:07, 국방부 달력 이벤트에 당첨됐네요.^^ ,1916,7,0,0
2019-01-29 15:07:16.444842,13106809,13,1,2019-01-29 01:07:07, 국방부 달력 이벤트에 당첨됐네요.^^ ,1920,4,0,0
2019-01-29 16:07:08.511235,13106809,13,1,2019-01-29 01:07:07, 국방부 달력 이벤트에 당첨됐네요.^^ ,1923,3,0,0
2019-01-29 17:07:13.587080,13106809,13,1,2019-01-29 01:07:07, 국방부 달력 이벤트에 당첨됐네요.^^ ,1929,6,0,0
2019-01-29 18:07:18.860158,13106809,13,1,2019-01-29 01:07:07, 국방부 달력 이벤트에 당첨됐네요.^^ ,1931,2,0,0
2019-01-29 19:07:10.839109,13106809,13,1,2019-01-29 01:07:07, 국방부 달력 이벤트에 당첨됐네요.^^ ,1932,1,0,0
2019-01-29 20:07:15.897943,13106809,13,1,2019-01-29 01:07:07, 국방부 달력 이벤트에 당첨됐네요.^^ ,1935,3,0,0
2019-01-29 21:07:08.087235,13106809,13,1,2019-01-29 01:07:07, 국방부 달력 이벤트에 당첨됐네요.^^ ,1938,3,0,0
2019-01-29 22:07:13.101218,13106809,13,1,2019-01-29 01:07:07, 국방부 달력 이벤트에 당첨됐네요.^^ ,1941,3,0,0
2019-01-29 23:07:18.107064,13106809,13,1,2019-01-29 01:07:07, 국방부 달력 이벤트에 당첨됐네요.^^ ,1942,1,0,0
2019-01-30 00:07:10.099085,13106809,13,1,2019-01-29 01:07:07, 국방부 달력 이벤트에 당첨됐네요.^^ ,1943,1,0,0
2019-01-30 01:07:15.133416,13106809,13,1,2019-01-29 01:07:07, 국방부 달력 이벤트에 당첨됐네요.^^ ,1946,3,0,0
