check_time,id,post_reply,post_symph,post_time,post_title,post_view,post_view_diff,post_reply_diff,post_symph_diff
2019-01-24 02:35:24.878646,13087667,9,0,2019-01-24 01:35:22, 혀로 가버렷.gif ,2728,2728,9,0
2019-01-24 03:35:29.937071,13087667,9,0,2019-01-24 01:35:22, 혀로 가버렷.gif ,3205,477,0,0
2019-01-24 04:35:34.996941,13087667,9,0,2019-01-24 01:35:22, 혀로 가버렷.gif ,3558,353,0,0
2019-01-24 05:35:26.986038,13087667,9,0,2019-01-24 01:35:22, 혀로 가버렷.gif ,3846,288,0,0
2019-01-24 06:35:32.006114,13087667,10,0,2019-01-24 01:35:22, 혀로 가버렷.gif ,4433,587,1,0
2019-01-24 07:35:24.010196,13087667,10,0,2019-01-24 01:35:22, 혀로 가버렷.gif ,5385,952,0,0
2019-01-24 08:35:29.079874,13087667,10,0,2019-01-24 01:35:22, 혀로 가버렷.gif ,6239,854,0,0
2019-01-24 09:35:23.166268,13087667,10,0,2019-01-24 01:35:22, 혀로 가버렷.gif ,6776,537,0,0
2019-01-24 10:35:28.238306,13087667,10,0,2019-01-24 01:35:22, 혀로 가버렷.gif ,6925,149,0,0
2019-01-24 11:35:33.266680,13087667,10,0,2019-01-24 01:35:22, 혀로 가버렷.gif ,7014,89,0,0
2019-01-24 12:35:25.333812,13087667,10,0,2019-01-24 01:35:22, 혀로 가버렷.gif ,7063,49,0,0
2019-01-24 13:35:30.347004,13087667,10,0,2019-01-24 01:35:22, 혀로 가버렷.gif ,7111,48,0,0
2019-01-24 14:35:22.400105,13087667,10,0,2019-01-24 01:35:22, 혀로 가버렷.gif ,7130,19,0,0
2019-01-24 15:35:27.440159,13087667,10,0,2019-01-24 01:35:22, 혀로 가버렷.gif ,7148,18,0,0
2019-01-24 16:35:32.703392,13087667,10,0,2019-01-24 01:35:22, 혀로 가버렷.gif ,7165,17,0,0
2019-01-24 17:35:24.756315,13087667,10,0,2019-01-24 01:35:22, 혀로 가버렷.gif ,7172,7,0,0
2019-01-24 18:35:29.823857,13087667,10,0,2019-01-24 01:35:22, 혀로 가버렷.gif ,7181,9,0,0
2019-01-24 19:35:34.980636,13087667,10,0,2019-01-24 01:35:22, 혀로 가버렷.gif ,7185,4,0,0
2019-01-24 20:35:27.103381,13087667,10,0,2019-01-24 01:35:22, 혀로 가버렷.gif ,7194,9,0,0
2019-01-24 21:35:32.205582,13087667,10,0,2019-01-24 01:35:22, 혀로 가버렷.gif ,7195,1,0,0
2019-01-24 22:35:24.293014,13087667,10,0,2019-01-24 01:35:22, 혀로 가버렷.gif ,7206,11,0,0
2019-01-24 23:35:29.353107,13087667,10,0,2019-01-24 01:35:22, 혀로 가버렷.gif ,7214,8,0,0
2019-01-25 00:35:34.369269,13087667,10,0,2019-01-24 01:35:22, 혀로 가버렷.gif ,7219,5,0,0
2019-01-25 01:35:26.371961,13087667,10,0,2019-01-24 01:35:22, 혀로 가버렷.gif ,7225,6,0,0
