check_time,id,post_reply,post_symph,post_time,post_title,post_view,post_view_diff,post_reply_diff,post_symph_diff
2019-01-28 02:20:54.787299,13103030,19,0,2019-01-28 01:20:42, 절대 사과안하는 여자 ,2869,2869,19,0
2019-01-28 03:20:46.834623,13103030,19,0,2019-01-28 01:20:42, 절대 사과안하는 여자 ,3538,669,0,0
2019-01-28 04:20:51.873669,13103030,21,0,2019-01-28 01:20:42, 절대 사과안하는 여자 ,4011,473,2,0
2019-01-28 05:20:43.834047,13103030,21,0,2019-01-28 01:20:42, 절대 사과안하는 여자 ,4337,326,0,0
2019-01-28 06:20:48.887318,13103030,21,0,2019-01-28 01:20:42, 절대 사과안하는 여자 ,4781,444,0,0
2019-01-28 07:20:53.926734,13103030,22,0,2019-01-28 01:20:42, 절대 사과안하는 여자 ,5558,777,1,0
2019-01-28 08:20:45.995862,13103030,22,0,2019-01-28 01:20:42, 절대 사과안하는 여자 ,6417,859,0,0
2019-01-28 09:20:51.026491,13103030,22,0,2019-01-28 01:20:42, 절대 사과안하는 여자 ,6916,499,0,0
2019-01-28 10:20:43.064689,13103030,22,0,2019-01-28 01:20:42, 절대 사과안하는 여자 ,7117,201,0,0
2019-01-28 11:20:48.181226,13103030,22,0,2019-01-28 01:20:42, 절대 사과안하는 여자 ,7227,110,0,0
2019-01-28 12:20:53.232328,13103030,22,0,2019-01-28 01:20:42, 절대 사과안하는 여자 ,7297,70,0,0
2019-01-28 13:20:45.342997,13103030,22,0,2019-01-28 01:20:42, 절대 사과안하는 여자 ,7359,62,0,0
2019-01-28 14:20:50.704608,13103030,22,0,2019-01-28 01:20:42, 절대 사과안하는 여자 ,7388,29,0,0
2019-01-28 15:20:42.783275,13103030,22,0,2019-01-28 01:20:42, 절대 사과안하는 여자 ,7401,13,0,0
2019-01-28 16:20:47.893863,13103030,22,0,2019-01-28 01:20:42, 절대 사과안하는 여자 ,7413,12,0,0
2019-01-28 17:20:52.928233,13103030,22,0,2019-01-28 01:20:42, 절대 사과안하는 여자 ,7420,7,0,0
2019-01-28 18:20:44.960084,13103030,22,0,2019-01-28 01:20:42, 절대 사과안하는 여자 ,7426,6,0,0
2019-01-28 19:20:50.105754,13103030,22,0,2019-01-28 01:20:42, 절대 사과안하는 여자 ,7434,8,0,0
2019-01-28 20:20:42.412430,13103030,22,0,2019-01-28 01:20:42, 절대 사과안하는 여자 ,7439,5,0,0
2019-01-28 21:20:47.466424,13103030,22,0,2019-01-28 01:20:42, 절대 사과안하는 여자 ,7444,5,0,0
2019-01-28 22:20:52.553037,13103030,22,0,2019-01-28 01:20:42, 절대 사과안하는 여자 ,7452,8,0,0
2019-01-28 23:20:44.670122,13103030,22,0,2019-01-28 01:20:42, 절대 사과안하는 여자 ,7454,2,0,0
2019-01-29 00:20:49.767312,13103030,22,0,2019-01-28 01:20:42, 절대 사과안하는 여자 ,7455,1,0,0
2019-01-29 01:20:54.790052,13103030,22,0,2019-01-28 01:20:42, 절대 사과안하는 여자 ,7461,6,0,0
