check_time,id,post_reply,post_symph,post_time,post_title,post_view,post_view_diff,post_reply_diff,post_symph_diff
2019-01-30 02:37:00.912333,13110454,3,0,2019-01-30 01:36:48, 저도 오늘 킹덤 정주행 완료입니다. ,450,450,3,0
2019-01-30 03:36:53.184012,13110454,3,0,2019-01-30 01:36:48, 저도 오늘 킹덤 정주행 완료입니다. ,549,99,0,0
2019-01-30 04:36:58.520569,13110454,3,0,2019-01-30 01:36:48, 저도 오늘 킹덤 정주행 완료입니다. ,593,44,0,0
2019-01-30 05:36:50.811597,13110454,3,0,2019-01-30 01:36:48, 저도 오늘 킹덤 정주행 완료입니다. ,626,33,0,0
2019-01-30 06:36:56.173850,13110454,3,0,2019-01-30 01:36:48, 저도 오늘 킹덤 정주행 완료입니다. ,676,50,0,0
2019-01-30 07:36:48.309824,13110454,3,0,2019-01-30 01:36:48, 저도 오늘 킹덤 정주행 완료입니다. ,750,74,0,0
2019-01-30 08:36:53.492343,13110454,3,0,2019-01-30 01:36:48, 저도 오늘 킹덤 정주행 완료입니다. ,823,73,0,0
2019-01-30 09:36:58.613189,13110454,3,0,2019-01-30 01:36:48, 저도 오늘 킹덤 정주행 완료입니다. ,846,23,0,0
2019-01-30 10:36:50.831850,13110454,3,0,2019-01-30 01:36:48, 저도 오늘 킹덤 정주행 완료입니다. ,874,28,0,0
2019-01-30 11:36:56.282537,13110454,3,0,2019-01-30 01:36:48, 저도 오늘 킹덤 정주행 완료입니다. ,887,13,0,0
2019-01-30 12:36:48.566655,13110454,3,0,2019-01-30 01:36:48, 저도 오늘 킹덤 정주행 완료입니다. ,893,6,0,0
2019-01-30 13:36:53.664012,13110454,3,0,2019-01-30 01:36:48, 저도 오늘 킹덤 정주행 완료입니다. ,898,5,0,0
2019-01-30 14:36:59.028792,13110454,3,0,2019-01-30 01:36:48, 저도 오늘 킹덤 정주행 완료입니다. ,903,5,0,0
2019-01-30 15:36:51.179109,13110454,3,0,2019-01-30 01:36:48, 저도 오늘 킹덤 정주행 완료입니다. ,908,5,0,0
2019-01-30 16:36:56.304751,13110454,3,0,2019-01-30 01:36:48, 저도 오늘 킹덤 정주행 완료입니다. ,914,6,0,0
2019-01-30 17:36:48.397795,13110454,3,0,2019-01-30 01:36:48, 저도 오늘 킹덤 정주행 완료입니다. ,918,4,0,0
2019-01-30 18:36:53.534720,13110454,3,0,2019-01-30 01:36:48, 저도 오늘 킹덤 정주행 완료입니다. ,921,3,0,0
2019-01-30 19:36:58.611264,13110454,3,0,2019-01-30 01:36:48, 저도 오늘 킹덤 정주행 완료입니다. ,923,2,0,0
2019-01-30 20:36:50.653120,13110454,3,0,2019-01-30 01:36:48, 저도 오늘 킹덤 정주행 완료입니다. ,926,3,0,0
2019-01-30 21:36:55.741031,13110454,3,0,2019-01-30 01:36:48, 저도 오늘 킹덤 정주행 완료입니다. ,933,7,0,0
2019-01-30 22:37:00.808661,13110454,3,0,2019-01-30 01:36:48, 저도 오늘 킹덤 정주행 완료입니다. ,941,8,0,0
2019-01-30 23:36:52.872246,13110454,3,0,2019-01-30 01:36:48, 저도 오늘 킹덤 정주행 완료입니다. ,949,8,0,0
2019-01-31 00:36:58.011649,13110454,3,0,2019-01-30 01:36:48, 저도 오늘 킹덤 정주행 완료입니다. ,957,8,0,0
2019-01-31 01:36:50.297593,13110454,3,0,2019-01-30 01:36:48, 저도 오늘 킹덤 정주행 완료입니다. ,963,6,0,0
