check_time,id,post_reply,post_symph,post_time,post_title,post_view,post_view_diff,post_reply_diff,post_symph_diff
2019-01-30 02:32:35.199741,13110437,5,1,2019-01-30 01:32:24, 수도권 초기 집중 발전땐 예타 이런거 없었죠.txt ,600,600,5,1
2019-01-30 03:32:27.299214,13110437,5,2,2019-01-30 01:32:24, 수도권 초기 집중 발전땐 예타 이런거 없었죠.txt ,729,129,0,1
2019-01-30 04:32:32.674301,13110437,5,2,2019-01-30 01:32:24, 수도권 초기 집중 발전땐 예타 이런거 없었죠.txt ,796,67,0,0
2019-01-30 05:32:24.788866,13110437,5,2,2019-01-30 01:32:24, 수도권 초기 집중 발전땐 예타 이런거 없었죠.txt ,851,55,0,0
2019-01-30 06:32:30.037996,13110437,6,2,2019-01-30 01:32:24, 수도권 초기 집중 발전땐 예타 이런거 없었죠.txt ,942,91,1,0
2019-01-30 07:32:35.120975,13110437,6,3,2019-01-30 01:32:24, 수도권 초기 집중 발전땐 예타 이런거 없었죠.txt ,1122,180,0,1
2019-01-30 08:32:27.148359,13110437,6,3,2019-01-30 01:32:24, 수도권 초기 집중 발전땐 예타 이런거 없었죠.txt ,1303,181,0,0
2019-01-30 09:32:32.302320,13110437,8,3,2019-01-30 01:32:24, 수도권 초기 집중 발전땐 예타 이런거 없었죠.txt ,1394,91,2,0
2019-01-30 10:32:24.502213,13110437,8,3,2019-01-30 01:32:24, 수도권 초기 집중 발전땐 예타 이런거 없었죠.txt ,1425,31,0,0
2019-01-30 11:32:29.849450,13110437,8,3,2019-01-30 01:32:24, 수도권 초기 집중 발전땐 예타 이런거 없었죠.txt ,1449,24,0,0
2019-01-30 12:32:35.178995,13110437,9,3,2019-01-30 01:32:24, 수도권 초기 집중 발전땐 예타 이런거 없었죠.txt ,1460,11,1,0
2019-01-30 13:32:27.294398,13110437,9,3,2019-01-30 01:32:24, 수도권 초기 집중 발전땐 예타 이런거 없었죠.txt ,1473,13,0,0
2019-01-30 14:32:32.554702,13110437,9,3,2019-01-30 01:32:24, 수도권 초기 집중 발전땐 예타 이런거 없었죠.txt ,1478,5,0,0
2019-01-30 15:32:25.021804,13110437,9,3,2019-01-30 01:32:24, 수도권 초기 집중 발전땐 예타 이런거 없었죠.txt ,1482,4,0,0
2019-01-30 16:32:30.124785,13110437,9,3,2019-01-30 01:32:24, 수도권 초기 집중 발전땐 예타 이런거 없었죠.txt ,1487,5,0,0
2019-01-30 17:32:35.271228,13110437,9,3,2019-01-30 01:32:24, 수도권 초기 집중 발전땐 예타 이런거 없었죠.txt ,1489,2,0,0
2019-01-30 18:32:27.400845,13110437,9,3,2019-01-30 01:32:24, 수도권 초기 집중 발전땐 예타 이런거 없었죠.txt ,1491,2,0,0
2019-01-30 19:32:32.553810,13110437,9,3,2019-01-30 01:32:24, 수도권 초기 집중 발전땐 예타 이런거 없었죠.txt ,1493,2,0,0
2019-01-30 20:32:24.759760,13110437,9,3,2019-01-30 01:32:24, 수도권 초기 집중 발전땐 예타 이런거 없었죠.txt ,1494,1,0,0
2019-01-30 21:32:29.874556,13110437,9,3,2019-01-30 01:32:24, 수도권 초기 집중 발전땐 예타 이런거 없었죠.txt ,1498,4,0,0
2019-01-30 22:32:34.921141,13110437,9,3,2019-01-30 01:32:24, 수도권 초기 집중 발전땐 예타 이런거 없었죠.txt ,1498,0,0,0
2019-01-30 23:32:26.993360,13110437,9,3,2019-01-30 01:32:24, 수도권 초기 집중 발전땐 예타 이런거 없었죠.txt ,1500,2,0,0
2019-01-31 00:32:31.981925,13110437,9,3,2019-01-30 01:32:24, 수도권 초기 집중 발전땐 예타 이런거 없었죠.txt ,1504,4,0,0
2019-01-31 01:32:24.191875,13110437,9,3,2019-01-30 01:32:24, 수도권 초기 집중 발전땐 예타 이런거 없었죠.txt ,1506,2,0,0
