check_time,id,post_reply,post_symph,post_time,post_title,post_view,post_view_diff,post_reply_diff,post_symph_diff
2019-01-24 02:27:15.453737,13087653,7,0,2019-01-24 01:27:06, 플4 대란(?)이 오니 급 고민되네요.. ,1261,1261,7,0
2019-01-24 03:27:07.529983,13087653,7,0,2019-01-24 01:27:06, 플4 대란(?)이 오니 급 고민되네요.. ,1458,197,0,0
2019-01-24 04:27:12.769815,13087653,7,0,2019-01-24 01:27:06, 플4 대란(?)이 오니 급 고민되네요.. ,1558,100,0,0
2019-01-24 05:27:17.769577,13087653,7,0,2019-01-24 01:27:06, 플4 대란(?)이 오니 급 고민되네요.. ,1615,57,0,0
2019-01-24 06:27:09.796986,13087653,7,0,2019-01-24 01:27:06, 플4 대란(?)이 오니 급 고민되네요.. ,1751,136,0,0
2019-01-24 07:27:14.807307,13087653,7,0,2019-01-24 01:27:06, 플4 대란(?)이 오니 급 고민되네요.. ,1981,230,0,0
2019-01-24 08:27:06.787032,13087653,7,0,2019-01-24 01:27:06, 플4 대란(?)이 오니 급 고민되네요.. ,2164,183,0,0
2019-01-24 09:27:11.815578,13087653,7,0,2019-01-24 01:27:06, 플4 대란(?)이 오니 급 고민되네요.. ,2222,58,0,0
2019-01-24 10:27:16.952274,13087653,7,0,2019-01-24 01:27:06, 플4 대란(?)이 오니 급 고민되네요.. ,2239,17,0,0
2019-01-24 11:27:09.056445,13087653,7,0,2019-01-24 01:27:06, 플4 대란(?)이 오니 급 고민되네요.. ,2247,8,0,0
2019-01-24 12:27:14.201566,13087653,7,0,2019-01-24 01:27:06, 플4 대란(?)이 오니 급 고민되네요.. ,2256,9,0,0
2019-01-24 13:27:06.306186,13087653,7,0,2019-01-24 01:27:06, 플4 대란(?)이 오니 급 고민되네요.. ,2261,5,0,0
2019-01-24 14:27:11.463676,13087653,7,0,2019-01-24 01:27:06, 플4 대란(?)이 오니 급 고민되네요.. ,2265,4,0,0
2019-01-24 15:27:16.560749,13087653,7,0,2019-01-24 01:27:06, 플4 대란(?)이 오니 급 고민되네요.. ,2269,4,0,0
2019-01-24 16:27:08.727756,13087653,7,0,2019-01-24 01:27:06, 플4 대란(?)이 오니 급 고민되네요.. ,2270,1,0,0
2019-01-24 17:27:13.870144,13087653,7,0,2019-01-24 01:27:06, 플4 대란(?)이 오니 급 고민되네요.. ,2272,2,0,0
2019-01-24 18:27:18.952654,13087653,7,0,2019-01-24 01:27:06, 플4 대란(?)이 오니 급 고민되네요.. ,2276,4,0,0
2019-01-24 19:27:11.250666,13087653,7,0,2019-01-24 01:27:06, 플4 대란(?)이 오니 급 고민되네요.. ,2278,2,0,0
2019-01-24 20:27:16.467255,13087653,7,0,2019-01-24 01:27:06, 플4 대란(?)이 오니 급 고민되네요.. ,2282,4,0,0
2019-01-24 21:27:08.699555,13087653,7,0,2019-01-24 01:27:06, 플4 대란(?)이 오니 급 고민되네요.. ,2282,0,0,0
2019-01-24 22:27:13.795265,13087653,7,0,2019-01-24 01:27:06, 플4 대란(?)이 오니 급 고민되네요.. ,2284,2,0,0
2019-01-24 23:27:18.829093,13087653,7,0,2019-01-24 01:27:06, 플4 대란(?)이 오니 급 고민되네요.. ,2286,2,0,0
2019-01-25 00:27:11.077375,13087653,7,0,2019-01-24 01:27:06, 플4 대란(?)이 오니 급 고민되네요.. ,2287,1,0,0
2019-01-25 01:27:16.747051,13087653,7,0,2019-01-24 01:27:06, 플4 대란(?)이 오니 급 고민되네요.. ,2292,5,0,0
