check_time,id,post_reply,post_symph,post_time,post_title,post_view,post_view_diff,post_reply_diff,post_symph_diff
2019-01-28 02:31:40.445798,13103041,18,0,2019-01-28 01:31:35, 뭐하면서 살아야 행복할까요. ,904,904,18,0
2019-01-28 03:31:45.471726,13103041,18,0,2019-01-28 01:31:35, 뭐하면서 살아야 행복할까요. ,1067,163,0,0
2019-01-28 04:31:37.538543,13103041,18,0,2019-01-28 01:31:35, 뭐하면서 살아야 행복할까요. ,1162,95,0,0
2019-01-28 05:31:42.538582,13103041,18,0,2019-01-28 01:31:35, 뭐하면서 살아야 행복할까요. ,1238,76,0,0
2019-01-28 06:31:35.469890,13103041,18,0,2019-01-28 01:31:35, 뭐하면서 살아야 행복할까요. ,1333,95,0,0
2019-01-28 07:31:40.540522,13103041,19,0,2019-01-28 01:31:35, 뭐하면서 살아야 행복할까요. ,1463,130,1,0
2019-01-28 08:31:45.583218,13103041,19,0,2019-01-28 01:31:35, 뭐하면서 살아야 행복할까요. ,1582,119,0,0
2019-01-28 09:31:37.679374,13103041,19,0,2019-01-28 01:31:35, 뭐하면서 살아야 행복할까요. ,1674,92,0,0
2019-01-28 10:31:43.022370,13103041,19,0,2019-01-28 01:31:35, 뭐하면서 살아야 행복할까요. ,1701,27,0,0
2019-01-28 11:31:35.112982,13103041,19,0,2019-01-28 01:31:35, 뭐하면서 살아야 행복할까요. ,1715,14,0,0
2019-01-28 12:31:40.254177,13103041,19,0,2019-01-28 01:31:35, 뭐하면서 살아야 행복할까요. ,1722,7,0,0
2019-01-28 13:31:45.560401,13103041,19,0,2019-01-28 01:31:35, 뭐하면서 살아야 행복할까요. ,1729,7,0,0
2019-01-28 14:31:37.714472,13103041,19,0,2019-01-28 01:31:35, 뭐하면서 살아야 행복할까요. ,1736,7,0,0
2019-01-28 15:31:42.776649,13103041,19,0,2019-01-28 01:31:35, 뭐하면서 살아야 행복할까요. ,1739,3,0,0
2019-01-28 16:31:35.019043,13103041,19,0,2019-01-28 01:31:35, 뭐하면서 살아야 행복할까요. ,1746,7,0,0
2019-01-28 17:31:40.312907,13103041,19,0,2019-01-28 01:31:35, 뭐하면서 살아야 행복할까요. ,1750,4,0,0
2019-01-28 18:31:45.719783,13103041,19,0,2019-01-28 01:31:35, 뭐하면서 살아야 행복할까요. ,1753,3,0,0
2019-01-28 19:31:37.848221,13103041,19,0,2019-01-28 01:31:35, 뭐하면서 살아야 행복할까요. ,1756,3,0,0
2019-01-28 20:31:43.160630,13103041,19,0,2019-01-28 01:31:35, 뭐하면서 살아야 행복할까요. ,1758,2,0,0
2019-01-28 21:31:35.376880,13103041,19,0,2019-01-28 01:31:35, 뭐하면서 살아야 행복할까요. ,1760,2,0,0
2019-01-28 22:31:40.523536,13103041,19,0,2019-01-28 01:31:35, 뭐하면서 살아야 행복할까요. ,1763,3,0,0
2019-01-28 23:31:45.599564,13103041,19,0,2019-01-28 01:31:35, 뭐하면서 살아야 행복할까요. ,1764,1,0,0
2019-01-29 00:31:37.651326,13103041,19,0,2019-01-28 01:31:35, 뭐하면서 살아야 행복할까요. ,1765,1,0,0
2019-01-29 01:31:42.693983,13103041,19,0,2019-01-28 01:31:35, 뭐하면서 살아야 행복할까요. ,1768,3,0,0
