check_time,id,post_reply,post_symph,post_time,post_title,post_view,post_view_diff,post_reply_diff,post_symph_diff
2019-01-25 02:11:49.689773,13092009,12,0,2019-01-25 01:11:39," 올림푸스 E-M1X, 150-400mm 나왔네요 ",370,370,12,0
2019-01-25 03:11:41.744574,13092009,13,1,2019-01-25 01:11:39," 올림푸스 E-M1X, 150-400mm 나왔네요 ",434,64,1,1
2019-01-25 04:11:46.795026,13092009,13,1,2019-01-25 01:11:39," 올림푸스 E-M1X, 150-400mm 나왔네요 ",460,26,0,0
2019-01-25 05:11:51.867388,13092009,13,1,2019-01-25 01:11:39," 올림푸스 E-M1X, 150-400mm 나왔네요 ",482,22,0,0
2019-01-25 06:11:43.903165,13092009,13,1,2019-01-25 01:11:39," 올림푸스 E-M1X, 150-400mm 나왔네요 ",507,25,0,0
2019-01-25 07:11:49.129343,13092009,13,1,2019-01-25 01:11:39," 올림푸스 E-M1X, 150-400mm 나왔네요 ",547,40,0,0
2019-01-25 08:11:41.173581,13092009,13,1,2019-01-25 01:11:39," 올림푸스 E-M1X, 150-400mm 나왔네요 ",588,41,0,0
2019-01-25 09:11:46.197520,13092009,13,1,2019-01-25 01:11:39," 올림푸스 E-M1X, 150-400mm 나왔네요 ",614,26,0,0
2019-01-25 10:11:51.319494,13092009,13,1,2019-01-25 01:11:39," 올림푸스 E-M1X, 150-400mm 나왔네요 ",626,12,0,0
2019-01-25 11:11:43.322073,13092009,13,1,2019-01-25 01:11:39," 올림푸스 E-M1X, 150-400mm 나왔네요 ",636,10,0,0
2019-01-25 12:11:48.459494,13092009,13,1,2019-01-25 01:11:39," 올림푸스 E-M1X, 150-400mm 나왔네요 ",641,5,0,0
2019-01-25 13:11:40.552600,13092009,13,1,2019-01-25 01:11:39," 올림푸스 E-M1X, 150-400mm 나왔네요 ",643,2,0,0
2019-01-25 14:11:45.719101,13092009,13,1,2019-01-25 01:11:39," 올림푸스 E-M1X, 150-400mm 나왔네요 ",645,2,0,0
2019-01-25 15:11:51.058909,13092009,13,1,2019-01-25 01:11:39," 올림푸스 E-M1X, 150-400mm 나왔네요 ",649,4,0,0
2019-01-25 16:11:43.176307,13092009,13,1,2019-01-25 01:11:39," 올림푸스 E-M1X, 150-400mm 나왔네요 ",650,1,0,0
2019-01-25 17:11:48.259576,13092009,13,1,2019-01-25 01:11:39," 올림푸스 E-M1X, 150-400mm 나왔네요 ",651,1,0,0
2019-01-25 18:11:40.374427,13092009,13,1,2019-01-25 01:11:39," 올림푸스 E-M1X, 150-400mm 나왔네요 ",658,7,0,0
2019-01-25 19:11:45.679513,13092009,13,1,2019-01-25 01:11:39," 올림푸스 E-M1X, 150-400mm 나왔네요 ",662,4,0,0
2019-01-25 20:11:50.726908,13092009,13,1,2019-01-25 01:11:39," 올림푸스 E-M1X, 150-400mm 나왔네요 ",663,1,0,0
2019-01-25 21:11:42.712761,13092009,13,1,2019-01-25 01:11:39," 올림푸스 E-M1X, 150-400mm 나왔네요 ",664,1,0,0
2019-01-25 22:11:47.992412,13092009,13,1,2019-01-25 01:11:39," 올림푸스 E-M1X, 150-400mm 나왔네요 ",667,3,0,0
2019-01-25 23:11:40.049229,13092009,13,1,2019-01-25 01:11:39," 올림푸스 E-M1X, 150-400mm 나왔네요 ",669,2,0,0
2019-01-26 00:11:45.178548,13092009,13,1,2019-01-25 01:11:39," 올림푸스 E-M1X, 150-400mm 나왔네요 ",669,0,0,0
2019-01-26 01:11:50.572913,13092009,13,1,2019-01-25 01:11:39," 올림푸스 E-M1X, 150-400mm 나왔네요 ",671,2,0,0
