check_time,id,post_reply,post_symph,post_time,post_title,post_view,post_view_diff,post_reply_diff,post_symph_diff
2019-01-30 18:17:00.907389,13113245,13,17,2019-01-30 17:16:58," 이 와중에 김경수 지사 관련 글 제목, 내용 바꿔치기로 장난하시는 분이 있네요. ",1234,1234,13,17
2019-01-30 19:17:06.057425,13113245,13,18,2019-01-30 17:16:58," 이 와중에 김경수 지사 관련 글 제목, 내용 바꿔치기로 장난하시는 분이 있네요. ",1420,186,0,1
2019-01-30 20:16:58.057286,13113245,13,19,2019-01-30 17:16:58," 이 와중에 김경수 지사 관련 글 제목, 내용 바꿔치기로 장난하시는 분이 있네요. ",1490,70,0,1
2019-01-30 21:17:03.175513,13113245,13,19,2019-01-30 17:16:58," 이 와중에 김경수 지사 관련 글 제목, 내용 바꿔치기로 장난하시는 분이 있네요. ",1543,53,0,0
2019-01-30 22:17:08.307079,13113245,13,19,2019-01-30 17:16:58," 이 와중에 김경수 지사 관련 글 제목, 내용 바꿔치기로 장난하시는 분이 있네요. ",1561,18,0,0
2019-01-30 23:17:00.647744,13113245,13,19,2019-01-30 17:16:58," 이 와중에 김경수 지사 관련 글 제목, 내용 바꿔치기로 장난하시는 분이 있네요. ",1589,28,0,0
2019-01-31 00:17:05.970453,13113245,13,19,2019-01-30 17:16:58," 이 와중에 김경수 지사 관련 글 제목, 내용 바꿔치기로 장난하시는 분이 있네요. ",1602,13,0,0
2019-01-31 01:16:58.218001,13113245,13,19,2019-01-30 17:16:58," 이 와중에 김경수 지사 관련 글 제목, 내용 바꿔치기로 장난하시는 분이 있네요. ",1621,19,0,0
2019-01-31 02:17:03.359383,13113245,13,19,2019-01-30 17:16:58," 이 와중에 김경수 지사 관련 글 제목, 내용 바꿔치기로 장난하시는 분이 있네요. ",1623,2,0,0
2019-01-31 03:17:08.752014,13113245,13,19,2019-01-30 17:16:58," 이 와중에 김경수 지사 관련 글 제목, 내용 바꿔치기로 장난하시는 분이 있네요. ",1626,3,0,0
2019-01-31 04:17:00.854294,13113245,13,19,2019-01-30 17:16:58," 이 와중에 김경수 지사 관련 글 제목, 내용 바꿔치기로 장난하시는 분이 있네요. ",1631,5,0,0
2019-01-31 05:17:06.251436,13113245,13,19,2019-01-30 17:16:58," 이 와중에 김경수 지사 관련 글 제목, 내용 바꿔치기로 장난하시는 분이 있네요. ",1632,1,0,0
2019-01-31 06:16:59.062471,13113245,13,19,2019-01-30 17:16:58," 이 와중에 김경수 지사 관련 글 제목, 내용 바꿔치기로 장난하시는 분이 있네요. ",1634,2,0,0
2019-01-31 07:17:04.119673,13113245,13,19,2019-01-30 17:16:58," 이 와중에 김경수 지사 관련 글 제목, 내용 바꿔치기로 장난하시는 분이 있네요. ",1640,6,0,0
2019-01-31 08:17:09.570778,13113245,13,19,2019-01-30 17:16:58," 이 와중에 김경수 지사 관련 글 제목, 내용 바꿔치기로 장난하시는 분이 있네요. ",1646,6,0,0
2019-01-31 09:17:01.537405,13113245,13,19,2019-01-30 17:16:58," 이 와중에 김경수 지사 관련 글 제목, 내용 바꿔치기로 장난하시는 분이 있네요. ",1646,0,0,0
2019-01-31 10:17:06.571905,13113245,13,19,2019-01-30 17:16:58," 이 와중에 김경수 지사 관련 글 제목, 내용 바꿔치기로 장난하시는 분이 있네요. ",1652,6,0,0
2019-01-31 11:16:58.557018,13113245,13,19,2019-01-30 17:16:58," 이 와중에 김경수 지사 관련 글 제목, 내용 바꿔치기로 장난하시는 분이 있네요. ",1656,4,0,0
2019-01-31 12:17:03.622289,13113245,13,19,2019-01-30 17:16:58," 이 와중에 김경수 지사 관련 글 제목, 내용 바꿔치기로 장난하시는 분이 있네요. ",1661,5,0,0
2019-01-31 13:17:09.245396,13113245,13,19,2019-01-30 17:16:58," 이 와중에 김경수 지사 관련 글 제목, 내용 바꿔치기로 장난하시는 분이 있네요. ",1663,2,0,0
2019-01-31 14:17:01.279566,13113245,13,19,2019-01-30 17:16:58," 이 와중에 김경수 지사 관련 글 제목, 내용 바꿔치기로 장난하시는 분이 있네요. ",1664,1,0,0
2019-01-31 15:17:06.374209,13113245,13,19,2019-01-30 17:16:58," 이 와중에 김경수 지사 관련 글 제목, 내용 바꿔치기로 장난하시는 분이 있네요. ",1666,2,0,0
2019-01-31 16:16:58.485100,13113245,13,19,2019-01-30 17:16:58," 이 와중에 김경수 지사 관련 글 제목, 내용 바꿔치기로 장난하시는 분이 있네요. ",1667,1,0,0
2019-01-31 17:17:03.625755,13113245,13,19,2019-01-30 17:16:58," 이 와중에 김경수 지사 관련 글 제목, 내용 바꿔치기로 장난하시는 분이 있네요. ",1669,2,0,0
