check_time,id,post_reply,post_symph,post_time,post_title,post_view,post_view_diff,post_reply_diff,post_symph_diff
2019-01-24 18:02:06.060363,13090237,3,0,2019-01-24 17:02:04, 견물생심 ,938,938,3,0
2019-01-24 19:02:11.130782,13090237,3,0,2019-01-24 17:02:04, 견물생심 ,1007,69,0,0
2019-01-24 20:02:16.176453,13090237,3,0,2019-01-24 17:02:04, 견물생심 ,1033,26,0,0
2019-01-24 21:02:08.296956,13090237,3,0,2019-01-24 17:02:04, 견물생심 ,1044,11,0,0
2019-01-24 22:02:13.395662,13090237,3,0,2019-01-24 17:02:04, 견물생심 ,1048,4,0,0
2019-01-24 23:02:05.595576,13090237,3,0,2019-01-24 17:02:04, 견물생심 ,1057,9,0,0
2019-01-25 00:02:10.710950,13090237,3,0,2019-01-24 17:02:04, 견물생심 ,1059,2,0,0
2019-01-25 01:02:15.852824,13090237,3,0,2019-01-24 17:02:04, 견물생심 ,1061,2,0,0
2019-01-25 02:02:08.373946,13090237,3,0,2019-01-24 17:02:04, 견물생심 ,1068,7,0,0
2019-01-25 03:02:13.639863,13090237,3,0,2019-01-24 17:02:04, 견물생심 ,1069,1,0,0
2019-01-25 04:02:05.667942,13090237,3,0,2019-01-24 17:02:04, 견물생심 ,1070,1,0,0
2019-01-25 05:02:11.033289,13090237,3,0,2019-01-24 17:02:04, 견물생심 ,1071,1,0,0
2019-01-25 06:02:16.092222,13090237,3,0,2019-01-24 17:02:04, 견물생심 ,1072,1,0,0
2019-01-25 07:02:08.040135,13090237,3,0,2019-01-24 17:02:04, 견물생심 ,1074,2,0,0
2019-01-25 08:02:13.070096,13090237,3,0,2019-01-24 17:02:04, 견물생심 ,1076,2,0,0
2019-01-25 09:02:05.046585,13090237,3,0,2019-01-24 17:02:04, 견물생심 ,1077,1,0,0
2019-01-25 10:02:10.121034,13090237,3,0,2019-01-24 17:02:04, 견물생심 ,1078,1,0,0
2019-01-25 11:02:15.239094,13090237,3,0,2019-01-24 17:02:04, 견물생심 ,1081,3,0,0
2019-01-25 12:02:07.776165,13090237,3,0,2019-01-24 17:02:04, 견물생심 ,1082,1,0,0
2019-01-25 13:02:12.875661,13090237,3,0,2019-01-24 17:02:04, 견물생심 ,1083,1,0,0
2019-01-25 14:02:05.051046,13090237,3,0,2019-01-24 17:02:04, 견물생심 ,1085,2,0,0
2019-01-25 15:02:10.152577,13090237,3,0,2019-01-24 17:02:04, 견물생심 ,1088,3,0,0
2019-01-25 16:02:15.262495,13090237,3,0,2019-01-24 17:02:04, 견물생심 ,1088,0,0,0
2019-01-25 17:02:07.331038,13090237,3,0,2019-01-24 17:02:04, 견물생심 ,1091,3,0,0
