check_time,id,post_reply,post_symph,post_time,post_title,post_view,post_view_diff,post_reply_diff,post_symph_diff
2019-01-30 18:26:28.385322,13113282,13,36,2019-01-30 17:26:25, 사법농단 판사 자격 정지 청원 입니다 ,1179,1179,13,36
2019-01-30 19:26:33.693509,13113282,13,36,2019-01-30 17:26:25, 사법농단 판사 자격 정지 청원 입니다 ,1351,172,0,0
2019-01-30 20:26:25.757270,13113282,13,37,2019-01-30 17:26:25, 사법농단 판사 자격 정지 청원 입니다 ,1405,54,0,1
2019-01-30 21:26:31.031322,13113282,13,37,2019-01-30 17:26:25, 사법농단 판사 자격 정지 청원 입니다 ,1453,48,0,0
2019-01-30 22:26:36.258481,13113282,13,37,2019-01-30 17:26:25, 사법농단 판사 자격 정지 청원 입니다 ,1485,32,0,0
2019-01-30 23:26:28.426400,13113282,13,37,2019-01-30 17:26:25, 사법농단 판사 자격 정지 청원 입니다 ,1505,20,0,0
2019-01-31 00:26:33.495909,13113282,13,38,2019-01-30 17:26:25, 사법농단 판사 자격 정지 청원 입니다 ,1536,31,0,1
2019-01-31 01:26:25.605848,13113282,13,38,2019-01-30 17:26:25, 사법농단 판사 자격 정지 청원 입니다 ,1551,15,0,0
2019-01-31 02:26:30.898795,13113282,13,38,2019-01-30 17:26:25, 사법농단 판사 자격 정지 청원 입니다 ,1559,8,0,0
2019-01-31 03:26:36.003806,13113282,13,38,2019-01-30 17:26:25, 사법농단 판사 자격 정지 청원 입니다 ,1566,7,0,0
2019-01-31 04:26:28.058268,13113282,13,38,2019-01-30 17:26:25, 사법농단 판사 자격 정지 청원 입니다 ,1572,6,0,0
2019-01-31 05:26:34.207512,13113282,13,38,2019-01-30 17:26:25, 사법농단 판사 자격 정지 청원 입니다 ,1577,5,0,0
2019-01-31 06:26:26.761702,13113282,13,38,2019-01-30 17:26:25, 사법농단 판사 자격 정지 청원 입니다 ,1579,2,0,0
2019-01-31 07:26:32.043883,13113282,13,38,2019-01-30 17:26:25, 사법농단 판사 자격 정지 청원 입니다 ,1584,5,0,0
2019-01-31 08:26:37.267090,13113282,13,38,2019-01-30 17:26:25, 사법농단 판사 자격 정지 청원 입니다 ,1589,5,0,0
2019-01-31 09:26:29.308189,13113282,13,38,2019-01-30 17:26:25, 사법농단 판사 자격 정지 청원 입니다 ,1591,2,0,0
2019-01-31 10:26:34.356873,13113282,13,38,2019-01-30 17:26:25, 사법농단 판사 자격 정지 청원 입니다 ,1595,4,0,0
2019-01-31 11:26:26.411770,13113282,13,38,2019-01-30 17:26:25, 사법농단 판사 자격 정지 청원 입니다 ,1597,2,0,0
2019-01-31 12:26:31.671961,13113282,13,38,2019-01-30 17:26:25, 사법농단 판사 자격 정지 청원 입니다 ,1598,1,0,0
2019-01-31 13:26:36.758009,13113282,13,38,2019-01-30 17:26:25, 사법농단 판사 자격 정지 청원 입니다 ,1601,3,0,0
2019-01-31 14:26:28.755968,13113282,13,38,2019-01-30 17:26:25, 사법농단 판사 자격 정지 청원 입니다 ,1603,2,0,0
2019-01-31 15:26:33.769261,13113282,13,38,2019-01-30 17:26:25, 사법농단 판사 자격 정지 청원 입니다 ,1605,2,0,0
2019-01-31 16:26:25.774318,13113282,13,38,2019-01-30 17:26:25, 사법농단 판사 자격 정지 청원 입니다 ,1606,1,0,0
2019-01-31 17:26:30.896118,13113282,13,38,2019-01-30 17:26:25, 사법농단 판사 자격 정지 청원 입니다 ,1607,1,0,0
