check_time,id,post_reply,post_symph,post_time,post_title,post_view,post_view_diff,post_reply_diff,post_symph_diff
2019-01-30 18:47:18.460199,13113371,0,1,2019-01-30 17:47:18, 조팝나무 개쉽싸리 ,468,468,0,1
2019-01-30 19:47:23.614036,13113371,0,1,2019-01-30 17:47:18, 조팝나무 개쉽싸리 ,515,47,0,0
2019-01-30 20:47:28.706862,13113371,0,1,2019-01-30 17:47:18, 조팝나무 개쉽싸리 ,527,12,0,0
2019-01-30 21:47:20.812239,13113371,0,1,2019-01-30 17:47:18, 조팝나무 개쉽싸리 ,533,6,0,0
2019-01-30 22:47:25.949078,13113371,0,1,2019-01-30 17:47:18, 조팝나무 개쉽싸리 ,538,5,0,0
2019-01-30 23:47:18.206731,13113371,0,1,2019-01-30 17:47:18, 조팝나무 개쉽싸리 ,540,2,0,0
2019-01-31 00:47:23.296266,13113371,0,1,2019-01-30 17:47:18, 조팝나무 개쉽싸리 ,541,1,0,0
2019-01-31 01:47:28.390599,13113371,0,1,2019-01-30 17:47:18, 조팝나무 개쉽싸리 ,544,3,0,0
2019-01-31 02:47:20.428061,13113371,0,1,2019-01-30 17:47:18, 조팝나무 개쉽싸리 ,549,5,0,0
2019-01-31 03:47:25.597114,13113371,0,1,2019-01-30 17:47:18, 조팝나무 개쉽싸리 ,550,1,0,0
2019-01-31 04:47:30.723466,13113371,0,1,2019-01-30 17:47:18, 조팝나무 개쉽싸리 ,553,3,0,0
2019-01-31 05:47:22.629324,13113371,0,1,2019-01-30 17:47:18, 조팝나무 개쉽싸리 ,555,2,0,0
2019-01-31 06:47:27.556953,13113371,0,1,2019-01-30 17:47:18, 조팝나무 개쉽싸리 ,557,2,0,0
2019-01-31 07:47:19.916043,13113371,0,1,2019-01-30 17:47:18, 조팝나무 개쉽싸리 ,558,1,0,0
2019-01-31 08:47:24.813174,13113371,0,1,2019-01-30 17:47:18, 조팝나무 개쉽싸리 ,559,1,0,0
2019-01-31 09:47:29.899623,13113371,0,1,2019-01-30 17:47:18, 조팝나무 개쉽싸리 ,563,4,0,0
2019-01-31 10:47:21.867435,13113371,0,1,2019-01-30 17:47:18, 조팝나무 개쉽싸리 ,565,2,0,0
2019-01-31 11:47:26.943315,13113371,0,1,2019-01-30 17:47:18, 조팝나무 개쉽싸리 ,567,2,0,0
2019-01-31 12:47:18.945154,13113371,0,1,2019-01-30 17:47:18, 조팝나무 개쉽싸리 ,568,1,0,0
2019-01-31 13:47:24.218569,13113371,0,1,2019-01-30 17:47:18, 조팝나무 개쉽싸리 ,570,2,0,0
2019-01-31 14:47:29.348717,13113371,0,1,2019-01-30 17:47:18, 조팝나무 개쉽싸리 ,571,1,0,0
2019-01-31 15:47:21.476019,13113371,0,1,2019-01-30 17:47:18, 조팝나무 개쉽싸리 ,574,3,0,0
2019-01-31 16:47:26.591059,13113371,0,1,2019-01-30 17:47:18, 조팝나무 개쉽싸리 ,574,0,0,0
2019-01-31 17:47:18.626511,13113371,0,1,2019-01-30 17:47:18, 조팝나무 개쉽싸리 ,576,2,0,0
