check_time,id,post_reply,post_symph,post_time,post_title,post_view,post_view_diff,post_reply_diff,post_symph_diff
2019-01-27 18:06:41.401924,13101538,7,0,2019-01-27 17:06:31, 북한 열리면 통일과 관계없이.. 파주가 뜨지 않을까요? ,1110,1110,7,0
2019-01-27 19:06:33.395573,13101538,8,0,2019-01-27 17:06:31, 북한 열리면 통일과 관계없이.. 파주가 뜨지 않을까요? ,1277,167,1,0
2019-01-27 20:06:38.485489,13101538,8,0,2019-01-27 17:06:31, 북한 열리면 통일과 관계없이.. 파주가 뜨지 않을까요? ,1359,82,0,0
2019-01-27 21:06:43.527096,13101538,8,0,2019-01-27 17:06:31, 북한 열리면 통일과 관계없이.. 파주가 뜨지 않을까요? ,1396,37,0,0
2019-01-27 22:06:35.546973,13101538,8,0,2019-01-27 17:06:31, 북한 열리면 통일과 관계없이.. 파주가 뜨지 않을까요? ,1415,19,0,0
2019-01-27 23:06:40.938946,13101538,8,0,2019-01-27 17:06:31, 북한 열리면 통일과 관계없이.. 파주가 뜨지 않을까요? ,1425,10,0,0
2019-01-28 00:06:32.945972,13101538,8,0,2019-01-27 17:06:31, 북한 열리면 통일과 관계없이.. 파주가 뜨지 않을까요? ,1433,8,0,0
2019-01-28 01:06:37.990690,13101538,8,0,2019-01-27 17:06:31, 북한 열리면 통일과 관계없이.. 파주가 뜨지 않을까요? ,1440,7,0,0
2019-01-28 02:06:43.037731,13101538,8,0,2019-01-27 17:06:31, 북한 열리면 통일과 관계없이.. 파주가 뜨지 않을까요? ,1441,1,0,0
2019-01-28 03:06:35.276738,13101538,8,0,2019-01-27 17:06:31, 북한 열리면 통일과 관계없이.. 파주가 뜨지 않을까요? ,1443,2,0,0
2019-01-28 04:06:40.348219,13101538,8,0,2019-01-27 17:06:31, 북한 열리면 통일과 관계없이.. 파주가 뜨지 않을까요? ,1444,1,0,0
2019-01-28 05:06:32.412022,13101538,8,0,2019-01-27 17:06:31, 북한 열리면 통일과 관계없이.. 파주가 뜨지 않을까요? ,1446,2,0,0
2019-01-28 06:06:37.483243,13101538,8,0,2019-01-27 17:06:31, 북한 열리면 통일과 관계없이.. 파주가 뜨지 않을까요? ,1450,4,0,0
2019-01-28 07:06:42.685338,13101538,8,0,2019-01-27 17:06:31, 북한 열리면 통일과 관계없이.. 파주가 뜨지 않을까요? ,1453,3,0,0
2019-01-28 08:06:34.770039,13101538,8,0,2019-01-27 17:06:31, 북한 열리면 통일과 관계없이.. 파주가 뜨지 않을까요? ,1455,2,0,0
2019-01-28 09:06:39.838247,13101538,8,0,2019-01-27 17:06:31, 북한 열리면 통일과 관계없이.. 파주가 뜨지 않을까요? ,1456,1,0,0
2019-01-28 10:06:31.906217,13101538,8,0,2019-01-27 17:06:31, 북한 열리면 통일과 관계없이.. 파주가 뜨지 않을까요? ,1460,4,0,0
2019-01-28 11:06:36.940079,13101538,8,0,2019-01-27 17:06:31, 북한 열리면 통일과 관계없이.. 파주가 뜨지 않을까요? ,1465,5,0,0
2019-01-28 12:06:41.926499,13101538,8,0,2019-01-27 17:06:31, 북한 열리면 통일과 관계없이.. 파주가 뜨지 않을까요? ,1466,1,0,0
2019-01-28 13:06:33.875439,13101538,8,0,2019-01-27 17:06:31, 북한 열리면 통일과 관계없이.. 파주가 뜨지 않을까요? ,1468,2,0,0
2019-01-28 14:06:38.861028,13101538,8,0,2019-01-27 17:06:31, 북한 열리면 통일과 관계없이.. 파주가 뜨지 않을까요? ,1469,1,0,0
2019-01-28 15:06:43.943848,13101538,8,0,2019-01-27 17:06:31, 북한 열리면 통일과 관계없이.. 파주가 뜨지 않을까요? ,1471,2,0,0
2019-01-28 16:06:35.927946,13101538,8,0,2019-01-27 17:06:31, 북한 열리면 통일과 관계없이.. 파주가 뜨지 않을까요? ,1475,4,0,0
2019-01-28 17:06:40.992725,13101538,8,0,2019-01-27 17:06:31, 북한 열리면 통일과 관계없이.. 파주가 뜨지 않을까요? ,1477,2,0,0
