check_time,id,post_reply,post_symph,post_time,post_title,post_view,post_view_diff,post_reply_diff,post_symph_diff
2019-01-29 18:56:50.218613,13109127,11,1,2019-01-29 17:56:40, 속보)김현철경제보좌관 사표수리. ,4204,4204,11,1
2019-01-29 19:56:42.997361,13109127,11,1,2019-01-29 17:56:40, 속보)김현철경제보좌관 사표수리. ,4797,593,0,0
2019-01-29 20:56:48.010711,13109127,11,1,2019-01-29 17:56:40, 속보)김현철경제보좌관 사표수리. ,5114,317,0,0
2019-01-29 21:56:40.064774,13109127,11,1,2019-01-29 17:56:40, 속보)김현철경제보좌관 사표수리. ,5331,217,0,0
2019-01-29 22:56:45.070217,13109127,11,1,2019-01-29 17:56:40, 속보)김현철경제보좌관 사표수리. ,5522,191,0,0
2019-01-29 23:56:50.131818,13109127,12,1,2019-01-29 17:56:40, 속보)김현철경제보좌관 사표수리. ,5669,147,1,0
2019-01-30 00:56:42.188458,13109127,12,1,2019-01-29 17:56:40, 속보)김현철경제보좌관 사표수리. ,5770,101,0,0
2019-01-30 01:56:47.247604,13109127,12,1,2019-01-29 17:56:40, 속보)김현철경제보좌관 사표수리. ,5798,28,0,0
2019-01-30 02:56:52.505562,13109127,12,1,2019-01-29 17:56:40, 속보)김현철경제보좌관 사표수리. ,5815,17,0,0
2019-01-30 03:56:44.526412,13109127,12,1,2019-01-29 17:56:40, 속보)김현철경제보좌관 사표수리. ,5827,12,0,0
2019-01-30 04:56:49.596933,13109127,12,1,2019-01-29 17:56:40, 속보)김현철경제보좌관 사표수리. ,5839,12,0,0
2019-01-30 05:56:41.671842,13109127,12,1,2019-01-29 17:56:40, 속보)김현철경제보좌관 사표수리. ,5848,9,0,0
2019-01-30 06:56:46.857472,13109127,12,1,2019-01-29 17:56:40, 속보)김현철경제보좌관 사표수리. ,5854,6,0,0
2019-01-30 07:56:51.944859,13109127,12,1,2019-01-29 17:56:40, 속보)김현철경제보좌관 사표수리. ,5873,19,0,0
2019-01-30 08:56:43.997044,13109127,12,1,2019-01-29 17:56:40, 속보)김현철경제보좌관 사표수리. ,5898,25,0,0
2019-01-30 09:56:49.114100,13109127,12,1,2019-01-29 17:56:40, 속보)김현철경제보좌관 사표수리. ,5909,11,0,0
2019-01-30 10:56:41.378044,13109127,12,1,2019-01-29 17:56:40, 속보)김현철경제보좌관 사표수리. ,5921,12,0,0
2019-01-30 11:56:46.386639,13109127,12,2,2019-01-29 17:56:40, 속보)김현철경제보좌관 사표수리. ,5929,8,0,1
2019-01-30 12:56:51.411053,13109127,12,2,2019-01-29 17:56:40, 속보)김현철경제보좌관 사표수리. ,5940,11,0,0
2019-01-30 13:56:43.390933,13109127,12,2,2019-01-29 17:56:40, 속보)김현철경제보좌관 사표수리. ,5945,5,0,0
2019-01-30 14:56:48.454042,13109127,12,2,2019-01-29 17:56:40, 속보)김현철경제보좌관 사표수리. ,5949,4,0,0
2019-01-30 15:56:40.533012,13109127,12,2,2019-01-29 17:56:40, 속보)김현철경제보좌관 사표수리. ,5952,3,0,0
2019-01-30 16:56:45.603966,13109127,12,2,2019-01-29 17:56:40, 속보)김현철경제보좌관 사표수리. ,5957,5,0,0
2019-01-30 17:56:50.712606,13109127,12,2,2019-01-29 17:56:40, 속보)김현철경제보좌관 사표수리. ,5965,8,0,0
