check_time,id,post_reply,post_symph,post_time,post_title,post_view,post_view_diff,post_reply_diff,post_symph_diff
2019-01-30 18:22:11.658191,13113265,4,0,2019-01-30 17:22:06, 일본어 공부일지#30 ,762,762,4,0
2019-01-30 19:22:16.781850,13113265,5,0,2019-01-30 17:22:06, 일본어 공부일지#30 ,806,44,1,0
2019-01-30 20:22:08.898987,13113265,5,0,2019-01-30 17:22:06, 일본어 공부일지#30 ,821,15,0,0
2019-01-30 21:22:13.882269,13113265,5,0,2019-01-30 17:22:06, 일본어 공부일지#30 ,828,7,0,0
2019-01-30 22:22:18.913392,13113265,5,0,2019-01-30 17:22:06, 일본어 공부일지#30 ,833,5,0,0
2019-01-30 23:22:10.857147,13113265,5,0,2019-01-30 17:22:06, 일본어 공부일지#30 ,840,7,0,0
2019-01-31 00:22:15.873278,13113265,5,0,2019-01-30 17:22:06, 일본어 공부일지#30 ,842,2,0,0
2019-01-31 01:22:08.104255,13113265,5,0,2019-01-30 17:22:06, 일본어 공부일지#30 ,846,4,0,0
2019-01-31 02:22:13.149583,13113265,5,0,2019-01-30 17:22:06, 일본어 공부일지#30 ,849,3,0,0
2019-01-31 03:22:18.226184,13113265,5,0,2019-01-30 17:22:06, 일본어 공부일지#30 ,853,4,0,0
2019-01-31 04:22:10.241558,13113265,5,0,2019-01-30 17:22:06, 일본어 공부일지#30 ,855,2,0,0
2019-01-31 05:22:15.349021,13113265,5,0,2019-01-30 17:22:06, 일본어 공부일지#30 ,856,1,0,0
2019-01-31 06:22:07.390258,13113265,5,0,2019-01-30 17:22:06, 일본어 공부일지#30 ,857,1,0,0
2019-01-31 07:22:12.624885,13113265,5,0,2019-01-30 17:22:06, 일본어 공부일지#30 ,858,1,0,0
2019-01-31 08:22:17.837198,13113265,5,0,2019-01-30 17:22:06, 일본어 공부일지#30 ,860,2,0,0
2019-01-31 09:22:10.320822,13113265,5,0,2019-01-30 17:22:06, 일본어 공부일지#30 ,863,3,0,0
2019-01-31 10:22:15.483406,13113265,5,0,2019-01-30 17:22:06, 일본어 공부일지#30 ,868,5,0,0
2019-01-31 11:22:07.488056,13113265,5,0,2019-01-30 17:22:06, 일본어 공부일지#30 ,870,2,0,0
2019-01-31 12:22:13.095640,13113265,5,0,2019-01-30 17:22:06, 일본어 공부일지#30 ,871,1,0,0
2019-01-31 13:22:18.205072,13113265,5,0,2019-01-30 17:22:06, 일본어 공부일지#30 ,873,2,0,0
2019-01-31 14:22:10.632991,13113265,5,0,2019-01-30 17:22:06, 일본어 공부일지#30 ,876,3,0,0
2019-01-31 15:22:15.842116,13113265,5,0,2019-01-30 17:22:06, 일본어 공부일지#30 ,877,1,0,0
2019-01-31 16:22:08.110101,13113265,5,0,2019-01-30 17:22:06, 일본어 공부일지#30 ,880,3,0,0
2019-01-31 17:22:13.267022,13113265,5,0,2019-01-30 17:22:06, 일본어 공부일지#30 ,880,0,0,0
