check_time,id,post_reply,post_symph,post_time,post_title,post_view,post_view_diff,post_reply_diff,post_symph_diff
2019-01-24 18:47:16.220229,13090400,6,0,2019-01-24 17:47:10, 해가 저물고 있습니다. ,677,677,6,0
2019-01-24 19:47:21.360059,13090400,6,0,2019-01-24 17:47:10, 해가 저물고 있습니다. ,720,43,0,0
2019-01-24 20:47:13.413832,13090400,6,0,2019-01-24 17:47:10, 해가 저물고 있습니다. ,732,12,0,0
2019-01-24 21:47:18.528594,13090400,6,0,2019-01-24 17:47:10, 해가 저물고 있습니다. ,743,11,0,0
2019-01-24 22:47:10.599966,13090400,6,0,2019-01-24 17:47:10, 해가 저물고 있습니다. ,748,5,0,0
2019-01-24 23:47:15.765529,13090400,6,0,2019-01-24 17:47:10, 해가 저물고 있습니다. ,751,3,0,0
2019-01-25 00:47:20.892755,13090400,6,0,2019-01-24 17:47:10, 해가 저물고 있습니다. ,752,1,0,0
2019-01-25 01:47:13.035799,13090400,6,0,2019-01-24 17:47:10, 해가 저물고 있습니다. ,756,4,0,0
2019-01-25 02:47:18.064168,13090400,6,0,2019-01-24 17:47:10, 해가 저물고 있습니다. ,759,3,0,0
2019-01-25 03:47:10.091414,13090400,6,0,2019-01-24 17:47:10, 해가 저물고 있습니다. ,760,1,0,0
2019-01-25 04:47:15.120958,13090400,6,0,2019-01-24 17:47:10, 해가 저물고 있습니다. ,761,1,0,0
2019-01-25 05:47:20.093139,13090400,6,0,2019-01-24 17:47:10, 해가 저물고 있습니다. ,763,2,0,0
2019-01-25 06:47:12.223672,13090400,6,0,2019-01-24 17:47:10, 해가 저물고 있습니다. ,765,2,0,0
2019-01-25 07:47:17.259762,13090400,6,0,2019-01-24 17:47:10, 해가 저물고 있습니다. ,766,1,0,0
2019-01-25 08:47:22.728819,13090400,6,0,2019-01-24 17:47:10, 해가 저물고 있습니다. ,768,2,0,0
2019-01-25 09:47:15.018167,13090400,6,0,2019-01-24 17:47:10, 해가 저물고 있습니다. ,769,1,0,0
2019-01-25 10:47:20.297208,13090400,6,0,2019-01-24 17:47:10, 해가 저물고 있습니다. ,771,2,0,0
2019-01-25 11:47:12.679959,13090400,6,0,2019-01-24 17:47:10, 해가 저물고 있습니다. ,772,1,0,0
2019-01-25 12:47:18.190918,13090400,6,0,2019-01-24 17:47:10, 해가 저물고 있습니다. ,774,2,0,0
2019-01-25 13:47:10.190734,13090400,6,0,2019-01-24 17:47:10, 해가 저물고 있습니다. ,775,1,0,0
2019-01-25 14:47:15.200634,13090400,6,0,2019-01-24 17:47:10, 해가 저물고 있습니다. ,778,3,0,0
2019-01-25 15:47:20.243508,13090400,6,0,2019-01-24 17:47:10, 해가 저물고 있습니다. ,780,2,0,0
2019-01-25 16:47:12.480658,13090400,6,0,2019-01-24 17:47:10, 해가 저물고 있습니다. ,781,1,0,0
2019-01-25 17:47:17.599989,13090400,6,0,2019-01-24 17:47:10, 해가 저물고 있습니다. ,782,1,0,0
