check_time,id,post_reply,post_symph,post_time,post_title,post_view,post_view_diff,post_reply_diff,post_symph_diff
2019-01-28 18:57:11.700823,13105453,9,0,2019-01-28 17:57:00, 다시 태어난다면... ,764,764,9,0
2019-01-28 19:57:03.744386,13105453,9,0,2019-01-28 17:57:00, 다시 태어난다면... ,842,78,0,0
2019-01-28 20:57:08.851430,13105453,9,0,2019-01-28 17:57:00, 다시 태어난다면... ,882,40,0,0
2019-01-28 21:57:00.844133,13105453,9,0,2019-01-28 17:57:00, 다시 태어난다면... ,906,24,0,0
2019-01-28 22:57:06.320749,13105453,9,0,2019-01-28 17:57:00, 다시 태어난다면... ,917,11,0,0
2019-01-28 23:57:11.413314,13105453,9,0,2019-01-28 17:57:00, 다시 태어난다면... ,926,9,0,0
2019-01-29 00:57:03.383341,13105453,9,0,2019-01-28 17:57:00, 다시 태어난다면... ,934,8,0,0
2019-01-29 01:57:08.729187,13105453,9,0,2019-01-28 17:57:00, 다시 태어난다면... ,942,8,0,0
2019-01-29 02:57:00.914390,13105453,9,0,2019-01-28 17:57:00, 다시 태어난다면... ,946,4,0,0
2019-01-29 03:57:06.075031,13105453,9,0,2019-01-28 17:57:00, 다시 태어난다면... ,946,0,0,0
2019-01-29 04:57:11.159943,13105453,9,0,2019-01-28 17:57:00, 다시 태어난다면... ,949,3,0,0
2019-01-29 05:57:03.209632,13105453,9,0,2019-01-28 17:57:00, 다시 태어난다면... ,949,0,0,0
2019-01-29 06:57:08.436765,13105453,9,0,2019-01-28 17:57:00, 다시 태어난다면... ,952,3,0,0
2019-01-29 07:57:00.501813,13105453,9,0,2019-01-28 17:57:00, 다시 태어난다면... ,953,1,0,0
2019-01-29 08:57:05.777937,13105453,9,0,2019-01-28 17:57:00, 다시 태어난다면... ,956,3,0,0
2019-01-29 09:57:10.899484,13105453,9,0,2019-01-28 17:57:00, 다시 태어난다면... ,960,4,0,0
2019-01-29 10:57:03.047447,13105453,9,0,2019-01-28 17:57:00, 다시 태어난다면... ,961,1,0,0
2019-01-29 11:57:08.101710,13105453,9,0,2019-01-28 17:57:00, 다시 태어난다면... ,962,1,0,0
2019-01-29 12:57:00.203839,13105453,9,0,2019-01-28 17:57:00, 다시 태어난다면... ,965,3,0,0
2019-01-29 13:57:05.311211,13105453,9,0,2019-01-28 17:57:00, 다시 태어난다면... ,966,1,0,0
2019-01-29 14:57:10.649950,13105453,9,0,2019-01-28 17:57:00, 다시 태어난다면... ,967,1,0,0
2019-01-29 15:57:02.886672,13105453,9,0,2019-01-28 17:57:00, 다시 태어난다면... ,968,1,0,0
2019-01-29 16:57:08.110094,13105453,9,0,2019-01-28 17:57:00, 다시 태어난다면... ,973,5,0,0
2019-01-29 17:57:00.351578,13105453,9,0,2019-01-28 17:57:00, 다시 태어난다면... ,974,1,0,0
