check_time,id,post_reply,post_symph,post_time,post_title,post_view,post_view_diff,post_reply_diff,post_symph_diff
2019-01-28 18:06:40.306378,13105271,15,0,2019-01-28 17:06:38, 현직 피부과 의사가 말하는 공부잘하는 법.jpg ,4195,4195,15,0
2019-01-28 19:06:45.404315,13105271,15,0,2019-01-28 17:06:38, 현직 피부과 의사가 말하는 공부잘하는 법.jpg ,4938,743,0,0
2019-01-28 20:06:50.624837,13105271,15,0,2019-01-28 17:06:38, 현직 피부과 의사가 말하는 공부잘하는 법.jpg ,5381,443,0,0
2019-01-28 21:06:42.705734,13105271,15,0,2019-01-28 17:06:38, 현직 피부과 의사가 말하는 공부잘하는 법.jpg ,5674,293,0,0
2019-01-28 22:06:47.901794,13105271,15,0,2019-01-28 17:06:38, 현직 피부과 의사가 말하는 공부잘하는 법.jpg ,5860,186,0,0
2019-01-28 23:06:40.041952,13105271,15,0,2019-01-28 17:06:38, 현직 피부과 의사가 말하는 공부잘하는 법.jpg ,5998,138,0,0
2019-01-29 00:06:45.172629,13105271,15,0,2019-01-28 17:06:38, 현직 피부과 의사가 말하는 공부잘하는 법.jpg ,6069,71,0,0
2019-01-29 01:06:50.353551,13105271,15,0,2019-01-28 17:06:38, 현직 피부과 의사가 말하는 공부잘하는 법.jpg ,6121,52,0,0
2019-01-29 02:06:42.389058,13105271,15,0,2019-01-28 17:06:38, 현직 피부과 의사가 말하는 공부잘하는 법.jpg ,6157,36,0,0
2019-01-29 03:06:47.485768,13105271,15,0,2019-01-28 17:06:38, 현직 피부과 의사가 말하는 공부잘하는 법.jpg ,6174,17,0,0
2019-01-29 04:06:39.518900,13105271,15,0,2019-01-28 17:06:38, 현직 피부과 의사가 말하는 공부잘하는 법.jpg ,6188,14,0,0
2019-01-29 05:06:44.551009,13105271,15,0,2019-01-28 17:06:38, 현직 피부과 의사가 말하는 공부잘하는 법.jpg ,6200,12,0,0
2019-01-29 06:06:49.587677,13105271,15,0,2019-01-28 17:06:38, 현직 피부과 의사가 말하는 공부잘하는 법.jpg ,6204,4,0,0
2019-01-29 07:06:41.616403,13105271,15,0,2019-01-28 17:06:38, 현직 피부과 의사가 말하는 공부잘하는 법.jpg ,6212,8,0,0
2019-01-29 08:06:46.632392,13105271,15,0,2019-01-28 17:06:38, 현직 피부과 의사가 말하는 공부잘하는 법.jpg ,6220,8,0,0
2019-01-29 09:06:38.655534,13105271,15,0,2019-01-28 17:06:38, 현직 피부과 의사가 말하는 공부잘하는 법.jpg ,6236,16,0,0
2019-01-29 10:06:43.748390,13105271,15,0,2019-01-28 17:06:38, 현직 피부과 의사가 말하는 공부잘하는 법.jpg ,6241,5,0,0
2019-01-29 11:06:48.883663,13105271,15,0,2019-01-28 17:06:38, 현직 피부과 의사가 말하는 공부잘하는 법.jpg ,6248,7,0,0
2019-01-29 12:06:41.172289,13105271,15,0,2019-01-28 17:06:38, 현직 피부과 의사가 말하는 공부잘하는 법.jpg ,6261,13,0,0
2019-01-29 13:06:46.232725,13105271,15,0,2019-01-28 17:06:38, 현직 피부과 의사가 말하는 공부잘하는 법.jpg ,6266,5,0,0
2019-01-29 14:06:38.708193,13105271,15,0,2019-01-28 17:06:38, 현직 피부과 의사가 말하는 공부잘하는 법.jpg ,6267,1,0,0
2019-01-29 15:06:43.716187,13105271,15,0,2019-01-28 17:06:38, 현직 피부과 의사가 말하는 공부잘하는 법.jpg ,6270,3,0,0
2019-01-29 16:06:48.783262,13105271,15,0,2019-01-28 17:06:38, 현직 피부과 의사가 말하는 공부잘하는 법.jpg ,6274,4,0,0
2019-01-29 17:06:40.888052,13105271,15,0,2019-01-28 17:06:38, 현직 피부과 의사가 말하는 공부잘하는 법.jpg ,6281,7,0,0
