check_time,id,post_reply,post_symph,post_time,post_title,post_view,post_view_diff,post_reply_diff,post_symph_diff
2019-01-27 18:46:02.680205,13101617,21,0,2019-01-27 17:46:02, 화목보일러의 민폐수준은 상상초월이네요 ,2606,2606,21,0
2019-01-27 19:46:07.737960,13101617,22,1,2019-01-27 17:46:02, 화목보일러의 민폐수준은 상상초월이네요 ,3182,576,1,1
2019-01-27 20:46:12.807742,13101617,22,1,2019-01-27 17:46:02, 화목보일러의 민폐수준은 상상초월이네요 ,3647,465,0,0
2019-01-27 21:46:04.900892,13101617,22,1,2019-01-27 17:46:02, 화목보일러의 민폐수준은 상상초월이네요 ,3867,220,0,0
2019-01-27 22:46:09.967545,13101617,22,1,2019-01-27 17:46:02, 화목보일러의 민폐수준은 상상초월이네요 ,3996,129,0,0
2019-01-27 23:46:15.010234,13101617,22,1,2019-01-27 17:46:02, 화목보일러의 민폐수준은 상상초월이네요 ,4076,80,0,0
2019-01-28 00:46:07.073689,13101617,22,1,2019-01-27 17:46:02, 화목보일러의 민폐수준은 상상초월이네요 ,4136,60,0,0
2019-01-28 01:46:12.103520,13101617,22,1,2019-01-27 17:46:02, 화목보일러의 민폐수준은 상상초월이네요 ,4168,32,0,0
2019-01-28 02:46:04.115932,13101617,22,1,2019-01-27 17:46:02, 화목보일러의 민폐수준은 상상초월이네요 ,4186,18,0,0
2019-01-28 03:46:09.163777,13101617,22,1,2019-01-27 17:46:02, 화목보일러의 민폐수준은 상상초월이네요 ,4197,11,0,0
2019-01-28 04:46:14.221846,13101617,22,1,2019-01-27 17:46:02, 화목보일러의 민폐수준은 상상초월이네요 ,4213,16,0,0
2019-01-28 05:46:06.227228,13101617,22,1,2019-01-27 17:46:02, 화목보일러의 민폐수준은 상상초월이네요 ,4224,11,0,0
2019-01-28 06:46:11.493368,13101617,22,1,2019-01-27 17:46:02, 화목보일러의 민폐수준은 상상초월이네요 ,4234,10,0,0
2019-01-28 07:46:03.493314,13101617,22,1,2019-01-27 17:46:02, 화목보일러의 민폐수준은 상상초월이네요 ,4245,11,0,0
2019-01-28 08:46:08.518423,13101617,22,1,2019-01-27 17:46:02, 화목보일러의 민폐수준은 상상초월이네요 ,4260,15,0,0
2019-01-28 09:46:13.516408,13101617,22,1,2019-01-27 17:46:02, 화목보일러의 민폐수준은 상상초월이네요 ,4269,9,0,0
2019-01-28 10:46:05.637764,13101617,22,1,2019-01-27 17:46:02, 화목보일러의 민폐수준은 상상초월이네요 ,4274,5,0,0
2019-01-28 11:46:10.720475,13101617,22,1,2019-01-27 17:46:02, 화목보일러의 민폐수준은 상상초월이네요 ,4280,6,0,0
2019-01-28 12:46:02.777933,13101617,22,1,2019-01-27 17:46:02, 화목보일러의 민폐수준은 상상초월이네요 ,4287,7,0,0
2019-01-28 13:46:07.812857,13101617,22,1,2019-01-27 17:46:02, 화목보일러의 민폐수준은 상상초월이네요 ,4291,4,0,0
2019-01-28 14:46:12.882342,13101617,22,1,2019-01-27 17:46:02, 화목보일러의 민폐수준은 상상초월이네요 ,4294,3,0,0
2019-01-28 15:46:04.988725,13101617,22,1,2019-01-27 17:46:02, 화목보일러의 민폐수준은 상상초월이네요 ,4299,5,0,0
2019-01-28 16:46:10.057273,13101617,22,1,2019-01-27 17:46:02, 화목보일러의 민폐수준은 상상초월이네요 ,4307,8,0,0
2019-01-28 17:46:02.210216,13101617,22,1,2019-01-27 17:46:02, 화목보일러의 민폐수준은 상상초월이네요 ,4308,1,0,0
