check_time,id,post_reply,post_symph,post_time,post_title,post_view,post_view_diff,post_reply_diff,post_symph_diff
2019-01-26 18:56:40.914182,13098609,7,0,2019-01-26 17:56:38, 요즘 백합 만화에서 남자는 어떻게 묘사 될까?.jpg ,1811,1811,7,0
2019-01-26 19:56:45.980388,13098609,7,0,2019-01-26 17:56:38, 요즘 백합 만화에서 남자는 어떻게 묘사 될까?.jpg ,2140,329,0,0
2019-01-26 20:56:50.993483,13098609,7,0,2019-01-26 17:56:38, 요즘 백합 만화에서 남자는 어떻게 묘사 될까?.jpg ,2317,177,0,0
2019-01-26 21:56:43.216852,13098609,7,0,2019-01-26 17:56:38, 요즘 백합 만화에서 남자는 어떻게 묘사 될까?.jpg ,2410,93,0,0
2019-01-26 22:56:48.269728,13098609,7,0,2019-01-26 17:56:38, 요즘 백합 만화에서 남자는 어떻게 묘사 될까?.jpg ,2469,59,0,0
2019-01-26 23:56:40.295742,13098609,7,0,2019-01-26 17:56:38, 요즘 백합 만화에서 남자는 어떻게 묘사 될까?.jpg ,2512,43,0,0
2019-01-27 00:56:45.515265,13098609,7,0,2019-01-26 17:56:38, 요즘 백합 만화에서 남자는 어떻게 묘사 될까?.jpg ,2524,12,0,0
2019-01-27 01:56:50.610038,13098609,7,0,2019-01-26 17:56:38, 요즘 백합 만화에서 남자는 어떻게 묘사 될까?.jpg ,2533,9,0,0
2019-01-27 02:56:42.838563,13098609,7,0,2019-01-26 17:56:38, 요즘 백합 만화에서 남자는 어떻게 묘사 될까?.jpg ,2543,10,0,0
2019-01-27 03:56:47.996998,13098609,7,0,2019-01-26 17:56:38, 요즘 백합 만화에서 남자는 어떻게 묘사 될까?.jpg ,2543,0,0,0
2019-01-27 04:56:40.082730,13098609,7,0,2019-01-26 17:56:38, 요즘 백합 만화에서 남자는 어떻게 묘사 될까?.jpg ,2545,2,0,0
2019-01-27 05:56:45.220094,13098609,7,0,2019-01-26 17:56:38, 요즘 백합 만화에서 남자는 어떻게 묘사 될까?.jpg ,2547,2,0,0
2019-01-27 06:56:50.318346,13098609,7,0,2019-01-26 17:56:38, 요즘 백합 만화에서 남자는 어떻게 묘사 될까?.jpg ,2551,4,0,0
2019-01-27 07:56:42.653712,13098609,7,0,2019-01-26 17:56:38, 요즘 백합 만화에서 남자는 어떻게 묘사 될까?.jpg ,2557,6,0,0
2019-01-27 08:56:47.813664,13098609,7,0,2019-01-26 17:56:38, 요즘 백합 만화에서 남자는 어떻게 묘사 될까?.jpg ,2562,5,0,0
2019-01-27 09:56:39.939743,13098609,7,0,2019-01-26 17:56:38, 요즘 백합 만화에서 남자는 어떻게 묘사 될까?.jpg ,2564,2,0,0
2019-01-27 10:56:45.160204,13098609,7,0,2019-01-26 17:56:38, 요즘 백합 만화에서 남자는 어떻게 묘사 될까?.jpg ,2567,3,0,0
2019-01-27 11:56:50.302406,13098609,7,0,2019-01-26 17:56:38, 요즘 백합 만화에서 남자는 어떻게 묘사 될까?.jpg ,2574,7,0,0
2019-01-27 12:56:42.412913,13098609,7,0,2019-01-26 17:56:38, 요즘 백합 만화에서 남자는 어떻게 묘사 될까?.jpg ,2577,3,0,0
2019-01-27 13:56:47.499985,13098609,7,0,2019-01-26 17:56:38, 요즘 백합 만화에서 남자는 어떻게 묘사 될까?.jpg ,2578,1,0,0
2019-01-27 14:56:39.573485,13098609,7,0,2019-01-26 17:56:38, 요즘 백합 만화에서 남자는 어떻게 묘사 될까?.jpg ,2580,2,0,0
2019-01-27 15:56:44.934437,13098609,7,0,2019-01-26 17:56:38, 요즘 백합 만화에서 남자는 어떻게 묘사 될까?.jpg ,2585,5,0,0
2019-01-27 16:56:50.033014,13098609,7,0,2019-01-26 17:56:38, 요즘 백합 만화에서 남자는 어떻게 묘사 될까?.jpg ,2591,6,0,0
2019-01-27 17:56:42.033296,13098609,7,0,2019-01-26 17:56:38, 요즘 백합 만화에서 남자는 어떻게 묘사 될까?.jpg ,2591,0,0,0
