check_time,id,post_reply,post_symph,post_time,post_title,post_view,post_view_diff,post_reply_diff,post_symph_diff
2019-01-30 18:41:32.861565,13113347,0,0,2019-01-30 17:41:23, 앞으로 판사뽑을땐 법전보단 소설책이 더~~ ,240,240,0,0
2019-01-30 19:41:24.899395,13113347,0,0,2019-01-30 17:41:23, 앞으로 판사뽑을땐 법전보단 소설책이 더~~ ,250,10,0,0
2019-01-30 20:41:29.926359,13113347,0,0,2019-01-30 17:41:23, 앞으로 판사뽑을땐 법전보단 소설책이 더~~ ,255,5,0,0
2019-01-30 21:41:35.216852,13113347,0,0,2019-01-30 17:41:23, 앞으로 판사뽑을땐 법전보단 소설책이 더~~ ,258,3,0,0
2019-01-30 22:41:27.282591,13113347,0,0,2019-01-30 17:41:23, 앞으로 판사뽑을땐 법전보단 소설책이 더~~ ,259,1,0,0
2019-01-30 23:41:32.269611,13113347,0,0,2019-01-30 17:41:23, 앞으로 판사뽑을땐 법전보단 소설책이 더~~ ,261,2,0,0
2019-01-31 00:41:24.493384,13113347,0,0,2019-01-30 17:41:23, 앞으로 판사뽑을땐 법전보단 소설책이 더~~ ,262,1,0,0
2019-01-31 01:41:29.505781,13113347,0,0,2019-01-30 17:41:23, 앞으로 판사뽑을땐 법전보단 소설책이 더~~ ,264,2,0,0
2019-01-31 02:41:34.533131,13113347,0,0,2019-01-30 17:41:23, 앞으로 판사뽑을땐 법전보단 소설책이 더~~ ,265,1,0,0
2019-01-31 03:41:26.637362,13113347,0,0,2019-01-30 17:41:23, 앞으로 판사뽑을땐 법전보단 소설책이 더~~ ,266,1,0,0
2019-01-31 04:41:31.881079,13113347,0,0,2019-01-30 17:41:23, 앞으로 판사뽑을땐 법전보단 소설책이 더~~ ,268,2,0,0
2019-01-31 05:41:23.975096,13113347,0,0,2019-01-30 17:41:23, 앞으로 판사뽑을땐 법전보단 소설책이 더~~ ,269,1,0,0
2019-01-31 06:41:29.183026,13113347,0,0,2019-01-30 17:41:23, 앞으로 판사뽑을땐 법전보단 소설책이 더~~ ,270,1,0,0
2019-01-31 07:41:34.514669,13113347,0,0,2019-01-30 17:41:23, 앞으로 판사뽑을땐 법전보단 소설책이 더~~ ,271,1,0,0
2019-01-31 08:41:26.994639,13113347,0,0,2019-01-30 17:41:23, 앞으로 판사뽑을땐 법전보단 소설책이 더~~ ,272,1,0,0
2019-01-31 09:41:32.138926,13113347,0,0,2019-01-30 17:41:23, 앞으로 판사뽑을땐 법전보단 소설책이 더~~ ,273,1,0,0
2019-01-31 10:41:24.319488,13113347,0,0,2019-01-30 17:41:23, 앞으로 판사뽑을땐 법전보단 소설책이 더~~ ,275,2,0,0
2019-01-31 11:41:29.396391,13113347,0,0,2019-01-30 17:41:23, 앞으로 판사뽑을땐 법전보단 소설책이 더~~ ,276,1,0,0
2019-01-31 12:41:34.680648,13113347,0,0,2019-01-30 17:41:23, 앞으로 판사뽑을땐 법전보단 소설책이 더~~ ,277,1,0,0
2019-01-31 13:41:26.951453,13113347,0,0,2019-01-30 17:41:23, 앞으로 판사뽑을땐 법전보단 소설책이 더~~ ,278,1,0,0
2019-01-31 14:41:32.008847,13113347,0,0,2019-01-30 17:41:23, 앞으로 판사뽑을땐 법전보단 소설책이 더~~ ,280,2,0,0
2019-01-31 15:41:24.605734,13113347,0,0,2019-01-30 17:41:23, 앞으로 판사뽑을땐 법전보단 소설책이 더~~ ,281,1,0,0
2019-01-31 16:41:29.645764,13113347,0,0,2019-01-30 17:41:23, 앞으로 판사뽑을땐 법전보단 소설책이 더~~ ,282,1,0,0
2019-01-31 17:41:35.071169,13113347,0,0,2019-01-30 17:41:23, 앞으로 판사뽑을땐 법전보단 소설책이 더~~ ,283,1,0,0
