check_time,id,post_reply,post_symph,post_time,post_title,post_view,post_view_diff,post_reply_diff,post_symph_diff
2019-01-26 18:27:25.722653,13098526,7,1,2019-01-26 17:27:24, 다시 내줬으면..하는 햄버거.. ,1773,1773,7,1
2019-01-26 19:27:31.032704,13098526,7,1,2019-01-26 17:27:24, 다시 내줬으면..하는 햄버거.. ,2057,284,0,0
2019-01-26 20:27:36.163149,13098526,7,1,2019-01-26 17:27:24, 다시 내줬으면..하는 햄버거.. ,2200,143,0,0
2019-01-26 21:27:28.221742,13098526,7,1,2019-01-26 17:27:24, 다시 내줬으면..하는 햄버거.. ,2282,82,0,0
2019-01-26 22:27:33.412511,13098526,7,1,2019-01-26 17:27:24, 다시 내줬으면..하는 햄버거.. ,2328,46,0,0
2019-01-26 23:27:25.448689,13098526,7,1,2019-01-26 17:27:24, 다시 내줬으면..하는 햄버거.. ,2366,38,0,0
2019-01-27 00:27:30.613643,13098526,7,1,2019-01-26 17:27:24, 다시 내줬으면..하는 햄버거.. ,2384,18,0,0
2019-01-27 01:27:35.686892,13098526,7,1,2019-01-26 17:27:24, 다시 내줬으면..하는 햄버거.. ,2391,7,0,0
2019-01-27 02:27:27.747190,13098526,7,1,2019-01-26 17:27:24, 다시 내줬으면..하는 햄버거.. ,2394,3,0,0
2019-01-27 03:27:32.747221,13098526,7,1,2019-01-26 17:27:24, 다시 내줬으면..하는 햄버거.. ,2401,7,0,0
2019-01-27 04:27:24.843167,13098526,7,1,2019-01-26 17:27:24, 다시 내줬으면..하는 햄버거.. ,2405,4,0,0
2019-01-27 05:27:29.856668,13098526,7,1,2019-01-26 17:27:24, 다시 내줬으면..하는 햄버거.. ,2407,2,0,0
2019-01-27 06:27:34.854144,13098526,7,1,2019-01-26 17:27:24, 다시 내줬으면..하는 햄버거.. ,2411,4,0,0
2019-01-27 07:27:26.977353,13098526,7,1,2019-01-26 17:27:24, 다시 내줬으면..하는 햄버거.. ,2414,3,0,0
2019-01-27 08:27:32.028682,13098526,7,1,2019-01-26 17:27:24, 다시 내줬으면..하는 햄버거.. ,2416,2,0,0
2019-01-27 09:27:24.138617,13098526,7,1,2019-01-26 17:27:24, 다시 내줬으면..하는 햄버거.. ,2419,3,0,0
2019-01-27 10:27:29.176164,13098526,7,1,2019-01-26 17:27:24, 다시 내줬으면..하는 햄버거.. ,2423,4,0,0
2019-01-27 11:27:34.519639,13098526,7,1,2019-01-26 17:27:24, 다시 내줬으면..하는 햄버거.. ,2427,4,0,0
2019-01-27 12:27:26.584834,13098526,7,1,2019-01-26 17:27:24, 다시 내줬으면..하는 햄버거.. ,2428,1,0,0
2019-01-27 13:27:31.655816,13098526,7,1,2019-01-26 17:27:24, 다시 내줬으면..하는 햄버거.. ,2432,4,0,0
2019-01-27 14:27:36.708272,13098526,7,1,2019-01-26 17:27:24, 다시 내줬으면..하는 햄버거.. ,2434,2,0,0
2019-01-27 15:27:28.795395,13098526,7,1,2019-01-26 17:27:24, 다시 내줬으면..하는 햄버거.. ,2437,3,0,0
2019-01-27 16:27:34.072171,13098526,7,1,2019-01-26 17:27:24, 다시 내줬으면..하는 햄버거.. ,2440,3,0,0
2019-01-27 17:27:26.117000,13098526,7,1,2019-01-26 17:27:24, 다시 내줬으면..하는 햄버거.. ,2441,1,0,0
