check_time,id,post_reply,post_symph,post_time,post_title,post_view,post_view_diff,post_reply_diff,post_symph_diff
2019-01-27 18:37:14.216110,13101597,12,2,2019-01-27 17:37:03, 플스 대신 집 밥솥을 바꿔드렸네요. ,1906,1906,12,2
2019-01-27 19:37:06.279993,13101597,12,2,2019-01-27 17:37:03, 플스 대신 집 밥솥을 바꿔드렸네요. ,2228,322,0,0
2019-01-27 20:37:11.307651,13101597,12,2,2019-01-27 17:37:03, 플스 대신 집 밥솥을 바꿔드렸네요. ,2408,180,0,0
2019-01-27 21:37:03.460066,13101597,12,2,2019-01-27 17:37:03, 플스 대신 집 밥솥을 바꿔드렸네요. ,2497,89,0,0
2019-01-27 22:37:08.479503,13101597,12,2,2019-01-27 17:37:03, 플스 대신 집 밥솥을 바꿔드렸네요. ,2552,55,0,0
2019-01-27 23:37:13.611762,13101597,12,2,2019-01-27 17:37:03, 플스 대신 집 밥솥을 바꿔드렸네요. ,2588,36,0,0
2019-01-28 00:37:05.637437,13101597,12,2,2019-01-27 17:37:03, 플스 대신 집 밥솥을 바꿔드렸네요. ,2615,27,0,0
2019-01-28 01:37:10.682104,13101597,12,2,2019-01-27 17:37:03, 플스 대신 집 밥솥을 바꿔드렸네요. ,2636,21,0,0
2019-01-28 02:37:15.807412,13101597,12,2,2019-01-27 17:37:03, 플스 대신 집 밥솥을 바꿔드렸네요. ,2642,6,0,0
2019-01-28 03:37:07.901903,13101597,12,2,2019-01-27 17:37:03, 플스 대신 집 밥솥을 바꿔드렸네요. ,2647,5,0,0
2019-01-28 04:37:13.100108,13101597,12,2,2019-01-27 17:37:03, 플스 대신 집 밥솥을 바꿔드렸네요. ,2653,6,0,0
2019-01-28 05:37:05.135800,13101597,12,2,2019-01-27 17:37:03, 플스 대신 집 밥솥을 바꿔드렸네요. ,2657,4,0,0
2019-01-28 06:37:11.164129,13101597,12,2,2019-01-27 17:37:03, 플스 대신 집 밥솥을 바꿔드렸네요. ,2660,3,0,0
2019-01-28 07:37:03.260126,13101597,12,2,2019-01-27 17:37:03, 플스 대신 집 밥솥을 바꿔드렸네요. ,2665,5,0,0
2019-01-28 08:37:08.361054,13101597,12,2,2019-01-27 17:37:03, 플스 대신 집 밥솥을 바꿔드렸네요. ,2671,6,0,0
2019-01-28 09:37:13.455971,13101597,12,2,2019-01-27 17:37:03, 플스 대신 집 밥솥을 바꿔드렸네요. ,2680,9,0,0
2019-01-28 10:37:05.575424,13101597,12,2,2019-01-27 17:37:03, 플스 대신 집 밥솥을 바꿔드렸네요. ,2688,8,0,0
2019-01-28 11:37:10.631284,13101597,12,2,2019-01-27 17:37:03, 플스 대신 집 밥솥을 바꿔드렸네요. ,2692,4,0,0
2019-01-28 12:37:15.681009,13101597,12,2,2019-01-27 17:37:03, 플스 대신 집 밥솥을 바꿔드렸네요. ,2700,8,0,0
2019-01-28 13:37:07.792474,13101597,12,2,2019-01-27 17:37:03, 플스 대신 집 밥솥을 바꿔드렸네요. ,2704,4,0,0
2019-01-28 14:37:12.943808,13101597,12,2,2019-01-27 17:37:03, 플스 대신 집 밥솥을 바꿔드렸네요. ,2714,10,0,0
2019-01-28 15:37:05.124506,13101597,12,2,2019-01-27 17:37:03, 플스 대신 집 밥솥을 바꿔드렸네요. ,2718,4,0,0
2019-01-28 16:37:10.191372,13101597,12,2,2019-01-27 17:37:03, 플스 대신 집 밥솥을 바꿔드렸네요. ,2721,3,0,0
2019-01-28 17:37:15.300635,13101597,12,2,2019-01-27 17:37:03, 플스 대신 집 밥솥을 바꿔드렸네요. ,2723,2,0,0
