check_time,id,post_reply,post_symph,post_time,post_title,post_view,post_view_diff,post_reply_diff,post_symph_diff
2019-01-30 18:12:31.037364,13113225,1,1,2019-01-30 17:12:19, 당장 오늘부터 퇴근 후에 서초동으로 모입시다. ,575,575,1,1
2019-01-30 19:12:23.056029,13113225,1,1,2019-01-30 17:12:19, 당장 오늘부터 퇴근 후에 서초동으로 모입시다. ,607,32,0,0
2019-01-30 20:12:28.053322,13113225,1,1,2019-01-30 17:12:19, 당장 오늘부터 퇴근 후에 서초동으로 모입시다. ,615,8,0,0
2019-01-30 21:12:20.161805,13113225,1,1,2019-01-30 17:12:19, 당장 오늘부터 퇴근 후에 서초동으로 모입시다. ,619,4,0,0
2019-01-30 22:12:25.195004,13113225,1,1,2019-01-30 17:12:19, 당장 오늘부터 퇴근 후에 서초동으로 모입시다. ,621,2,0,0
2019-01-30 23:12:30.228984,13113225,1,1,2019-01-30 17:12:19, 당장 오늘부터 퇴근 후에 서초동으로 모입시다. ,624,3,0,0
2019-01-31 00:12:22.353271,13113225,1,1,2019-01-30 17:12:19, 당장 오늘부터 퇴근 후에 서초동으로 모입시다. ,626,2,0,0
2019-01-31 01:12:27.515073,13113225,1,1,2019-01-30 17:12:19, 당장 오늘부터 퇴근 후에 서초동으로 모입시다. ,630,4,0,0
2019-01-31 02:12:19.588336,13113225,1,1,2019-01-30 17:12:19, 당장 오늘부터 퇴근 후에 서초동으로 모입시다. ,632,2,0,0
2019-01-31 03:12:24.672145,13113225,1,1,2019-01-30 17:12:19, 당장 오늘부터 퇴근 후에 서초동으로 모입시다. ,632,0,0,0
2019-01-31 04:12:29.742821,13113225,1,1,2019-01-30 17:12:19, 당장 오늘부터 퇴근 후에 서초동으로 모입시다. ,634,2,0,0
2019-01-31 05:12:21.992427,13113225,1,1,2019-01-30 17:12:19, 당장 오늘부터 퇴근 후에 서초동으로 모입시다. ,637,3,0,0
2019-01-31 06:12:27.046518,13113225,1,1,2019-01-30 17:12:19, 당장 오늘부터 퇴근 후에 서초동으로 모입시다. ,637,0,0,0
2019-01-31 07:12:19.045391,13113225,1,1,2019-01-30 17:12:19, 당장 오늘부터 퇴근 후에 서초동으로 모입시다. ,639,2,0,0
2019-01-31 08:12:24.230929,13113225,1,1,2019-01-30 17:12:19, 당장 오늘부터 퇴근 후에 서초동으로 모입시다. ,641,2,0,0
2019-01-31 09:12:29.281075,13113225,1,1,2019-01-30 17:12:19, 당장 오늘부터 퇴근 후에 서초동으로 모입시다. ,643,2,0,0
2019-01-31 10:12:21.315937,13113225,1,1,2019-01-30 17:12:19, 당장 오늘부터 퇴근 후에 서초동으로 모입시다. ,646,3,0,0
2019-01-31 11:12:26.355559,13113225,1,1,2019-01-30 17:12:19, 당장 오늘부터 퇴근 후에 서초동으로 모입시다. ,648,2,0,0
2019-01-31 12:12:31.379621,13113225,1,1,2019-01-30 17:12:19, 당장 오늘부터 퇴근 후에 서초동으로 모입시다. ,648,0,0,0
2019-01-31 13:12:23.393815,13113225,1,1,2019-01-30 17:12:19, 당장 오늘부터 퇴근 후에 서초동으로 모입시다. ,650,2,0,0
2019-01-31 14:12:29.073710,13113225,1,1,2019-01-30 17:12:19, 당장 오늘부터 퇴근 후에 서초동으로 모입시다. ,651,1,0,0
2019-01-31 15:12:21.129444,13113225,1,1,2019-01-30 17:12:19, 당장 오늘부터 퇴근 후에 서초동으로 모입시다. ,654,3,0,0
2019-01-31 16:12:26.231841,13113225,1,1,2019-01-30 17:12:19, 당장 오늘부터 퇴근 후에 서초동으로 모입시다. ,657,3,0,0
2019-01-31 17:12:31.507639,13113225,1,1,2019-01-30 17:12:19, 당장 오늘부터 퇴근 후에 서초동으로 모입시다. ,661,4,0,0
