check_time,id,post_reply,post_symph,post_time,post_title,post_view,post_view_diff,post_reply_diff,post_symph_diff
2019-01-30 18:37:24.917684,13113331,2,0,2019-01-30 17:37:16, 영화 잘 안보는 1인입니다 ,428,428,2,0
2019-01-30 19:37:17.026853,13113331,2,0,2019-01-30 17:37:16, 영화 잘 안보는 1인입니다 ,455,27,0,0
2019-01-30 20:37:22.395501,13113331,2,0,2019-01-30 17:37:16, 영화 잘 안보는 1인입니다 ,462,7,0,0
2019-01-30 21:37:27.520644,13113331,2,0,2019-01-30 17:37:16, 영화 잘 안보는 1인입니다 ,467,5,0,0
2019-01-30 22:37:19.644735,13113331,2,0,2019-01-30 17:37:16, 영화 잘 안보는 1인입니다 ,476,9,0,0
2019-01-30 23:37:24.794136,13113331,2,0,2019-01-30 17:37:16, 영화 잘 안보는 1인입니다 ,477,1,0,0
2019-01-31 00:37:16.978190,13113331,2,0,2019-01-30 17:37:16, 영화 잘 안보는 1인입니다 ,479,2,0,0
2019-01-31 01:37:22.035463,13113331,2,0,2019-01-30 17:37:16, 영화 잘 안보는 1인입니다 ,483,4,0,0
2019-01-31 02:37:27.056939,13113331,2,0,2019-01-30 17:37:16, 영화 잘 안보는 1인입니다 ,484,1,0,0
2019-01-31 03:37:19.104092,13113331,2,0,2019-01-30 17:37:16, 영화 잘 안보는 1인입니다 ,485,1,0,0
2019-01-31 04:37:24.103889,13113331,2,0,2019-01-30 17:37:16, 영화 잘 안보는 1인입니다 ,487,2,0,0
2019-01-31 05:37:16.023867,13113331,2,0,2019-01-30 17:37:16, 영화 잘 안보는 1인입니다 ,488,1,0,0
2019-01-31 06:37:21.029650,13113331,2,0,2019-01-30 17:37:16, 영화 잘 안보는 1인입니다 ,489,1,0,0
2019-01-31 07:37:26.099465,13113331,2,0,2019-01-30 17:37:16, 영화 잘 안보는 1인입니다 ,490,1,0,0
2019-01-31 08:37:18.229796,13113331,2,0,2019-01-30 17:37:16, 영화 잘 안보는 1인입니다 ,492,2,0,0
2019-01-31 09:37:23.290021,13113331,2,0,2019-01-30 17:37:16, 영화 잘 안보는 1인입니다 ,495,3,0,0
2019-01-31 10:37:28.432314,13113331,2,0,2019-01-30 17:37:16, 영화 잘 안보는 1인입니다 ,496,1,0,0
2019-01-31 11:37:20.958899,13113331,2,0,2019-01-30 17:37:16, 영화 잘 안보는 1인입니다 ,498,2,0,0
2019-01-31 12:37:26.057292,13113331,2,0,2019-01-30 17:37:16, 영화 잘 안보는 1인입니다 ,499,1,0,0
2019-01-31 13:37:18.112360,13113331,2,0,2019-01-30 17:37:16, 영화 잘 안보는 1인입니다 ,501,2,0,0
2019-01-31 14:37:23.136948,13113331,2,0,2019-01-30 17:37:16, 영화 잘 안보는 1인입니다 ,504,3,0,0
2019-01-31 15:37:28.227374,13113331,2,0,2019-01-30 17:37:16, 영화 잘 안보는 1인입니다 ,505,1,0,0
2019-01-31 16:37:20.392481,13113331,2,0,2019-01-30 17:37:16, 영화 잘 안보는 1인입니다 ,506,1,0,0
2019-01-31 17:37:25.527012,13113331,2,0,2019-01-30 17:37:16, 영화 잘 안보는 1인입니다 ,508,2,0,0
