check_time,id,post_reply,post_symph,post_time,post_title,post_view,post_view_diff,post_reply_diff,post_symph_diff
2019-01-26 18:06:47.799640,13098461,4,0,2019-01-26 17:06:44, 간만에 영화보고 스벅도 와보네요~ ,548,548,4,0
2019-01-26 19:06:52.873898,13098461,4,0,2019-01-26 17:06:44, 간만에 영화보고 스벅도 와보네요~ ,627,79,0,0
2019-01-26 20:06:44.877531,13098461,5,0,2019-01-26 17:06:44, 간만에 영화보고 스벅도 와보네요~ ,659,32,1,0
2019-01-26 21:06:49.904260,13098461,5,0,2019-01-26 17:06:44, 간만에 영화보고 스벅도 와보네요~ ,689,30,0,0
2019-01-26 22:06:54.982593,13098461,5,0,2019-01-26 17:06:44, 간만에 영화보고 스벅도 와보네요~ ,706,17,0,0
2019-01-26 23:06:47.065786,13098461,5,0,2019-01-26 17:06:44, 간만에 영화보고 스벅도 와보네요~ ,715,9,0,0
2019-01-27 00:06:52.226829,13098461,5,0,2019-01-26 17:06:44, 간만에 영화보고 스벅도 와보네요~ ,722,7,0,0
2019-01-27 01:06:44.629636,13098461,5,0,2019-01-26 17:06:44, 간만에 영화보고 스벅도 와보네요~ ,730,8,0,0
2019-01-27 02:06:49.633319,13098461,5,0,2019-01-26 17:06:44, 간만에 영화보고 스벅도 와보네요~ ,732,2,0,0
2019-01-27 03:06:54.939603,13098461,5,0,2019-01-26 17:06:44, 간만에 영화보고 스벅도 와보네요~ ,735,3,0,0
2019-01-27 04:06:47.240264,13098461,5,0,2019-01-26 17:06:44, 간만에 영화보고 스벅도 와보네요~ ,737,2,0,0
2019-01-27 05:06:52.458062,13098461,5,0,2019-01-26 17:06:44, 간만에 영화보고 스벅도 와보네요~ ,740,3,0,0
2019-01-27 06:06:44.716284,13098461,5,0,2019-01-26 17:06:44, 간만에 영화보고 스벅도 와보네요~ ,742,2,0,0
2019-01-27 07:06:49.784991,13098461,5,0,2019-01-26 17:06:44, 간만에 영화보고 스벅도 와보네요~ ,745,3,0,0
2019-01-27 08:06:55.323834,13098461,5,0,2019-01-26 17:06:44, 간만에 영화보고 스벅도 와보네요~ ,746,1,0,0
2019-01-27 09:06:47.543574,13098461,5,0,2019-01-26 17:06:44, 간만에 영화보고 스벅도 와보네요~ ,747,1,0,0
2019-01-27 10:06:52.878331,13098461,5,0,2019-01-26 17:06:44, 간만에 영화보고 스벅도 와보네요~ ,749,2,0,0
2019-01-27 11:06:45.353693,13098461,5,0,2019-01-26 17:06:44, 간만에 영화보고 스벅도 와보네요~ ,754,5,0,0
2019-01-27 12:06:50.420972,13098461,5,0,2019-01-26 17:06:44, 간만에 영화보고 스벅도 와보네요~ ,757,3,0,0
2019-01-27 13:06:55.800525,13098461,5,0,2019-01-26 17:06:44, 간만에 영화보고 스벅도 와보네요~ ,759,2,0,0
2019-01-27 14:06:48.347024,13098461,5,0,2019-01-26 17:06:44, 간만에 영화보고 스벅도 와보네요~ ,760,1,0,0
2019-01-27 15:06:53.657505,13098461,5,0,2019-01-26 17:06:44, 간만에 영화보고 스벅도 와보네요~ ,762,2,0,0
2019-01-27 16:06:45.900321,13098461,5,0,2019-01-26 17:06:44, 간만에 영화보고 스벅도 와보네요~ ,766,4,0,0
2019-01-27 17:06:51.098776,13098461,5,0,2019-01-26 17:06:44, 간만에 영화보고 스벅도 와보네요~ ,768,2,0,0
