check_time,id,post_reply,post_symph,post_time,post_title,post_view,post_view_diff,post_reply_diff,post_symph_diff
2019-01-25 18:32:22.617482,13094583,1,0,2019-01-25 17:32:16, 가만히 생각을 해봤는데 밖에서 짜투리시간 활용만큼 좋은게 없어요 ,327,327,1,0
2019-01-25 19:32:27.693402,13094583,1,0,2019-01-25 17:32:16, 가만히 생각을 해봤는데 밖에서 짜투리시간 활용만큼 좋은게 없어요 ,353,26,0,0
2019-01-25 20:32:19.761493,13094583,1,0,2019-01-25 17:32:16, 가만히 생각을 해봤는데 밖에서 짜투리시간 활용만큼 좋은게 없어요 ,366,13,0,0
2019-01-25 21:32:24.818283,13094583,1,0,2019-01-25 17:32:16, 가만히 생각을 해봤는데 밖에서 짜투리시간 활용만큼 좋은게 없어요 ,374,8,0,0
2019-01-25 22:32:16.886013,13094583,1,0,2019-01-25 17:32:16, 가만히 생각을 해봤는데 밖에서 짜투리시간 활용만큼 좋은게 없어요 ,378,4,0,0
2019-01-25 23:32:21.893981,13094583,1,0,2019-01-25 17:32:16, 가만히 생각을 해봤는데 밖에서 짜투리시간 활용만큼 좋은게 없어요 ,382,4,0,0
2019-01-26 00:32:27.046275,13094583,1,0,2019-01-25 17:32:16, 가만히 생각을 해봤는데 밖에서 짜투리시간 활용만큼 좋은게 없어요 ,385,3,0,0
2019-01-26 01:32:19.187989,13094583,1,0,2019-01-25 17:32:16, 가만히 생각을 해봤는데 밖에서 짜투리시간 활용만큼 좋은게 없어요 ,394,9,0,0
2019-01-26 02:32:24.334106,13094583,1,0,2019-01-25 17:32:16, 가만히 생각을 해봤는데 밖에서 짜투리시간 활용만큼 좋은게 없어요 ,397,3,0,0
2019-01-26 03:32:16.470909,13094583,1,0,2019-01-25 17:32:16, 가만히 생각을 해봤는데 밖에서 짜투리시간 활용만큼 좋은게 없어요 ,397,0,0,0
2019-01-26 04:32:21.527973,13094583,1,0,2019-01-25 17:32:16, 가만히 생각을 해봤는데 밖에서 짜투리시간 활용만큼 좋은게 없어요 ,398,1,0,0
2019-01-26 05:32:26.627838,13094583,1,0,2019-01-25 17:32:16, 가만히 생각을 해봤는데 밖에서 짜투리시간 활용만큼 좋은게 없어요 ,399,1,0,0
2019-01-26 06:32:18.830906,13094583,1,0,2019-01-25 17:32:16, 가만히 생각을 해봤는데 밖에서 짜투리시간 활용만큼 좋은게 없어요 ,401,2,0,0
2019-01-26 07:32:23.981625,13094583,1,0,2019-01-25 17:32:16, 가만히 생각을 해봤는데 밖에서 짜투리시간 활용만큼 좋은게 없어요 ,403,2,0,0
2019-01-26 08:32:16.098513,13094583,1,0,2019-01-25 17:32:16, 가만히 생각을 해봤는데 밖에서 짜투리시간 활용만큼 좋은게 없어요 ,403,0,0,0
2019-01-26 09:32:21.223022,13094583,1,0,2019-01-25 17:32:16, 가만히 생각을 해봤는데 밖에서 짜투리시간 활용만큼 좋은게 없어요 ,404,1,0,0
2019-01-26 10:32:26.403385,13094583,1,0,2019-01-25 17:32:16, 가만히 생각을 해봤는데 밖에서 짜투리시간 활용만큼 좋은게 없어요 ,407,3,0,0
2019-01-26 11:32:18.593143,13094583,1,0,2019-01-25 17:32:16, 가만히 생각을 해봤는데 밖에서 짜투리시간 활용만큼 좋은게 없어요 ,411,4,0,0
2019-01-26 12:32:23.817139,13094583,1,0,2019-01-25 17:32:16, 가만히 생각을 해봤는데 밖에서 짜투리시간 활용만큼 좋은게 없어요 ,412,1,0,0
2019-01-26 13:32:29.011067,13094583,1,0,2019-01-25 17:32:16, 가만히 생각을 해봤는데 밖에서 짜투리시간 활용만큼 좋은게 없어요 ,414,2,0,0
2019-01-26 14:32:21.226284,13094583,1,0,2019-01-25 17:32:16, 가만히 생각을 해봤는데 밖에서 짜투리시간 활용만큼 좋은게 없어요 ,415,1,0,0
2019-01-26 15:32:27.791984,13094583,1,0,2019-01-25 17:32:16, 가만히 생각을 해봤는데 밖에서 짜투리시간 활용만큼 좋은게 없어요 ,417,2,0,0
2019-01-26 16:32:19.905538,13094583,1,0,2019-01-25 17:32:16, 가만히 생각을 해봤는데 밖에서 짜투리시간 활용만큼 좋은게 없어요 ,418,1,0,0
2019-01-26 17:32:25.052439,13094583,1,0,2019-01-25 17:32:16, 가만히 생각을 해봤는데 밖에서 짜투리시간 활용만큼 좋은게 없어요 ,419,1,0,0
