check_time,id,post_reply,post_symph,post_time,post_title,post_view,post_view_diff,post_reply_diff,post_symph_diff
2019-01-27 18:56:09.282723,13101642,3,0,2019-01-27 17:55:57, 플스 행사재고 일반재고 따로 있나보네요. ,1243,1243,3,0
2019-01-27 19:56:01.466944,13101642,3,0,2019-01-27 17:55:57, 플스 행사재고 일반재고 따로 있나보네요. ,1479,236,0,0
2019-01-27 20:56:06.517059,13101642,3,0,2019-01-27 17:55:57, 플스 행사재고 일반재고 따로 있나보네요. ,1605,126,0,0
2019-01-27 21:55:58.612331,13101642,3,0,2019-01-27 17:55:57, 플스 행사재고 일반재고 따로 있나보네요. ,1675,70,0,0
2019-01-27 22:56:03.759049,13101642,3,0,2019-01-27 17:55:57, 플스 행사재고 일반재고 따로 있나보네요. ,1735,60,0,0
2019-01-27 23:56:08.889721,13101642,3,0,2019-01-27 17:55:57, 플스 행사재고 일반재고 따로 있나보네요. ,1765,30,0,0
2019-01-28 00:56:00.865735,13101642,3,0,2019-01-27 17:55:57, 플스 행사재고 일반재고 따로 있나보네요. ,1795,30,0,0
2019-01-28 01:56:05.948037,13101642,3,0,2019-01-27 17:55:57, 플스 행사재고 일반재고 따로 있나보네요. ,1802,7,0,0
2019-01-28 02:55:58.032739,13101642,3,0,2019-01-27 17:55:57, 플스 행사재고 일반재고 따로 있나보네요. ,1808,6,0,0
2019-01-28 03:56:03.053622,13101642,3,0,2019-01-27 17:55:57, 플스 행사재고 일반재고 따로 있나보네요. ,1817,9,0,0
2019-01-28 04:56:08.240328,13101642,3,0,2019-01-27 17:55:57, 플스 행사재고 일반재고 따로 있나보네요. ,1821,4,0,0
2019-01-28 05:56:00.260541,13101642,3,0,2019-01-27 17:55:57, 플스 행사재고 일반재고 따로 있나보네요. ,1823,2,0,0
2019-01-28 06:56:05.320762,13101642,3,0,2019-01-27 17:55:57, 플스 행사재고 일반재고 따로 있나보네요. ,1827,4,0,0
2019-01-28 07:55:57.319847,13101642,3,0,2019-01-27 17:55:57, 플스 행사재고 일반재고 따로 있나보네요. ,1835,8,0,0
2019-01-28 08:56:02.399402,13101642,3,0,2019-01-27 17:55:57, 플스 행사재고 일반재고 따로 있나보네요. ,1852,17,0,0
2019-01-28 09:56:07.483492,13101642,3,0,2019-01-27 17:55:57, 플스 행사재고 일반재고 따로 있나보네요. ,1866,14,0,0
2019-01-28 10:55:59.849920,13101642,3,0,2019-01-27 17:55:57, 플스 행사재고 일반재고 따로 있나보네요. ,1874,8,0,0
2019-01-28 11:56:04.989246,13101642,3,0,2019-01-27 17:55:57, 플스 행사재고 일반재고 따로 있나보네요. ,1882,8,0,0
2019-01-28 12:55:57.130529,13101642,3,0,2019-01-27 17:55:57, 플스 행사재고 일반재고 따로 있나보네요. ,1892,10,0,0
2019-01-28 13:56:02.295947,13101642,3,0,2019-01-27 17:55:57, 플스 행사재고 일반재고 따로 있나보네요. ,1902,10,0,0
2019-01-28 14:56:07.608062,13101642,3,0,2019-01-27 17:55:57, 플스 행사재고 일반재고 따로 있나보네요. ,1907,5,0,0
2019-01-28 15:55:59.745692,13101642,3,0,2019-01-27 17:55:57, 플스 행사재고 일반재고 따로 있나보네요. ,1910,3,0,0
2019-01-28 16:56:04.892635,13101642,3,0,2019-01-27 17:55:57, 플스 행사재고 일반재고 따로 있나보네요. ,1911,1,0,0
2019-01-28 17:56:09.989333,13101642,3,0,2019-01-27 17:55:57, 플스 행사재고 일반재고 따로 있나보네요. ,1912,1,0,0
