check_time,id,post_reply,post_symph,post_time,post_title,post_view,post_view_diff,post_reply_diff,post_symph_diff
2019-01-27 18:16:20.257429,13101559,33,0,2019-01-27 17:16:14, Windows 시스템이 손상되었습니다. <--개구라 ,2566,2566,33,0
2019-01-27 19:16:25.637850,13101559,34,1,2019-01-27 17:16:14, Windows 시스템이 손상되었습니다. <--개구라 ,2996,430,1,1
2019-01-27 20:16:17.658600,13101559,34,1,2019-01-27 17:16:14, Windows 시스템이 손상되었습니다. <--개구라 ,3301,305,0,0
2019-01-27 21:16:22.694294,13101559,34,1,2019-01-27 17:16:14, Windows 시스템이 손상되었습니다. <--개구라 ,3504,203,0,0
2019-01-27 22:16:14.930436,13101559,34,1,2019-01-27 17:16:14, Windows 시스템이 손상되었습니다. <--개구라 ,3587,83,0,0
2019-01-27 23:16:20.017374,13101559,34,1,2019-01-27 17:16:14, Windows 시스템이 손상되었습니다. <--개구라 ,3642,55,0,0
2019-01-28 00:16:25.142913,13101559,34,1,2019-01-27 17:16:14, Windows 시스템이 손상되었습니다. <--개구라 ,3671,29,0,0
2019-01-28 01:16:17.469160,13101559,34,1,2019-01-27 17:16:14, Windows 시스템이 손상되었습니다. <--개구라 ,3695,24,0,0
2019-01-28 02:16:22.585097,13101559,34,1,2019-01-27 17:16:14, Windows 시스템이 손상되었습니다. <--개구라 ,3708,13,0,0
2019-01-28 03:16:14.570726,13101559,34,1,2019-01-27 17:16:14, Windows 시스템이 손상되었습니다. <--개구라 ,3718,10,0,0
2019-01-28 04:16:19.499771,13101559,34,1,2019-01-27 17:16:14, Windows 시스템이 손상되었습니다. <--개구라 ,3733,15,0,0
2019-01-28 05:16:24.674904,13101559,34,1,2019-01-27 17:16:14, Windows 시스템이 손상되었습니다. <--개구라 ,3739,6,0,0
2019-01-28 06:16:16.756003,13101559,34,1,2019-01-27 17:16:14, Windows 시스템이 손상되었습니다. <--개구라 ,3743,4,0,0
2019-01-28 07:16:21.806663,13101559,34,1,2019-01-27 17:16:14, Windows 시스템이 손상되었습니다. <--개구라 ,3750,7,0,0
2019-01-28 08:16:26.864155,13101559,34,1,2019-01-27 17:16:14, Windows 시스템이 손상되었습니다. <--개구라 ,3755,5,0,0
2019-01-28 09:16:19.695237,13101559,34,1,2019-01-27 17:16:14, Windows 시스템이 손상되었습니다. <--개구라 ,3760,5,0,0
2019-01-28 10:16:24.722261,13101559,34,1,2019-01-27 17:16:14, Windows 시스템이 손상되었습니다. <--개구라 ,3764,4,0,0
2019-01-28 11:16:16.838157,13101559,34,1,2019-01-27 17:16:14, Windows 시스템이 손상되었습니다. <--개구라 ,3769,5,0,0
2019-01-28 12:16:22.269745,13101559,34,1,2019-01-27 17:16:14, Windows 시스템이 손상되었습니다. <--개구라 ,3777,8,0,0
2019-01-28 13:16:14.445334,13101559,34,1,2019-01-27 17:16:14, Windows 시스템이 손상되었습니다. <--개구라 ,3784,7,0,0
2019-01-28 14:16:19.638119,13101559,34,1,2019-01-27 17:16:14, Windows 시스템이 손상되었습니다. <--개구라 ,3790,6,0,0
2019-01-28 15:16:24.908726,13101559,34,1,2019-01-27 17:16:14, Windows 시스템이 손상되었습니다. <--개구라 ,3796,6,0,0
2019-01-28 16:16:16.940353,13101559,34,1,2019-01-27 17:16:14, Windows 시스템이 손상되었습니다. <--개구라 ,3801,5,0,0
2019-01-28 17:16:22.057888,13101559,34,1,2019-01-27 17:16:14, Windows 시스템이 손상되었습니다. <--개구라 ,3805,4,0,0
