check_time,id,post_reply,post_symph,post_time,post_title,post_view,post_view_diff,post_reply_diff,post_symph_diff
2019-01-25 18:12:11.209927,13094508,22,0,2019-01-25 17:12:04, 만성피로 있으신분들 비타민D 드셔보세요 ,2096,2096,22,0
2019-01-25 19:12:16.402263,13094508,22,0,2019-01-25 17:12:04, 만성피로 있으신분들 비타민D 드셔보세요 ,2354,258,0,0
2019-01-25 20:12:08.432907,13094508,23,0,2019-01-25 17:12:04, 만성피로 있으신분들 비타민D 드셔보세요 ,2512,158,1,0
2019-01-25 21:12:13.498140,13094508,23,0,2019-01-25 17:12:04, 만성피로 있으신분들 비타민D 드셔보세요 ,2591,79,0,0
2019-01-25 22:12:05.572314,13094508,23,0,2019-01-25 17:12:04, 만성피로 있으신분들 비타민D 드셔보세요 ,2659,68,0,0
2019-01-25 23:12:10.597104,13094508,23,0,2019-01-25 17:12:04, 만성피로 있으신분들 비타민D 드셔보세요 ,2707,48,0,0
2019-01-26 00:12:15.768467,13094508,23,0,2019-01-25 17:12:04, 만성피로 있으신분들 비타민D 드셔보세요 ,2728,21,0,0
2019-01-26 01:12:07.874002,13094508,23,0,2019-01-25 17:12:04, 만성피로 있으신분들 비타민D 드셔보세요 ,2749,21,0,0
2019-01-26 02:12:12.918713,13094508,23,0,2019-01-25 17:12:04, 만성피로 있으신분들 비타민D 드셔보세요 ,2758,9,0,0
2019-01-26 03:12:04.913649,13094508,23,0,2019-01-25 17:12:04, 만성피로 있으신분들 비타민D 드셔보세요 ,2762,4,0,0
2019-01-26 04:12:09.900033,13094508,23,0,2019-01-25 17:12:04, 만성피로 있으신분들 비타민D 드셔보세요 ,2765,3,0,0
2019-01-26 05:12:14.899790,13094508,23,0,2019-01-25 17:12:04, 만성피로 있으신분들 비타민D 드셔보세요 ,2767,2,0,0
2019-01-26 06:12:07.019268,13094508,23,0,2019-01-25 17:12:04, 만성피로 있으신분들 비타민D 드셔보세요 ,2770,3,0,0
2019-01-26 07:12:12.093686,13094508,23,0,2019-01-25 17:12:04, 만성피로 있으신분들 비타민D 드셔보세요 ,2774,4,0,0
2019-01-26 08:12:04.196250,13094508,23,0,2019-01-25 17:12:04, 만성피로 있으신분들 비타민D 드셔보세요 ,2778,4,0,0
2019-01-26 09:12:09.244642,13094508,23,0,2019-01-25 17:12:04, 만성피로 있으신분들 비타민D 드셔보세요 ,2784,6,0,0
2019-01-26 10:12:14.255912,13094508,23,0,2019-01-25 17:12:04, 만성피로 있으신분들 비타민D 드셔보세요 ,2790,6,0,0
2019-01-26 11:12:06.303028,13094508,23,0,2019-01-25 17:12:04, 만성피로 있으신분들 비타민D 드셔보세요 ,2795,5,0,0
2019-01-26 12:12:11.362278,13094508,23,0,2019-01-25 17:12:04, 만성피로 있으신분들 비타민D 드셔보세요 ,2796,1,0,0
2019-01-26 13:12:16.435235,13094508,24,0,2019-01-25 17:12:04, 만성피로 있으신분들 비타민D 드셔보세요 ,2800,4,1,0
2019-01-26 14:12:08.647273,13094508,24,0,2019-01-25 17:12:04, 만성피로 있으신분들 비타민D 드셔보세요 ,2801,1,0,0
2019-01-26 15:12:13.917872,13094508,24,0,2019-01-25 17:12:04, 만성피로 있으신분들 비타민D 드셔보세요 ,2805,4,0,0
2019-01-26 16:12:05.970368,13094508,24,0,2019-01-25 17:12:04, 만성피로 있으신분들 비타민D 드셔보세요 ,2808,3,0,0
2019-01-26 17:12:11.040337,13094508,24,0,2019-01-25 17:12:04, 만성피로 있으신분들 비타민D 드셔보세요 ,2809,1,0,0
