check_time,id,post_reply,post_symph,post_time,post_title,post_view,post_view_diff,post_reply_diff,post_symph_diff
2019-01-24 18:11:59.776473,13090265,1,4,2019-01-24 17:11:59, 이완배-김용민 주말 목포 콘서트 ,757,757,1,4
2019-01-24 19:12:04.853537,13090265,1,4,2019-01-24 17:11:59, 이완배-김용민 주말 목포 콘서트 ,848,91,0,0
2019-01-24 20:12:10.100241,13090265,1,5,2019-01-24 17:11:59, 이완배-김용민 주말 목포 콘서트 ,878,30,0,1
2019-01-24 21:12:02.312493,13090265,1,5,2019-01-24 17:11:59, 이완배-김용민 주말 목포 콘서트 ,891,13,0,0
2019-01-24 22:12:07.522168,13090265,1,5,2019-01-24 17:11:59, 이완배-김용민 주말 목포 콘서트 ,898,7,0,0
2019-01-24 23:11:59.717775,13090265,1,5,2019-01-24 17:11:59, 이완배-김용민 주말 목포 콘서트 ,904,6,0,0
2019-01-25 00:12:05.904312,13090265,1,5,2019-01-24 17:11:59, 이완배-김용민 주말 목포 콘서트 ,906,2,0,0
2019-01-25 01:12:10.919122,13090265,1,5,2019-01-24 17:11:59, 이완배-김용민 주말 목포 콘서트 ,916,10,0,0
2019-01-25 02:12:03.277770,13090265,1,6,2019-01-24 17:11:59, 이완배-김용민 주말 목포 콘서트 ,922,6,0,1
2019-01-25 03:12:08.525187,13090265,1,6,2019-01-24 17:11:59, 이완배-김용민 주말 목포 콘서트 ,924,2,0,0
2019-01-25 04:12:00.755398,13090265,1,6,2019-01-24 17:11:59, 이완배-김용민 주말 목포 콘서트 ,926,2,0,0
2019-01-25 05:12:06.159829,13090265,1,6,2019-01-24 17:11:59, 이완배-김용민 주말 목포 콘서트 ,928,2,0,0
2019-01-25 06:12:11.652901,13090265,1,6,2019-01-24 17:11:59, 이완배-김용민 주말 목포 콘서트 ,930,2,0,0
2019-01-25 07:12:03.928768,13090265,1,6,2019-01-24 17:11:59, 이완배-김용민 주말 목포 콘서트 ,932,2,0,0
2019-01-25 08:12:09.253370,13090265,1,6,2019-01-24 17:11:59, 이완배-김용민 주말 목포 콘서트 ,934,2,0,0
2019-01-25 09:12:01.587441,13090265,1,6,2019-01-24 17:11:59, 이완배-김용민 주말 목포 콘서트 ,939,5,0,0
2019-01-25 10:12:06.937648,13090265,1,6,2019-01-24 17:11:59, 이완배-김용민 주말 목포 콘서트 ,941,2,0,0
2019-01-25 11:11:59.990640,13090265,1,6,2019-01-24 17:11:59, 이완배-김용민 주말 목포 콘서트 ,943,2,0,0
2019-01-25 12:12:04.990622,13090265,1,6,2019-01-24 17:11:59, 이완배-김용민 주말 목포 콘서트 ,944,1,0,0
2019-01-25 13:12:11.578718,13090265,1,6,2019-01-24 17:11:59, 이완배-김용민 주말 목포 콘서트 ,945,1,0,0
2019-01-25 14:12:04.859818,13090265,1,6,2019-01-24 17:11:59, 이완배-김용민 주말 목포 콘서트 ,947,2,0,0
2019-01-25 15:12:10.754063,13090265,1,6,2019-01-24 17:11:59, 이완배-김용민 주말 목포 콘서트 ,949,2,0,0
2019-01-25 16:12:03.113828,13090265,1,6,2019-01-24 17:11:59, 이완배-김용민 주말 목포 콘서트 ,950,1,0,0
2019-01-25 17:12:08.392325,13090265,1,6,2019-01-24 17:11:59, 이완배-김용민 주말 목포 콘서트 ,951,1,0,0
