check_time,id,post_reply,post_symph,post_time,post_title,post_view,post_view_diff,post_reply_diff,post_symph_diff
2019-01-28 18:46:53.962442,13105413,1,0,2019-01-28 17:46:49, [아이즈원] 민주 메일 구독하시는 분들은 비슷할 것 같아요. ,420,420,1,0
2019-01-28 19:46:59.089432,13105413,2,0,2019-01-28 17:46:49, [아이즈원] 민주 메일 구독하시는 분들은 비슷할 것 같아요. ,473,53,1,0
2019-01-28 20:46:51.106146,13105413,2,0,2019-01-28 17:46:49, [아이즈원] 민주 메일 구독하시는 분들은 비슷할 것 같아요. ,517,44,0,0
2019-01-28 21:46:56.404109,13105413,2,0,2019-01-28 17:46:49, [아이즈원] 민주 메일 구독하시는 분들은 비슷할 것 같아요. ,540,23,0,0
2019-01-28 22:47:01.642531,13105413,2,0,2019-01-28 17:46:49, [아이즈원] 민주 메일 구독하시는 분들은 비슷할 것 같아요. ,554,14,0,0
2019-01-28 23:46:53.634921,13105413,2,1,2019-01-28 17:46:49, [아이즈원] 민주 메일 구독하시는 분들은 비슷할 것 같아요. ,564,10,0,1
2019-01-29 00:46:58.800417,13105413,2,1,2019-01-28 17:46:49, [아이즈원] 민주 메일 구독하시는 분들은 비슷할 것 같아요. ,572,8,0,0
2019-01-29 01:46:50.807246,13105413,2,1,2019-01-28 17:46:49, [아이즈원] 민주 메일 구독하시는 분들은 비슷할 것 같아요. ,580,8,0,0
2019-01-29 02:46:56.168988,13105413,2,1,2019-01-28 17:46:49, [아이즈원] 민주 메일 구독하시는 분들은 비슷할 것 같아요. ,586,6,0,0
2019-01-29 03:47:01.293680,13105413,2,1,2019-01-28 17:46:49, [아이즈원] 민주 메일 구독하시는 분들은 비슷할 것 같아요. ,590,4,0,0
2019-01-29 04:46:53.370281,13105413,2,1,2019-01-28 17:46:49, [아이즈원] 민주 메일 구독하시는 분들은 비슷할 것 같아요. ,592,2,0,0
2019-01-29 05:46:58.551707,13105413,2,1,2019-01-28 17:46:49, [아이즈원] 민주 메일 구독하시는 분들은 비슷할 것 같아요. ,595,3,0,0
2019-01-29 06:46:50.565082,13105413,2,1,2019-01-28 17:46:49, [아이즈원] 민주 메일 구독하시는 분들은 비슷할 것 같아요. ,596,1,0,0
2019-01-29 07:46:55.911672,13105413,2,1,2019-01-28 17:46:49, [아이즈원] 민주 메일 구독하시는 분들은 비슷할 것 같아요. ,598,2,0,0
2019-01-29 08:47:01.261287,13105413,2,1,2019-01-28 17:46:49, [아이즈원] 민주 메일 구독하시는 분들은 비슷할 것 같아요. ,602,4,0,0
2019-01-29 09:46:53.560706,13105413,2,1,2019-01-28 17:46:49, [아이즈원] 민주 메일 구독하시는 분들은 비슷할 것 같아요. ,608,6,0,0
2019-01-29 10:46:58.602736,13105413,2,1,2019-01-28 17:46:49, [아이즈원] 민주 메일 구독하시는 분들은 비슷할 것 같아요. ,613,5,0,0
2019-01-29 11:46:50.617500,13105413,2,1,2019-01-28 17:46:49, [아이즈원] 민주 메일 구독하시는 분들은 비슷할 것 같아요. ,619,6,0,0
2019-01-29 12:46:55.878867,13105413,2,1,2019-01-28 17:46:49, [아이즈원] 민주 메일 구독하시는 분들은 비슷할 것 같아요. ,623,4,0,0
2019-01-29 13:47:01.083984,13105413,2,1,2019-01-28 17:46:49, [아이즈원] 민주 메일 구독하시는 분들은 비슷할 것 같아요. ,626,3,0,0
2019-01-29 14:46:53.312156,13105413,2,1,2019-01-28 17:46:49, [아이즈원] 민주 메일 구독하시는 분들은 비슷할 것 같아요. ,628,2,0,0
2019-01-29 15:46:58.347690,13105413,2,1,2019-01-28 17:46:49, [아이즈원] 민주 메일 구독하시는 분들은 비슷할 것 같아요. ,631,3,0,0
2019-01-29 16:46:50.373476,13105413,2,1,2019-01-28 17:46:49, [아이즈원] 민주 메일 구독하시는 분들은 비슷할 것 같아요. ,635,4,0,0
2019-01-29 17:46:55.638155,13105413,2,1,2019-01-28 17:46:49, [아이즈원] 민주 메일 구독하시는 분들은 비슷할 것 같아요. ,637,2,0,0
