check_time,id,post_reply,post_symph,post_time,post_title,post_view,post_view_diff,post_reply_diff,post_symph_diff
2019-01-28 18:16:46.994908,13105311,4,0,2019-01-28 17:16:38, 오버워치 ) 하늘에서 정 으아아아아아앜 ,895,895,4,0
2019-01-28 19:16:39.250259,13105311,4,0,2019-01-28 17:16:38, 오버워치 ) 하늘에서 정 으아아아아아앜 ,968,73,0,0
2019-01-28 20:16:44.457207,13105311,4,0,2019-01-28 17:16:38, 오버워치 ) 하늘에서 정 으아아아아아앜 ,1000,32,0,0
2019-01-28 21:16:49.482166,13105311,4,0,2019-01-28 17:16:38, 오버워치 ) 하늘에서 정 으아아아아아앜 ,1014,14,0,0
2019-01-28 22:16:41.440087,13105311,4,0,2019-01-28 17:16:38, 오버워치 ) 하늘에서 정 으아아아아아앜 ,1022,8,0,0
2019-01-28 23:16:46.647661,13105311,4,0,2019-01-28 17:16:38, 오버워치 ) 하늘에서 정 으아아아아아앜 ,1027,5,0,0
2019-01-29 00:16:38.808498,13105311,4,0,2019-01-28 17:16:38, 오버워치 ) 하늘에서 정 으아아아아아앜 ,1032,5,0,0
2019-01-29 01:16:43.883616,13105311,4,0,2019-01-28 17:16:38, 오버워치 ) 하늘에서 정 으아아아아아앜 ,1038,6,0,0
2019-01-29 02:16:48.923922,13105311,4,0,2019-01-28 17:16:38, 오버워치 ) 하늘에서 정 으아아아아아앜 ,1039,1,0,0
2019-01-29 03:16:41.020118,13105311,4,0,2019-01-28 17:16:38, 오버워치 ) 하늘에서 정 으아아아아아앜 ,1040,1,0,0
2019-01-29 04:16:46.162856,13105311,4,0,2019-01-28 17:16:38, 오버워치 ) 하늘에서 정 으아아아아아앜 ,1043,3,0,0
2019-01-29 05:16:38.272798,13105311,4,0,2019-01-28 17:16:38, 오버워치 ) 하늘에서 정 으아아아아아앜 ,1045,2,0,0
2019-01-29 06:16:43.329223,13105311,4,0,2019-01-28 17:16:38, 오버워치 ) 하늘에서 정 으아아아아아앜 ,1046,1,0,0
2019-01-29 07:16:48.433673,13105311,4,0,2019-01-28 17:16:38, 오버워치 ) 하늘에서 정 으아아아아아앜 ,1047,1,0,0
2019-01-29 08:16:40.600604,13105311,4,0,2019-01-28 17:16:38, 오버워치 ) 하늘에서 정 으아아아아아앜 ,1049,2,0,0
2019-01-29 09:16:45.624955,13105311,4,0,2019-01-28 17:16:38, 오버워치 ) 하늘에서 정 으아아아아아앜 ,1051,2,0,0
2019-01-29 10:16:50.807262,13105311,4,0,2019-01-28 17:16:38, 오버워치 ) 하늘에서 정 으아아아아아앜 ,1053,2,0,0
2019-01-29 11:16:42.992955,13105311,4,0,2019-01-28 17:16:38, 오버워치 ) 하늘에서 정 으아아아아아앜 ,1056,3,0,0
2019-01-29 12:16:48.058122,13105311,4,0,2019-01-28 17:16:38, 오버워치 ) 하늘에서 정 으아아아아아앜 ,1058,2,0,0
2019-01-29 13:16:40.274696,13105311,4,0,2019-01-28 17:16:38, 오버워치 ) 하늘에서 정 으아아아아아앜 ,1061,3,0,0
2019-01-29 14:16:45.577651,13105311,4,0,2019-01-28 17:16:38, 오버워치 ) 하늘에서 정 으아아아아아앜 ,1061,0,0,0
2019-01-29 15:16:50.868594,13105311,4,0,2019-01-28 17:16:38, 오버워치 ) 하늘에서 정 으아아아아아앜 ,1062,1,0,0
2019-01-29 16:16:43.047847,13105311,4,0,2019-01-28 17:16:38, 오버워치 ) 하늘에서 정 으아아아아아앜 ,1063,1,0,0
2019-01-29 17:16:48.354888,13105311,4,0,2019-01-28 17:16:38, 오버워치 ) 하늘에서 정 으아아아아아앜 ,1067,4,0,0
