check_time,id,post_reply,post_symph,post_time,post_title,post_view,post_view_diff,post_reply_diff,post_symph_diff
2019-01-24 18:05:59.150417,13090253,9,0,2019-01-24 17:05:58, 퍼펙트! 컨디션이라며 아이폰 하나 팔길래 봤더니.. ,1127,1127,9,0
2019-01-24 19:06:04.190756,13090253,9,0,2019-01-24 17:05:58, 퍼펙트! 컨디션이라며 아이폰 하나 팔길래 봤더니.. ,1192,65,0,0
2019-01-24 20:06:09.283392,13090253,9,0,2019-01-24 17:05:58, 퍼펙트! 컨디션이라며 아이폰 하나 팔길래 봤더니.. ,1211,19,0,0
2019-01-24 21:06:01.360230,13090253,9,0,2019-01-24 17:05:58, 퍼펙트! 컨디션이라며 아이폰 하나 팔길래 봤더니.. ,1227,16,0,0
2019-01-24 22:06:06.453194,13090253,9,0,2019-01-24 17:05:58, 퍼펙트! 컨디션이라며 아이폰 하나 팔길래 봤더니.. ,1234,7,0,0
2019-01-24 23:05:58.581115,13090253,9,0,2019-01-24 17:05:58, 퍼펙트! 컨디션이라며 아이폰 하나 팔길래 봤더니.. ,1241,7,0,0
2019-01-25 00:06:08.057860,13090253,9,0,2019-01-24 17:05:58, 퍼펙트! 컨디션이라며 아이폰 하나 팔길래 봤더니.. ,1249,8,0,0
2019-01-25 01:06:00.140901,13090253,9,0,2019-01-24 17:05:58, 퍼펙트! 컨디션이라며 아이폰 하나 팔길래 봤더니.. ,1253,4,0,0
2019-01-25 02:06:05.197451,13090253,9,0,2019-01-24 17:05:58, 퍼펙트! 컨디션이라며 아이폰 하나 팔길래 봤더니.. ,1261,8,0,0
2019-01-25 03:06:10.242569,13090253,9,0,2019-01-24 17:05:58, 퍼펙트! 컨디션이라며 아이폰 하나 팔길래 봤더니.. ,1264,3,0,0
2019-01-25 04:06:02.217242,13090253,9,0,2019-01-24 17:05:58, 퍼펙트! 컨디션이라며 아이폰 하나 팔길래 봤더니.. ,1265,1,0,0
2019-01-25 05:06:07.300523,13090253,9,0,2019-01-24 17:05:58, 퍼펙트! 컨디션이라며 아이폰 하나 팔길래 봤더니.. ,1267,2,0,0
2019-01-25 06:05:59.434898,13090253,9,0,2019-01-24 17:05:58, 퍼펙트! 컨디션이라며 아이폰 하나 팔길래 봤더니.. ,1271,4,0,0
2019-01-25 07:06:04.391025,13090253,9,0,2019-01-24 17:05:58, 퍼펙트! 컨디션이라며 아이폰 하나 팔길래 봤더니.. ,1273,2,0,0
2019-01-25 08:06:09.418779,13090253,9,0,2019-01-24 17:05:58, 퍼펙트! 컨디션이라며 아이폰 하나 팔길래 봤더니.. ,1276,3,0,0
2019-01-25 09:06:01.528760,13090253,9,0,2019-01-24 17:05:58, 퍼펙트! 컨디션이라며 아이폰 하나 팔길래 봤더니.. ,1277,1,0,0
2019-01-25 10:06:06.617976,13090253,9,0,2019-01-24 17:05:58, 퍼펙트! 컨디션이라며 아이폰 하나 팔길래 봤더니.. ,1283,6,0,0
2019-01-25 11:05:58.677592,13090253,9,0,2019-01-24 17:05:58, 퍼펙트! 컨디션이라며 아이폰 하나 팔길래 봤더니.. ,1286,3,0,0
2019-01-25 12:06:03.799994,13090253,9,0,2019-01-24 17:05:58, 퍼펙트! 컨디션이라며 아이폰 하나 팔길래 봤더니.. ,1287,1,0,0
2019-01-25 13:06:08.928159,13090253,9,0,2019-01-24 17:05:58, 퍼펙트! 컨디션이라며 아이폰 하나 팔길래 봤더니.. ,1291,4,0,0
2019-01-25 14:06:01.027559,13090253,9,0,2019-01-24 17:05:58, 퍼펙트! 컨디션이라며 아이폰 하나 팔길래 봤더니.. ,1293,2,0,0
2019-01-25 15:06:06.172255,13090253,9,0,2019-01-24 17:05:58, 퍼펙트! 컨디션이라며 아이폰 하나 팔길래 봤더니.. ,1297,4,0,0
2019-01-25 16:05:58.307738,13090253,9,0,2019-01-24 17:05:58, 퍼펙트! 컨디션이라며 아이폰 하나 팔길래 봤더니.. ,1298,1,0,0
2019-01-25 17:06:03.429142,13090253,9,0,2019-01-24 17:05:58, 퍼펙트! 컨디션이라며 아이폰 하나 팔길래 봤더니.. ,1300,2,0,0
