check_time,id,post_reply,post_symph,post_time,post_title,post_view,post_view_diff,post_reply_diff,post_symph_diff
2019-01-25 07:11:07.582153,13092312,8,0,2019-01-25 06:11:06, 양꼬치.jpg 좋아하세요? ,2220,2220,8,0
2019-01-25 08:11:12.931877,13092312,10,0,2019-01-25 06:11:06, 양꼬치.jpg 좋아하세요? ,4210,1990,2,0
2019-01-25 09:11:18.366518,13092312,12,0,2019-01-25 06:11:06, 양꼬치.jpg 좋아하세요? ,5567,1357,2,0
2019-01-25 10:11:10.481287,13092312,12,0,2019-01-25 06:11:06, 양꼬치.jpg 좋아하세요? ,5959,392,0,0
2019-01-25 11:11:15.536673,13092312,12,0,2019-01-25 06:11:06, 양꼬치.jpg 좋아하세요? ,6109,150,0,0
2019-01-25 12:11:07.612037,13092312,12,0,2019-01-25 06:11:06, 양꼬치.jpg 좋아하세요? ,6207,98,0,0
2019-01-25 13:11:12.710408,13092312,12,0,2019-01-25 06:11:06, 양꼬치.jpg 좋아하세요? ,6265,58,0,0
2019-01-25 14:11:17.851994,13092312,12,0,2019-01-25 06:11:06, 양꼬치.jpg 좋아하세요? ,6296,31,0,0
2019-01-25 15:11:09.932265,13092312,12,0,2019-01-25 06:11:06, 양꼬치.jpg 좋아하세요? ,6317,21,0,0
2019-01-25 16:11:15.108641,13092312,12,0,2019-01-25 06:11:06, 양꼬치.jpg 좋아하세요? ,6335,18,0,0
2019-01-25 17:11:07.435281,13092312,12,0,2019-01-25 06:11:06, 양꼬치.jpg 좋아하세요? ,6341,6,0,0
2019-01-25 18:11:12.624141,13092312,12,0,2019-01-25 06:11:06, 양꼬치.jpg 좋아하세요? ,6353,12,0,0
2019-01-25 19:11:17.584913,13092312,12,0,2019-01-25 06:11:06, 양꼬치.jpg 좋아하세요? ,6359,6,0,0
2019-01-25 20:11:09.611330,13092312,12,0,2019-01-25 06:11:06, 양꼬치.jpg 좋아하세요? ,6366,7,0,0
2019-01-25 21:11:14.677692,13092312,12,0,2019-01-25 06:11:06, 양꼬치.jpg 좋아하세요? ,6367,1,0,0
2019-01-25 22:11:06.677256,13092312,12,0,2019-01-25 06:11:06, 양꼬치.jpg 좋아하세요? ,6372,5,0,0
2019-01-25 23:11:11.796110,13092312,12,0,2019-01-25 06:11:06, 양꼬치.jpg 좋아하세요? ,6374,2,0,0
2019-01-26 00:11:16.969644,13092312,12,0,2019-01-25 06:11:06, 양꼬치.jpg 좋아하세요? ,6376,2,0,0
2019-01-26 01:11:09.020613,13092312,12,0,2019-01-25 06:11:06, 양꼬치.jpg 좋아하세요? ,6382,6,0,0
2019-01-26 02:11:14.057908,13092312,12,0,2019-01-25 06:11:06, 양꼬치.jpg 좋아하세요? ,6382,0,0,0
2019-01-26 03:11:06.028235,13092312,12,0,2019-01-25 06:11:06, 양꼬치.jpg 좋아하세요? ,6383,1,0,0
2019-01-26 04:11:11.048360,13092312,12,0,2019-01-25 06:11:06, 양꼬치.jpg 좋아하세요? ,6387,4,0,0
2019-01-26 05:11:16.059406,13092312,12,0,2019-01-25 06:11:06, 양꼬치.jpg 좋아하세요? ,6387,0,0,0
2019-01-26 06:11:08.085202,13092312,12,0,2019-01-25 06:11:06, 양꼬치.jpg 좋아하세요? ,6389,2,0,0
