check_time,id,post_reply,post_symph,post_time,post_title,post_view,post_view_diff,post_reply_diff,post_symph_diff
2019-01-26 07:33:54.750743,13096948,2,0,2019-01-26 06:33:53, 홍삼이 성기에 매우 좋은 이유 .jpg ,3828,3828,2,0
2019-01-26 08:34:00.057462,13096948,2,0,2019-01-26 06:33:53, 홍삼이 성기에 매우 좋은 이유 .jpg ,8476,4648,0,0
2019-01-26 09:34:05.166921,13096948,2,0,2019-01-26 06:33:53, 홍삼이 성기에 매우 좋은 이유 .jpg ,11973,3497,0,0
2019-01-26 10:33:57.288991,13096948,2,0,2019-01-26 06:33:53, 홍삼이 성기에 매우 좋은 이유 .jpg ,13313,1340,0,0
2019-01-26 11:34:02.420332,13096948,2,0,2019-01-26 06:33:53, 홍삼이 성기에 매우 좋은 이유 .jpg ,13953,640,0,0
2019-01-26 12:33:54.520893,13096948,2,0,2019-01-26 06:33:53, 홍삼이 성기에 매우 좋은 이유 .jpg ,14303,350,0,0
2019-01-26 13:33:59.619279,13096948,2,0,2019-01-26 06:33:53, 홍삼이 성기에 매우 좋은 이유 .jpg ,14495,192,0,0
2019-01-26 14:34:04.705796,13096948,2,0,2019-01-26 06:33:53, 홍삼이 성기에 매우 좋은 이유 .jpg ,14583,88,0,0
2019-01-26 15:33:56.805117,13096948,2,0,2019-01-26 06:33:53, 홍삼이 성기에 매우 좋은 이유 .jpg ,14663,80,0,0
2019-01-26 16:34:01.957428,13096948,2,0,2019-01-26 06:33:53, 홍삼이 성기에 매우 좋은 이유 .jpg ,14708,45,0,0
2019-01-26 17:33:54.081600,13096948,2,0,2019-01-26 06:33:53, 홍삼이 성기에 매우 좋은 이유 .jpg ,14745,37,0,0
2019-01-26 18:33:59.202044,13096948,2,0,2019-01-26 06:33:53, 홍삼이 성기에 매우 좋은 이유 .jpg ,14765,20,0,0
2019-01-26 19:34:04.400420,13096948,2,0,2019-01-26 06:33:53, 홍삼이 성기에 매우 좋은 이유 .jpg ,14794,29,0,0
2019-01-26 20:33:56.727080,13096948,2,0,2019-01-26 06:33:53, 홍삼이 성기에 매우 좋은 이유 .jpg ,14807,13,0,0
2019-01-26 21:34:01.768556,13096948,2,0,2019-01-26 06:33:53, 홍삼이 성기에 매우 좋은 이유 .jpg ,14820,13,0,0
2019-01-26 22:33:53.767480,13096948,2,0,2019-01-26 06:33:53, 홍삼이 성기에 매우 좋은 이유 .jpg ,14836,16,0,0
2019-01-26 23:33:58.863100,13096948,2,0,2019-01-26 06:33:53, 홍삼이 성기에 매우 좋은 이유 .jpg ,14845,9,0,0
2019-01-27 00:34:03.930322,13096948,2,0,2019-01-26 06:33:53, 홍삼이 성기에 매우 좋은 이유 .jpg ,14853,8,0,0
2019-01-27 01:33:56.114103,13096948,2,0,2019-01-26 06:33:53, 홍삼이 성기에 매우 좋은 이유 .jpg ,14862,9,0,0
2019-01-27 02:34:01.232479,13096948,2,0,2019-01-26 06:33:53, 홍삼이 성기에 매우 좋은 이유 .jpg ,14869,7,0,0
2019-01-27 03:33:53.323478,13096948,2,0,2019-01-26 06:33:53, 홍삼이 성기에 매우 좋은 이유 .jpg ,14873,4,0,0
2019-01-27 04:33:58.401215,13096948,2,0,2019-01-26 06:33:53, 홍삼이 성기에 매우 좋은 이유 .jpg ,14878,5,0,0
2019-01-27 05:34:03.489917,13096948,2,0,2019-01-26 06:33:53, 홍삼이 성기에 매우 좋은 이유 .jpg ,14880,2,0,0
2019-01-27 06:33:55.535475,13096948,2,0,2019-01-26 06:33:53, 홍삼이 성기에 매우 좋은 이유 .jpg ,14883,3,0,0
