check_time,id,post_reply,post_symph,post_time,post_title,post_view,post_view_diff,post_reply_diff,post_symph_diff
2019-01-31 07:36:41.724139,13115020,8,0,2019-01-31 06:36:38, 손흥민 골!!! ,1876,1876,8,0
2019-01-31 08:36:46.807243,13115020,8,0,2019-01-31 06:36:38, 손흥민 골!!! ,2305,429,0,0
2019-01-31 09:36:38.833738,13115020,8,0,2019-01-31 06:36:38, 손흥민 골!!! ,2503,198,0,0
2019-01-31 10:36:43.847085,13115020,8,0,2019-01-31 06:36:38, 손흥민 골!!! ,2570,67,0,0
2019-01-31 11:36:48.913429,13115020,8,0,2019-01-31 06:36:38, 손흥민 골!!! ,2608,38,0,0
2019-01-31 12:36:40.943375,13115020,8,0,2019-01-31 06:36:38, 손흥민 골!!! ,2633,25,0,0
2019-01-31 13:36:46.006145,13115020,8,0,2019-01-31 06:36:38, 손흥민 골!!! ,2659,26,0,0
2019-01-31 14:36:38.006454,13115020,8,0,2019-01-31 06:36:38, 손흥민 골!!! ,2678,19,0,0
2019-01-31 15:36:43.250544,13115020,8,0,2019-01-31 06:36:38, 손흥민 골!!! ,2687,9,0,0
2019-01-31 16:36:48.375514,13115020,8,0,2019-01-31 06:36:38, 손흥민 골!!! ,2698,11,0,0
2019-01-31 17:36:40.476206,13115020,8,0,2019-01-31 06:36:38, 손흥민 골!!! ,2704,6,0,0
2019-01-31 18:36:45.508272,13115020,8,0,2019-01-31 06:36:38, 손흥민 골!!! ,2713,9,0,0
2019-01-31 19:36:50.966183,13115020,8,0,2019-01-31 06:36:38, 손흥민 골!!! ,2719,6,0,0
2019-01-31 20:36:42.992799,13115020,8,0,2019-01-31 06:36:38, 손흥민 골!!! ,2726,7,0,0
2019-01-31 21:36:48.077708,13115020,8,0,2019-01-31 06:36:38, 손흥민 골!!! ,2734,8,0,0
2019-01-31 22:36:40.173517,13115020,8,0,2019-01-31 06:36:38, 손흥민 골!!! ,2740,6,0,0
2019-01-31 23:36:45.296193,13115020,8,0,2019-01-31 06:36:38, 손흥민 골!!! ,2743,3,0,0
2019-02-01 00:36:50.367032,13115020,8,0,2019-01-31 06:36:38, 손흥민 골!!! ,2750,7,0,0
2019-02-01 01:36:42.343424,13115020,8,0,2019-01-31 06:36:38, 손흥민 골!!! ,2754,4,0,0
2019-02-01 02:36:47.571773,13115020,8,0,2019-01-31 06:36:38, 손흥민 골!!! ,2759,5,0,0
2019-02-01 03:36:39.617224,13115020,8,0,2019-01-31 06:36:38, 손흥민 골!!! ,2761,2,0,0
2019-02-01 04:36:44.632729,13115020,8,0,2019-01-31 06:36:38, 손흥민 골!!! ,2763,2,0,0
2019-02-01 05:36:49.620106,13115020,8,0,2019-01-31 06:36:38, 손흥민 골!!! ,2767,4,0,0
2019-02-01 06:36:41.557191,13115020,8,0,2019-01-31 06:36:38, 손흥민 골!!! ,2769,2,0,0
