check_time,id,post_reply,post_symph,post_time,post_title,post_view,post_view_diff,post_reply_diff,post_symph_diff
2019-01-30 07:24:32.374435,13110603,10,0,2019-01-30 06:24:29, 하아...돈이 솔솔 빠집니다 ,1978,1978,10,0
2019-01-30 08:24:37.360972,13110603,11,0,2019-01-30 06:24:29, 하아...돈이 솔솔 빠집니다 ,3256,1278,1,0
2019-01-30 09:24:29.558578,13110603,11,0,2019-01-30 06:24:29, 하아...돈이 솔솔 빠집니다 ,3746,490,0,0
2019-01-30 10:24:34.807235,13110603,11,0,2019-01-30 06:24:29, 하아...돈이 솔솔 빠집니다 ,3924,178,0,0
2019-01-30 11:24:39.848856,13110603,11,0,2019-01-30 06:24:29, 하아...돈이 솔솔 빠집니다 ,4008,84,0,0
2019-01-30 12:24:31.917868,13110603,11,0,2019-01-30 06:24:29, 하아...돈이 솔솔 빠집니다 ,4060,52,0,0
2019-01-30 13:24:36.997205,13110603,11,0,2019-01-30 06:24:29, 하아...돈이 솔솔 빠집니다 ,4102,42,0,0
2019-01-30 14:24:29.081216,13110603,11,0,2019-01-30 06:24:29, 하아...돈이 솔솔 빠집니다 ,4122,20,0,0
2019-01-30 15:24:34.121472,13110603,11,0,2019-01-30 06:24:29, 하아...돈이 솔솔 빠집니다 ,4140,18,0,0
2019-01-30 16:24:39.173809,13110603,11,0,2019-01-30 06:24:29, 하아...돈이 솔솔 빠집니다 ,4146,6,0,0
2019-01-30 17:24:31.294983,13110603,11,0,2019-01-30 06:24:29, 하아...돈이 솔솔 빠집니다 ,4155,9,0,0
2019-01-30 18:24:36.364691,13110603,11,0,2019-01-30 06:24:29, 하아...돈이 솔솔 빠집니다 ,4160,5,0,0
2019-01-30 19:24:29.335784,13110603,11,0,2019-01-30 06:24:29, 하아...돈이 솔솔 빠집니다 ,4166,6,0,0
2019-01-30 20:24:34.571145,13110603,11,0,2019-01-30 06:24:29, 하아...돈이 솔솔 빠집니다 ,4169,3,0,0
2019-01-30 21:24:39.651945,13110603,11,0,2019-01-30 06:24:29, 하아...돈이 솔솔 빠집니다 ,4173,4,0,0
2019-01-30 22:24:31.704175,13110603,11,0,2019-01-30 06:24:29, 하아...돈이 솔솔 빠집니다 ,4178,5,0,0
2019-01-30 23:24:36.761440,13110603,11,0,2019-01-30 06:24:29, 하아...돈이 솔솔 빠집니다 ,4180,2,0,0
2019-01-31 00:24:41.907780,13110603,11,0,2019-01-30 06:24:29, 하아...돈이 솔솔 빠집니다 ,4182,2,0,0
2019-01-31 01:24:33.945063,13110603,11,0,2019-01-30 06:24:29, 하아...돈이 솔솔 빠집니다 ,4187,5,0,0
2019-01-31 02:24:39.017521,13110603,11,0,2019-01-30 06:24:29, 하아...돈이 솔솔 빠집니다 ,4189,2,0,0
2019-01-31 03:24:31.208183,13110603,11,0,2019-01-30 06:24:29, 하아...돈이 솔솔 빠집니다 ,4189,0,0,0
2019-01-31 04:24:36.321723,13110603,11,0,2019-01-30 06:24:29, 하아...돈이 솔솔 빠집니다 ,4191,2,0,0
2019-01-31 05:24:41.287157,13110603,11,0,2019-01-30 06:24:29, 하아...돈이 솔솔 빠집니다 ,4193,2,0,0
2019-01-31 06:24:33.256431,13110603,11,0,2019-01-30 06:24:29, 하아...돈이 솔솔 빠집니다 ,4194,1,0,0
