check_time,id,post_reply,post_symph,post_time,post_title,post_view,post_view_diff,post_reply_diff,post_symph_diff
2019-01-30 07:53:32.971618,13110615,11,0,2019-01-30 06:53:28, 뒤늦게 오늘 플스가 재입고 된다는걸 알아서... ,1561,1561,11,0
2019-01-30 08:53:38.329401,13110615,11,0,2019-01-30 06:53:28, 뒤늦게 오늘 플스가 재입고 된다는걸 알아서... ,2198,637,0,0
2019-01-30 09:53:30.770229,13110615,11,0,2019-01-30 06:53:28, 뒤늦게 오늘 플스가 재입고 된다는걸 알아서... ,2368,170,0,0
2019-01-30 10:53:35.808537,13110615,11,0,2019-01-30 06:53:28, 뒤늦게 오늘 플스가 재입고 된다는걸 알아서... ,2410,42,0,0
2019-01-30 11:53:40.813933,13110615,11,0,2019-01-30 06:53:28, 뒤늦게 오늘 플스가 재입고 된다는걸 알아서... ,2431,21,0,0
2019-01-30 12:53:33.140428,13110615,11,0,2019-01-30 06:53:28, 뒤늦게 오늘 플스가 재입고 된다는걸 알아서... ,2440,9,0,0
2019-01-30 13:53:38.264283,13110615,11,0,2019-01-30 06:53:28, 뒤늦게 오늘 플스가 재입고 된다는걸 알아서... ,2458,18,0,0
2019-01-30 14:53:30.414517,13110615,11,0,2019-01-30 06:53:28, 뒤늦게 오늘 플스가 재입고 된다는걸 알아서... ,2463,5,0,0
2019-01-30 15:53:35.561494,13110615,11,0,2019-01-30 06:53:28, 뒤늦게 오늘 플스가 재입고 된다는걸 알아서... ,2470,7,0,0
2019-01-30 16:53:40.654493,13110615,11,0,2019-01-30 06:53:28, 뒤늦게 오늘 플스가 재입고 된다는걸 알아서... ,2478,8,0,0
2019-01-30 17:53:32.776364,13110615,11,0,2019-01-30 06:53:28, 뒤늦게 오늘 플스가 재입고 된다는걸 알아서... ,2480,2,0,0
2019-01-30 18:53:37.837129,13110615,11,0,2019-01-30 06:53:28, 뒤늦게 오늘 플스가 재입고 된다는걸 알아서... ,2484,4,0,0
2019-01-30 19:53:29.902679,13110615,11,0,2019-01-30 06:53:28, 뒤늦게 오늘 플스가 재입고 된다는걸 알아서... ,2488,4,0,0
2019-01-30 20:53:35.042570,13110615,11,0,2019-01-30 06:53:28, 뒤늦게 오늘 플스가 재입고 된다는걸 알아서... ,2492,4,0,0
2019-01-30 21:53:40.142731,13110615,11,0,2019-01-30 06:53:28, 뒤늦게 오늘 플스가 재입고 된다는걸 알아서... ,2500,8,0,0
2019-01-30 22:53:32.286716,13110615,11,0,2019-01-30 06:53:28, 뒤늦게 오늘 플스가 재입고 된다는걸 알아서... ,2504,4,0,0
2019-01-30 23:53:37.346683,13110615,11,0,2019-01-30 06:53:28, 뒤늦게 오늘 플스가 재입고 된다는걸 알아서... ,2509,5,0,0
2019-01-31 00:53:29.710379,13110615,11,0,2019-01-30 06:53:28, 뒤늦게 오늘 플스가 재입고 된다는걸 알아서... ,2514,5,0,0
2019-01-31 01:53:34.834532,13110615,11,0,2019-01-30 06:53:28, 뒤늦게 오늘 플스가 재입고 된다는걸 알아서... ,2518,4,0,0
2019-01-31 02:53:39.873418,13110615,11,0,2019-01-30 06:53:28, 뒤늦게 오늘 플스가 재입고 된다는걸 알아서... ,2521,3,0,0
2019-01-31 03:53:31.821868,13110615,11,0,2019-01-30 06:53:28, 뒤늦게 오늘 플스가 재입고 된다는걸 알아서... ,2522,1,0,0
2019-01-31 04:53:36.808567,13110615,11,0,2019-01-30 06:53:28, 뒤늦게 오늘 플스가 재입고 된다는걸 알아서... ,2525,3,0,0
2019-01-31 05:53:28.864077,13110615,11,0,2019-01-30 06:53:28, 뒤늦게 오늘 플스가 재입고 된다는걸 알아서... ,2526,1,0,0
2019-01-31 06:53:33.982827,13110615,11,0,2019-01-30 06:53:28, 뒤늦게 오늘 플스가 재입고 된다는걸 알아서... ,2527,1,0,0
