check_time,id,post_reply,post_symph,post_time,post_title,post_view,post_view_diff,post_reply_diff,post_symph_diff
2019-01-24 07:20:47.430615,13087810,11,0,2019-01-24 06:20:37," 역시 지샥은 그나저나 게으름뱅이로 안 살으라 해줍니다, ",1111,1111,11,0
2019-01-24 08:20:39.529665,13087810,12,0,2019-01-24 06:20:37," 역시 지샥은 그나저나 게으름뱅이로 안 살으라 해줍니다, ",1612,501,1,0
2019-01-24 09:20:44.660153,13087810,13,0,2019-01-24 06:20:37," 역시 지샥은 그나저나 게으름뱅이로 안 살으라 해줍니다, ",1798,186,1,0
2019-01-24 10:20:49.817251,13087810,13,0,2019-01-24 06:20:37," 역시 지샥은 그나저나 게으름뱅이로 안 살으라 해줍니다, ",1857,59,0,0
2019-01-24 11:20:41.941272,13087810,13,0,2019-01-24 06:20:37," 역시 지샥은 그나저나 게으름뱅이로 안 살으라 해줍니다, ",1880,23,0,0
2019-01-24 12:20:46.989111,13087810,13,0,2019-01-24 06:20:37," 역시 지샥은 그나저나 게으름뱅이로 안 살으라 해줍니다, ",1900,20,0,0
2019-01-24 13:20:39.110668,13087810,13,0,2019-01-24 06:20:37," 역시 지샥은 그나저나 게으름뱅이로 안 살으라 해줍니다, ",1907,7,0,0
2019-01-24 14:20:44.234205,13087810,13,0,2019-01-24 06:20:37," 역시 지샥은 그나저나 게으름뱅이로 안 살으라 해줍니다, ",1916,9,0,0
2019-01-24 15:20:49.303225,13087810,13,0,2019-01-24 06:20:37," 역시 지샥은 그나저나 게으름뱅이로 안 살으라 해줍니다, ",1924,8,0,0
2019-01-24 16:20:41.434471,13087810,13,0,2019-01-24 06:20:37," 역시 지샥은 그나저나 게으름뱅이로 안 살으라 해줍니다, ",1934,10,0,0
2019-01-24 17:20:46.553434,13087810,13,0,2019-01-24 06:20:37," 역시 지샥은 그나저나 게으름뱅이로 안 살으라 해줍니다, ",1942,8,0,0
2019-01-24 18:20:38.548820,13087810,13,0,2019-01-24 06:20:37," 역시 지샥은 그나저나 게으름뱅이로 안 살으라 해줍니다, ",1949,7,0,0
2019-01-24 19:20:43.543361,13087810,13,0,2019-01-24 06:20:37," 역시 지샥은 그나저나 게으름뱅이로 안 살으라 해줍니다, ",1955,6,0,0
2019-01-24 20:20:48.610308,13087810,13,0,2019-01-24 06:20:37," 역시 지샥은 그나저나 게으름뱅이로 안 살으라 해줍니다, ",1963,8,0,0
2019-01-24 21:20:40.939988,13087810,13,0,2019-01-24 06:20:37," 역시 지샥은 그나저나 게으름뱅이로 안 살으라 해줍니다, ",1964,1,0,0
2019-01-24 22:20:46.006058,13087810,13,0,2019-01-24 06:20:37," 역시 지샥은 그나저나 게으름뱅이로 안 살으라 해줍니다, ",1969,5,0,0
2019-01-24 23:20:38.022730,13087810,13,0,2019-01-24 06:20:37," 역시 지샥은 그나저나 게으름뱅이로 안 살으라 해줍니다, ",1971,2,0,0
2019-01-25 00:20:43.116661,13087810,13,0,2019-01-24 06:20:37," 역시 지샥은 그나저나 게으름뱅이로 안 살으라 해줍니다, ",1973,2,0,0
2019-01-25 01:20:48.266131,13087810,13,0,2019-01-24 06:20:37," 역시 지샥은 그나저나 게으름뱅이로 안 살으라 해줍니다, ",1980,7,0,0
2019-01-25 02:20:40.364193,13087810,13,0,2019-01-24 06:20:37," 역시 지샥은 그나저나 게으름뱅이로 안 살으라 해줍니다, ",1981,1,0,0
2019-01-25 03:20:45.574277,13087810,13,0,2019-01-24 06:20:37," 역시 지샥은 그나저나 게으름뱅이로 안 살으라 해줍니다, ",1985,4,0,0
2019-01-25 04:20:37.578575,13087810,13,0,2019-01-24 06:20:37," 역시 지샥은 그나저나 게으름뱅이로 안 살으라 해줍니다, ",1990,5,0,0
2019-01-25 05:20:42.617266,13087810,13,0,2019-01-24 06:20:37," 역시 지샥은 그나저나 게으름뱅이로 안 살으라 해줍니다, ",1991,1,0,0
2019-01-25 06:20:37.247079,13087810,13,0,2019-01-24 06:20:37," 역시 지샥은 그나저나 게으름뱅이로 안 살으라 해줍니다, ",1995,4,0,0
