check_time,id,post_reply,post_symph,post_time,post_title,post_view,post_view_diff,post_reply_diff,post_symph_diff
2019-01-30 07:37:26.120539,13110607,16,1,2019-01-30 06:37:24, 마지막 플스 도전하러 목동 현대백화점 왔습니다. ,2283,2283,16,1
2019-01-30 08:37:31.165208,13110607,21,1,2019-01-30 06:37:24, 마지막 플스 도전하러 목동 현대백화점 왔습니다. ,3547,1264,5,0
2019-01-30 09:37:36.266503,13110607,21,1,2019-01-30 06:37:24, 마지막 플스 도전하러 목동 현대백화점 왔습니다. ,4046,499,0,0
2019-01-30 10:37:28.310754,13110607,21,1,2019-01-30 06:37:24, 마지막 플스 도전하러 목동 현대백화점 왔습니다. ,4221,175,0,0
2019-01-30 11:37:33.425628,13110607,21,1,2019-01-30 06:37:24, 마지막 플스 도전하러 목동 현대백화점 왔습니다. ,4270,49,0,0
2019-01-30 12:37:25.526528,13110607,21,1,2019-01-30 06:37:24, 마지막 플스 도전하러 목동 현대백화점 왔습니다. ,4349,79,0,0
2019-01-30 13:37:30.583996,13110607,21,1,2019-01-30 06:37:24, 마지막 플스 도전하러 목동 현대백화점 왔습니다. ,4399,50,0,0
2019-01-30 14:37:35.813116,13110607,21,1,2019-01-30 06:37:24, 마지막 플스 도전하러 목동 현대백화점 왔습니다. ,4419,20,0,0
2019-01-30 15:37:27.937374,13110607,21,1,2019-01-30 06:37:24, 마지막 플스 도전하러 목동 현대백화점 왔습니다. ,4433,14,0,0
2019-01-30 16:37:33.535866,13110607,21,1,2019-01-30 06:37:24, 마지막 플스 도전하러 목동 현대백화점 왔습니다. ,4446,13,0,0
2019-01-30 17:37:25.916655,13110607,21,1,2019-01-30 06:37:24, 마지막 플스 도전하러 목동 현대백화점 왔습니다. ,4453,7,0,0
2019-01-30 18:37:31.129367,13110607,21,1,2019-01-30 06:37:24, 마지막 플스 도전하러 목동 현대백화점 왔습니다. ,4467,14,0,0
2019-01-30 19:37:36.125071,13110607,21,1,2019-01-30 06:37:24, 마지막 플스 도전하러 목동 현대백화점 왔습니다. ,4476,9,0,0
2019-01-30 20:37:28.242886,13110607,21,1,2019-01-30 06:37:24, 마지막 플스 도전하러 목동 현대백화점 왔습니다. ,4481,5,0,0
2019-01-30 21:37:33.297708,13110607,21,1,2019-01-30 06:37:24, 마지막 플스 도전하러 목동 현대백화점 왔습니다. ,4484,3,0,0
2019-01-30 22:37:25.897685,13110607,21,1,2019-01-30 06:37:24, 마지막 플스 도전하러 목동 현대백화점 왔습니다. ,4494,10,0,0
2019-01-30 23:37:30.968974,13110607,21,1,2019-01-30 06:37:24, 마지막 플스 도전하러 목동 현대백화점 왔습니다. ,4502,8,0,0
2019-01-31 00:37:36.048326,13110607,21,1,2019-01-30 06:37:24, 마지막 플스 도전하러 목동 현대백화점 왔습니다. ,4506,4,0,0
2019-01-31 01:37:28.254243,13110607,21,1,2019-01-30 06:37:24, 마지막 플스 도전하러 목동 현대백화점 왔습니다. ,4513,7,0,0
2019-01-31 02:37:33.347298,13110607,21,1,2019-01-30 06:37:24, 마지막 플스 도전하러 목동 현대백화점 왔습니다. ,4514,1,0,0
2019-01-31 03:37:25.616084,13110607,21,1,2019-01-30 06:37:24, 마지막 플스 도전하러 목동 현대백화점 왔습니다. ,4515,1,0,0
2019-01-31 04:37:30.792327,13110607,21,1,2019-01-30 06:37:24, 마지막 플스 도전하러 목동 현대백화점 왔습니다. ,4518,3,0,0
2019-01-31 05:37:35.795841,13110607,21,1,2019-01-30 06:37:24, 마지막 플스 도전하러 목동 현대백화점 왔습니다. ,4520,2,0,0
2019-01-31 06:37:27.830402,13110607,21,1,2019-01-30 06:37:24, 마지막 플스 도전하러 목동 현대백화점 왔습니다. ,4523,3,0,0
