check_time,id,post_reply,post_symph,post_time,post_title,post_view,post_view_diff,post_reply_diff,post_symph_diff
2019-01-31 07:23:58.524362,13115016,7,0,2019-01-31 06:23:50, 김경수 구속됐다고 분통터지지 맙시다. ,1922,1922,7,0
2019-01-31 08:23:50.473888,13115016,7,0,2019-01-31 06:23:50, 김경수 구속됐다고 분통터지지 맙시다. ,2875,953,0,0
2019-01-31 09:23:55.553785,13115016,8,0,2019-01-31 06:23:50, 김경수 구속됐다고 분통터지지 맙시다. ,3194,319,1,0
2019-01-31 10:24:00.634025,13115016,8,0,2019-01-31 06:23:50, 김경수 구속됐다고 분통터지지 맙시다. ,3314,120,0,0
2019-01-31 11:23:52.723898,13115016,8,0,2019-01-31 06:23:50, 김경수 구속됐다고 분통터지지 맙시다. ,3366,52,0,0
2019-01-31 12:23:57.846091,13115016,8,0,2019-01-31 06:23:50, 김경수 구속됐다고 분통터지지 맙시다. ,3410,44,0,0
2019-01-31 13:24:02.953548,13115016,8,0,2019-01-31 06:23:50, 김경수 구속됐다고 분통터지지 맙시다. ,3435,25,0,0
2019-01-31 14:23:55.025720,13115016,8,0,2019-01-31 06:23:50, 김경수 구속됐다고 분통터지지 맙시다. ,3447,12,0,0
2019-01-31 15:24:00.114802,13115016,8,0,2019-01-31 06:23:50, 김경수 구속됐다고 분통터지지 맙시다. ,3460,13,0,0
2019-01-31 16:23:52.224526,13115016,8,0,2019-01-31 06:23:50, 김경수 구속됐다고 분통터지지 맙시다. ,3466,6,0,0
2019-01-31 17:23:57.300189,13115016,8,0,2019-01-31 06:23:50, 김경수 구속됐다고 분통터지지 맙시다. ,3472,6,0,0
2019-01-31 18:24:02.434846,13115016,8,0,2019-01-31 06:23:50, 김경수 구속됐다고 분통터지지 맙시다. ,3480,8,0,0
2019-01-31 19:23:54.496780,13115016,8,0,2019-01-31 06:23:50, 김경수 구속됐다고 분통터지지 맙시다. ,3484,4,0,0
2019-01-31 20:23:59.812647,13115016,8,0,2019-01-31 06:23:50, 김경수 구속됐다고 분통터지지 맙시다. ,3493,9,0,0
2019-01-31 21:23:51.903523,13115016,8,0,2019-01-31 06:23:50, 김경수 구속됐다고 분통터지지 맙시다. ,3501,8,0,0
2019-01-31 22:23:57.214911,13115016,8,0,2019-01-31 06:23:50, 김경수 구속됐다고 분통터지지 맙시다. ,3504,3,0,0
2019-01-31 23:24:02.367336,13115016,8,0,2019-01-31 06:23:50, 김경수 구속됐다고 분통터지지 맙시다. ,3506,2,0,0
2019-02-01 00:23:54.675950,13115016,8,0,2019-01-31 06:23:50, 김경수 구속됐다고 분통터지지 맙시다. ,3508,2,0,0
2019-02-01 01:23:59.785517,13115016,8,0,2019-01-31 06:23:50, 김경수 구속됐다고 분통터지지 맙시다. ,3514,6,0,0
2019-02-01 02:23:52.113769,13115016,8,0,2019-01-31 06:23:50, 김경수 구속됐다고 분통터지지 맙시다. ,3518,4,0,0
2019-02-01 03:23:57.213564,13115016,8,0,2019-01-31 06:23:50, 김경수 구속됐다고 분통터지지 맙시다. ,3519,1,0,0
2019-02-01 04:24:02.276921,13115016,8,0,2019-01-31 06:23:50, 김경수 구속됐다고 분통터지지 맙시다. ,3522,3,0,0
2019-02-01 05:23:54.430819,13115016,8,0,2019-01-31 06:23:50, 김경수 구속됐다고 분통터지지 맙시다. ,3525,3,0,0
2019-02-01 06:23:59.842751,13115016,8,0,2019-01-31 06:23:50, 김경수 구속됐다고 분통터지지 맙시다. ,3527,2,0,0
