check_time,id,post_reply,post_symph,post_time,post_title,post_view,post_view_diff,post_reply_diff,post_symph_diff
2019-01-30 07:06:02.456071,13110597,11,11,2019-01-30 06:05:53, 와... 한국일보 개 쓰레기들... ,2464,2464,11,11
2019-01-30 08:05:54.747275,13110597,13,19,2019-01-30 06:05:53, 와... 한국일보 개 쓰레기들... ,4497,2033,2,8
2019-01-30 09:05:59.869555,13110597,15,31,2019-01-30 06:05:53, 와... 한국일보 개 쓰레기들... ,6381,1884,2,12
2019-01-30 10:06:04.965917,13110597,16,52,2019-01-30 06:05:53, 와... 한국일보 개 쓰레기들... ,8919,2538,1,21
2019-01-30 11:05:57.525990,13110597,19,77,2019-01-30 06:05:53, 와... 한국일보 개 쓰레기들... ,11710,2791,3,25
2019-01-30 12:06:02.635620,13110597,21,96,2019-01-30 06:05:53, 와... 한국일보 개 쓰레기들... ,14049,2339,2,19
2019-01-30 13:05:54.796613,13110597,21,115,2019-01-30 06:05:53, 와... 한국일보 개 쓰레기들... ,16438,2389,0,19
2019-01-30 14:06:00.017800,13110597,22,128,2019-01-30 06:05:53, 와... 한국일보 개 쓰레기들... ,18336,1898,1,13
2019-01-30 15:06:05.184403,13110597,27,141,2019-01-30 06:05:53, 와... 한국일보 개 쓰레기들... ,20032,1696,5,13
2019-01-30 16:05:57.322489,13110597,27,157,2019-01-30 06:05:53, 와... 한국일보 개 쓰레기들... ,21686,1654,0,16
2019-01-30 17:06:02.425985,13110597,36,164,2019-01-30 06:05:53, 와... 한국일보 개 쓰레기들... ,23237,1551,9,7
2019-01-30 18:05:54.520679,13110597,41,174,2019-01-30 06:05:53, 와... 한국일보 개 쓰레기들... ,24817,1580,5,10
2019-01-30 19:05:59.618562,13110597,41,174,2019-01-30 06:05:53, 와... 한국일보 개 쓰레기들... ,24962,145,0,0
2019-01-30 20:06:04.732268,13110597,41,174,2019-01-30 06:05:53, 와... 한국일보 개 쓰레기들... ,25021,59,0,0
2019-01-30 21:05:56.729921,13110597,41,174,2019-01-30 06:05:53, 와... 한국일보 개 쓰레기들... ,25068,47,0,0
2019-01-30 22:06:01.773251,13110597,41,174,2019-01-30 06:05:53, 와... 한국일보 개 쓰레기들... ,25134,66,0,0
2019-01-30 23:05:53.820341,13110597,41,174,2019-01-30 06:05:53, 와... 한국일보 개 쓰레기들... ,25189,55,0,0
2019-01-31 00:05:59.664025,13110597,41,174,2019-01-30 06:05:53, 와... 한국일보 개 쓰레기들... ,25232,43,0,0
2019-01-31 01:06:04.716178,13110597,41,174,2019-01-30 06:05:53, 와... 한국일보 개 쓰레기들... ,25275,43,0,0
2019-01-31 02:05:56.759287,13110597,41,174,2019-01-30 06:05:53, 와... 한국일보 개 쓰레기들... ,25296,21,0,0
2019-01-31 03:06:01.799919,13110597,41,174,2019-01-30 06:05:53, 와... 한국일보 개 쓰레기들... ,25304,8,0,0
2019-01-31 04:05:54.012934,13110597,41,174,2019-01-30 06:05:53, 와... 한국일보 개 쓰레기들... ,25310,6,0,0
2019-01-31 05:05:59.019564,13110597,41,174,2019-01-30 06:05:53, 와... 한국일보 개 쓰레기들... ,25317,7,0,0
2019-01-31 06:06:04.032970,13110597,41,174,2019-01-30 06:05:53, 와... 한국일보 개 쓰레기들... ,25329,12,0,0
