check_time,id,post_reply,post_symph,post_time,post_title,post_view,post_view_diff,post_reply_diff,post_symph_diff
2019-01-24 07:17:16.243816,13087807,4,3,2019-01-24 06:17:04, 야호 양승태 구속~ ,1623,1623,4,3
2019-01-24 08:17:08.226885,13087807,4,5,2019-01-24 06:17:04, 야호 양승태 구속~ ,2056,433,0,2
2019-01-24 09:17:13.188461,13087807,4,5,2019-01-24 06:17:04, 야호 양승태 구속~ ,2180,124,0,0
2019-01-24 10:17:05.326123,13087807,4,6,2019-01-24 06:17:04, 야호 양승태 구속~ ,2225,45,0,1
2019-01-24 11:17:10.345741,13087807,4,6,2019-01-24 06:17:04, 야호 양승태 구속~ ,2242,17,0,0
2019-01-24 12:17:15.682460,13087807,4,6,2019-01-24 06:17:04, 야호 양승태 구속~ ,2251,9,0,0
2019-01-24 13:17:07.839772,13087807,4,6,2019-01-24 06:17:04, 야호 양승태 구속~ ,2256,5,0,0
2019-01-24 14:17:12.887320,13087807,4,6,2019-01-24 06:17:04, 야호 양승태 구속~ ,2265,9,0,0
2019-01-24 15:17:05.007137,13087807,4,6,2019-01-24 06:17:04, 야호 양승태 구속~ ,2269,4,0,0
2019-01-24 16:17:10.068538,13087807,4,6,2019-01-24 06:17:04, 야호 양승태 구속~ ,2273,4,0,0
2019-01-24 17:17:15.171921,13087807,4,6,2019-01-24 06:17:04, 야호 양승태 구속~ ,2274,1,0,0
2019-01-24 18:17:07.331824,13087807,4,6,2019-01-24 06:17:04, 야호 양승태 구속~ ,2280,6,0,0
2019-01-24 19:17:12.557085,13087807,4,6,2019-01-24 06:17:04, 야호 양승태 구속~ ,2284,4,0,0
2019-01-24 20:17:04.859434,13087807,4,6,2019-01-24 06:17:04, 야호 양승태 구속~ ,2289,5,0,0
2019-01-24 21:17:10.080507,13087807,4,6,2019-01-24 06:17:04, 야호 양승태 구속~ ,2292,3,0,0
2019-01-24 22:17:16.097618,13087807,4,6,2019-01-24 06:17:04, 야호 양승태 구속~ ,2297,5,0,0
2019-01-24 23:17:08.320515,13087807,4,6,2019-01-24 06:17:04, 야호 양승태 구속~ ,2303,6,0,0
2019-01-25 00:17:13.386926,13087807,4,6,2019-01-24 06:17:04, 야호 양승태 구속~ ,2304,1,0,0
2019-01-25 01:17:05.427048,13087807,4,6,2019-01-24 06:17:04, 야호 양승태 구속~ ,2308,4,0,0
2019-01-25 02:17:10.462879,13087807,4,6,2019-01-24 06:17:04, 야호 양승태 구속~ ,2310,2,0,0
2019-01-25 03:17:15.470603,13087807,4,6,2019-01-24 06:17:04, 야호 양승태 구속~ ,2312,2,0,0
2019-01-25 04:17:07.596657,13087807,4,6,2019-01-24 06:17:04, 야호 양승태 구속~ ,2314,2,0,0
2019-01-25 05:17:12.568304,13087807,4,6,2019-01-24 06:17:04, 야호 양승태 구속~ ,2315,1,0,0
2019-01-25 06:17:04.642776,13087807,4,6,2019-01-24 06:17:04, 야호 양승태 구속~ ,2316,1,0,0
