check_time,id,post_reply,post_symph,post_time,post_title,post_view,post_view_diff,post_reply_diff,post_symph_diff
2019-01-29 07:55:08.296033,13107018,2,1,2019-01-29 06:55:01, 인도 정치 현황.jpg ,5365,5365,2,1
2019-01-29 08:55:13.598329,13107018,3,2,2019-01-29 06:55:01, 인도 정치 현황.jpg ,8788,3423,1,1
2019-01-29 09:55:05.700271,13107018,3,2,2019-01-29 06:55:01, 인도 정치 현황.jpg ,10263,1475,0,0
2019-01-29 10:55:10.833215,13107018,3,2,2019-01-29 06:55:01, 인도 정치 현황.jpg ,10814,551,0,0
2019-01-29 11:55:02.935335,13107018,3,2,2019-01-29 06:55:01, 인도 정치 현황.jpg ,11012,198,0,0
2019-01-29 12:55:08.001846,13107018,3,2,2019-01-29 06:55:01, 인도 정치 현황.jpg ,11118,106,0,0
2019-01-29 13:55:13.070509,13107018,3,2,2019-01-29 06:55:01, 인도 정치 현황.jpg ,11170,52,0,0
2019-01-29 14:55:05.149938,13107018,3,2,2019-01-29 06:55:01, 인도 정치 현황.jpg ,11226,56,0,0
2019-01-29 15:55:10.523146,13107018,3,2,2019-01-29 06:55:01, 인도 정치 현황.jpg ,11253,27,0,0
2019-01-29 16:55:02.680025,13107018,3,2,2019-01-29 06:55:01, 인도 정치 현황.jpg ,11279,26,0,0
2019-01-29 17:55:07.770131,13107018,3,2,2019-01-29 06:55:01, 인도 정치 현황.jpg ,11297,18,0,0
2019-01-29 18:55:12.848992,13107018,3,2,2019-01-29 06:55:01, 인도 정치 현황.jpg ,11307,10,0,0
2019-01-29 19:55:04.840913,13107018,3,2,2019-01-29 06:55:01, 인도 정치 현황.jpg ,11315,8,0,0
2019-01-29 20:55:09.907771,13107018,3,2,2019-01-29 06:55:01, 인도 정치 현황.jpg ,11325,10,0,0
2019-01-29 21:55:01.969958,13107018,3,2,2019-01-29 06:55:01, 인도 정치 현황.jpg ,11332,7,0,0
2019-01-29 22:55:07.118249,13107018,3,2,2019-01-29 06:55:01, 인도 정치 현황.jpg ,11334,2,0,0
2019-01-29 23:55:12.786364,13107018,3,2,2019-01-29 06:55:01, 인도 정치 현황.jpg ,11344,10,0,0
2019-01-30 00:55:04.944306,13107018,3,2,2019-01-29 06:55:01, 인도 정치 현황.jpg ,11346,2,0,0
2019-01-30 01:55:10.129585,13107018,3,2,2019-01-29 06:55:01, 인도 정치 현황.jpg ,11351,5,0,0
2019-01-30 02:55:02.308885,13107018,3,2,2019-01-29 06:55:01, 인도 정치 현황.jpg ,11353,2,0,0
2019-01-30 03:55:07.458399,13107018,3,2,2019-01-29 06:55:01, 인도 정치 현황.jpg ,11357,4,0,0
2019-01-30 04:55:12.848407,13107018,3,2,2019-01-29 06:55:01, 인도 정치 현황.jpg ,11362,5,0,0
2019-01-30 05:55:04.992845,13107018,3,2,2019-01-29 06:55:01, 인도 정치 현황.jpg ,11364,2,0,0
2019-01-30 06:55:10.084423,13107018,3,2,2019-01-29 06:55:01, 인도 정치 현황.jpg ,11366,2,0,0
