check_time,id,post_reply,post_symph,post_time,post_title,post_view,post_view_diff,post_reply_diff,post_symph_diff
2019-01-31 07:45:17.931207,13115027,2,0,2019-01-31 06:45:08, 요렌테!!! 대니 로즈! ,658,658,2,0
2019-01-31 08:45:10.033617,13115027,2,0,2019-01-31 06:45:08, 요렌테!!! 대니 로즈! ,806,148,0,0
2019-01-31 09:45:15.161133,13115027,2,0,2019-01-31 06:45:08, 요렌테!!! 대니 로즈! ,861,55,0,0
2019-01-31 10:45:20.244006,13115027,2,0,2019-01-31 06:45:08, 요렌테!!! 대니 로즈! ,878,17,0,0
2019-01-31 11:45:12.357242,13115027,2,0,2019-01-31 06:45:08, 요렌테!!! 대니 로즈! ,889,11,0,0
2019-01-31 12:45:17.512355,13115027,2,0,2019-01-31 06:45:08, 요렌테!!! 대니 로즈! ,894,5,0,0
2019-01-31 13:45:09.614119,13115027,2,0,2019-01-31 06:45:08, 요렌테!!! 대니 로즈! ,900,6,0,0
2019-01-31 14:45:16.314583,13115027,2,0,2019-01-31 06:45:08, 요렌테!!! 대니 로즈! ,902,2,0,0
2019-01-31 15:45:08.397188,13115027,2,0,2019-01-31 06:45:08, 요렌테!!! 대니 로즈! ,904,2,0,0
2019-01-31 16:45:13.531572,13115027,2,0,2019-01-31 06:45:08, 요렌테!!! 대니 로즈! ,906,2,0,0
2019-01-31 17:45:18.634738,13115027,2,0,2019-01-31 06:45:08, 요렌테!!! 대니 로즈! ,910,4,0,0
2019-01-31 18:45:10.791476,13115027,2,0,2019-01-31 06:45:08, 요렌테!!! 대니 로즈! ,912,2,0,0
2019-01-31 19:45:15.913665,13115027,2,0,2019-01-31 06:45:08, 요렌테!!! 대니 로즈! ,914,2,0,0
2019-01-31 20:45:08.041009,13115027,2,0,2019-01-31 06:45:08, 요렌테!!! 대니 로즈! ,916,2,0,0
2019-01-31 21:45:13.097981,13115027,2,0,2019-01-31 06:45:08, 요렌테!!! 대니 로즈! ,920,4,0,0
2019-01-31 22:45:18.295951,13115027,2,0,2019-01-31 06:45:08, 요렌테!!! 대니 로즈! ,922,2,0,0
2019-01-31 23:45:10.361156,13115027,2,0,2019-01-31 06:45:08, 요렌테!!! 대니 로즈! ,922,0,0,0
2019-02-01 00:45:15.454735,13115027,2,0,2019-01-31 06:45:08, 요렌테!!! 대니 로즈! ,926,4,0,0
2019-02-01 01:45:20.493514,13115027,2,0,2019-01-31 06:45:08, 요렌테!!! 대니 로즈! ,927,1,0,0
2019-02-01 02:45:12.598004,13115027,2,0,2019-01-31 06:45:08, 요렌테!!! 대니 로즈! ,928,1,0,0
2019-02-01 03:45:17.651803,13115027,2,0,2019-01-31 06:45:08, 요렌테!!! 대니 로즈! ,929,1,0,0
2019-02-01 04:45:09.772725,13115027,2,0,2019-01-31 06:45:08, 요렌테!!! 대니 로즈! ,930,1,0,0
2019-02-01 05:45:14.888506,13115027,2,0,2019-01-31 06:45:08, 요렌테!!! 대니 로즈! ,931,1,0,0
2019-02-01 06:45:19.934308,13115027,2,0,2019-01-31 06:45:08, 요렌테!!! 대니 로즈! ,933,2,0,0
