check_time,id,post_reply,post_symph,post_time,post_title,post_view,post_view_diff,post_reply_diff,post_symph_diff
2019-01-25 07:41:25.470634,13092319,6,4,2019-01-25 06:41:20, 고양이와 첫 밤이 지났어요 ,2521,2521,6,4
2019-01-25 08:41:30.544870,13092319,7,7,2019-01-25 06:41:20, 고양이와 첫 밤이 지났어요 ,4119,1598,1,3
2019-01-25 09:41:22.678833,13092319,7,8,2019-01-25 06:41:20, 고양이와 첫 밤이 지났어요 ,4900,781,0,1
2019-01-25 10:41:27.815817,13092319,8,9,2019-01-25 06:41:20, 고양이와 첫 밤이 지났어요 ,5117,217,1,1
2019-01-25 11:41:32.882602,13092319,8,9,2019-01-25 06:41:20, 고양이와 첫 밤이 지났어요 ,5217,100,0,0
2019-01-25 12:41:24.893089,13092319,8,9,2019-01-25 06:41:20, 고양이와 첫 밤이 지났어요 ,5293,76,0,0
2019-01-25 13:41:30.007945,13092319,8,9,2019-01-25 06:41:20, 고양이와 첫 밤이 지났어요 ,5329,36,0,0
2019-01-25 14:41:22.229105,13092319,8,10,2019-01-25 06:41:20, 고양이와 첫 밤이 지났어요 ,5380,51,0,1
2019-01-25 15:41:27.389382,13092319,8,10,2019-01-25 06:41:20, 고양이와 첫 밤이 지났어요 ,5399,19,0,0
2019-01-25 16:41:32.682293,13092319,8,10,2019-01-25 06:41:20, 고양이와 첫 밤이 지났어요 ,5425,26,0,0
2019-01-25 17:41:24.812793,13092319,8,10,2019-01-25 06:41:20, 고양이와 첫 밤이 지났어요 ,5436,11,0,0
2019-01-25 18:41:29.956693,13092319,8,10,2019-01-25 06:41:20, 고양이와 첫 밤이 지났어요 ,5452,16,0,0
2019-01-25 19:41:22.216980,13092319,8,10,2019-01-25 06:41:20, 고양이와 첫 밤이 지났어요 ,5459,7,0,0
2019-01-25 20:41:27.282560,13092319,8,10,2019-01-25 06:41:20, 고양이와 첫 밤이 지났어요 ,5469,10,0,0
2019-01-25 21:41:32.541255,13092319,8,10,2019-01-25 06:41:20, 고양이와 첫 밤이 지났어요 ,5478,9,0,0
2019-01-25 22:41:24.695391,13092319,8,10,2019-01-25 06:41:20, 고양이와 첫 밤이 지났어요 ,5493,15,0,0
2019-01-25 23:41:29.745801,13092319,8,10,2019-01-25 06:41:20, 고양이와 첫 밤이 지났어요 ,5501,8,0,0
2019-01-26 00:41:21.881731,13092319,8,10,2019-01-25 06:41:20, 고양이와 첫 밤이 지났어요 ,5512,11,0,0
2019-01-26 01:41:26.956999,13092319,8,10,2019-01-25 06:41:20, 고양이와 첫 밤이 지났어요 ,5516,4,0,0
2019-01-26 02:41:31.959535,13092319,8,10,2019-01-25 06:41:20, 고양이와 첫 밤이 지났어요 ,5525,9,0,0
2019-01-26 03:41:23.993157,13092319,8,10,2019-01-25 06:41:20, 고양이와 첫 밤이 지났어요 ,5528,3,0,0
2019-01-26 04:41:28.990535,13092319,8,10,2019-01-25 06:41:20, 고양이와 첫 밤이 지났어요 ,5529,1,0,0
2019-01-26 05:41:21.164364,13092319,8,10,2019-01-25 06:41:20, 고양이와 첫 밤이 지났어요 ,5531,2,0,0
2019-01-26 06:41:26.103092,13092319,8,10,2019-01-25 06:41:20, 고양이와 첫 밤이 지났어요 ,5532,1,0,0
