check_time,id,post_reply,post_symph,post_time,post_title,post_view,post_view_diff,post_reply_diff,post_symph_diff
2019-01-27 07:53:37.819894,13100211,6,0,2019-01-27 06:53:34," 스카이캐슬 혜나, 예서 배우 나이가 다들 꽤 많네요 ",1427,1427,6,0
2019-01-27 08:53:42.940537,13100211,6,0,2019-01-27 06:53:34," 스카이캐슬 혜나, 예서 배우 나이가 다들 꽤 많네요 ",2747,1320,0,0
2019-01-27 09:53:35.027317,13100211,6,0,2019-01-27 06:53:34," 스카이캐슬 혜나, 예서 배우 나이가 다들 꽤 많네요 ",3548,801,0,0
2019-01-27 10:53:40.171168,13100211,7,0,2019-01-27 06:53:34," 스카이캐슬 혜나, 예서 배우 나이가 다들 꽤 많네요 ",3889,341,1,0
2019-01-27 11:53:45.315519,13100211,7,0,2019-01-27 06:53:34," 스카이캐슬 혜나, 예서 배우 나이가 다들 꽤 많네요 ",4087,198,0,0
2019-01-27 12:53:37.445062,13100211,7,0,2019-01-27 06:53:34," 스카이캐슬 혜나, 예서 배우 나이가 다들 꽤 많네요 ",4200,113,0,0
2019-01-27 13:53:42.570987,13100211,7,0,2019-01-27 06:53:34," 스카이캐슬 혜나, 예서 배우 나이가 다들 꽤 많네요 ",4269,69,0,0
2019-01-27 14:53:34.690076,13100211,7,0,2019-01-27 06:53:34," 스카이캐슬 혜나, 예서 배우 나이가 다들 꽤 많네요 ",4319,50,0,0
2019-01-27 15:53:39.772615,13100211,7,0,2019-01-27 06:53:34," 스카이캐슬 혜나, 예서 배우 나이가 다들 꽤 많네요 ",4348,29,0,0
2019-01-27 16:53:44.953056,13100211,7,0,2019-01-27 06:53:34," 스카이캐슬 혜나, 예서 배우 나이가 다들 꽤 많네요 ",4381,33,0,0
2019-01-27 17:53:37.131679,13100211,7,0,2019-01-27 06:53:34," 스카이캐슬 혜나, 예서 배우 나이가 다들 꽤 많네요 ",4405,24,0,0
2019-01-27 18:53:42.163413,13100211,7,0,2019-01-27 06:53:34," 스카이캐슬 혜나, 예서 배우 나이가 다들 꽤 많네요 ",4424,19,0,0
2019-01-27 19:53:34.189806,13100211,7,0,2019-01-27 06:53:34," 스카이캐슬 혜나, 예서 배우 나이가 다들 꽤 많네요 ",4441,17,0,0
2019-01-27 20:53:39.914100,13100211,7,0,2019-01-27 06:53:34," 스카이캐슬 혜나, 예서 배우 나이가 다들 꽤 많네요 ",4453,12,0,0
2019-01-27 21:53:44.930267,13100211,7,0,2019-01-27 06:53:34," 스카이캐슬 혜나, 예서 배우 나이가 다들 꽤 많네요 ",4469,16,0,0
2019-01-27 22:53:36.943059,13100211,7,0,2019-01-27 06:53:34," 스카이캐슬 혜나, 예서 배우 나이가 다들 꽤 많네요 ",4482,13,0,0
2019-01-27 23:53:42.006185,13100211,7,0,2019-01-27 06:53:34," 스카이캐슬 혜나, 예서 배우 나이가 다들 꽤 많네요 ",4497,15,0,0
2019-01-28 00:53:34.019862,13100211,7,0,2019-01-27 06:53:34," 스카이캐슬 혜나, 예서 배우 나이가 다들 꽤 많네요 ",4512,15,0,0
2019-01-28 01:53:38.993383,13100211,7,0,2019-01-27 06:53:34," 스카이캐슬 혜나, 예서 배우 나이가 다들 꽤 많네요 ",4525,13,0,0
2019-01-28 02:53:44.018865,13100211,7,0,2019-01-27 06:53:34," 스카이캐슬 혜나, 예서 배우 나이가 다들 꽤 많네요 ",4533,8,0,0
2019-01-28 03:53:36.034371,13100211,7,0,2019-01-27 06:53:34," 스카이캐슬 혜나, 예서 배우 나이가 다들 꽤 많네요 ",4540,7,0,0
2019-01-28 04:53:41.047069,13100211,7,0,2019-01-27 06:53:34," 스카이캐슬 혜나, 예서 배우 나이가 다들 꽤 많네요 ",4542,2,0,0
2019-01-28 05:53:46.115616,13100211,7,0,2019-01-27 06:53:34," 스카이캐슬 혜나, 예서 배우 나이가 다들 꽤 많네요 ",4545,3,0,0
2019-01-28 06:53:38.313810,13100211,7,0,2019-01-27 06:53:34," 스카이캐슬 혜나, 예서 배우 나이가 다들 꽤 많네요 ",4549,4,0,0
