check_time,id,post_reply,post_symph,post_time,post_title,post_view,post_view_diff,post_reply_diff,post_symph_diff
2019-01-30 07:40:52.883369,13110609,0,0,2019-01-30 06:40:40, 저도 네덜란드에서 fast.com해보았습니다. ,1121,1121,0,0
2019-01-30 08:40:44.866920,13110609,0,0,2019-01-30 06:40:40, 저도 네덜란드에서 fast.com해보았습니다. ,1476,355,0,0
2019-01-30 09:40:49.902612,13110609,0,0,2019-01-30 06:40:40, 저도 네덜란드에서 fast.com해보았습니다. ,1576,100,0,0
2019-01-30 10:40:41.897676,13110609,0,0,2019-01-30 06:40:40, 저도 네덜란드에서 fast.com해보았습니다. ,1604,28,0,0
2019-01-30 11:40:46.934441,13110609,0,0,2019-01-30 06:40:40, 저도 네덜란드에서 fast.com해보았습니다. ,1613,9,0,0
2019-01-30 12:40:51.984367,13110609,0,0,2019-01-30 06:40:40, 저도 네덜란드에서 fast.com해보았습니다. ,1618,5,0,0
2019-01-30 13:40:44.058347,13110609,0,0,2019-01-30 06:40:40, 저도 네덜란드에서 fast.com해보았습니다. ,1626,8,0,0
2019-01-30 14:40:49.100683,13110609,0,0,2019-01-30 06:40:40, 저도 네덜란드에서 fast.com해보았습니다. ,1627,1,0,0
2019-01-30 15:40:41.290815,13110609,0,0,2019-01-30 06:40:40, 저도 네덜란드에서 fast.com해보았습니다. ,1631,4,0,0
2019-01-30 16:40:46.397725,13110609,0,0,2019-01-30 06:40:40, 저도 네덜란드에서 fast.com해보았습니다. ,1633,2,0,0
2019-01-30 17:40:51.454393,13110609,0,0,2019-01-30 06:40:40, 저도 네덜란드에서 fast.com해보았습니다. ,1635,2,0,0
2019-01-30 18:40:43.554088,13110609,0,0,2019-01-30 06:40:40, 저도 네덜란드에서 fast.com해보았습니다. ,1637,2,0,0
2019-01-30 19:40:48.613872,13110609,0,0,2019-01-30 06:40:40, 저도 네덜란드에서 fast.com해보았습니다. ,1638,1,0,0
2019-01-30 20:40:40.873390,13110609,0,0,2019-01-30 06:40:40, 저도 네덜란드에서 fast.com해보았습니다. ,1639,1,0,0
2019-01-30 21:40:45.946034,13110609,0,0,2019-01-30 06:40:40, 저도 네덜란드에서 fast.com해보았습니다. ,1641,2,0,0
2019-01-30 22:40:51.032984,13110609,0,0,2019-01-30 06:40:40, 저도 네덜란드에서 fast.com해보았습니다. ,1642,1,0,0
2019-01-30 23:40:43.048215,13110609,0,0,2019-01-30 06:40:40, 저도 네덜란드에서 fast.com해보았습니다. ,1643,1,0,0
2019-01-31 00:40:48.063506,13110609,0,0,2019-01-30 06:40:40, 저도 네덜란드에서 fast.com해보았습니다. ,1645,2,0,0
2019-01-31 01:40:40.071426,13110609,0,0,2019-01-30 06:40:40, 저도 네덜란드에서 fast.com해보았습니다. ,1647,2,0,0
2019-01-31 02:40:45.058144,13110609,0,0,2019-01-30 06:40:40, 저도 네덜란드에서 fast.com해보았습니다. ,1647,0,0,0
2019-01-31 03:40:50.242714,13110609,0,0,2019-01-30 06:40:40, 저도 네덜란드에서 fast.com해보았습니다. ,1648,1,0,0
2019-01-31 04:40:42.333700,13110609,0,0,2019-01-30 06:40:40, 저도 네덜란드에서 fast.com해보았습니다. ,1650,2,0,0
2019-01-31 05:40:47.360190,13110609,0,0,2019-01-30 06:40:40, 저도 네덜란드에서 fast.com해보았습니다. ,1653,3,0,0
2019-01-31 06:40:52.430274,13110609,0,0,2019-01-30 06:40:40, 저도 네덜란드에서 fast.com해보았습니다. ,1654,1,0,0
