check_time,id,post_reply,post_symph,post_time,post_title,post_view,post_view_diff,post_reply_diff,post_symph_diff
2019-01-28 07:02:38.103995,13103187,2,0,2019-01-28 06:02:28, 10평 원룸.jpg ,2855,2855,2,0
2019-01-28 08:02:30.147056,13103187,7,1,2019-01-28 06:02:28, 10평 원룸.jpg ,6144,3289,5,1
2019-01-28 09:02:35.155929,13103187,11,1,2019-01-28 06:02:28, 10평 원룸.jpg ,8468,2324,4,0
2019-01-28 10:02:40.234930,13103187,11,1,2019-01-28 06:02:28, 10평 원룸.jpg ,9265,797,0,0
2019-01-28 11:02:32.275289,13103187,11,1,2019-01-28 06:02:28, 10평 원룸.jpg ,9620,355,0,0
2019-01-28 12:02:37.423900,13103187,11,1,2019-01-28 06:02:28, 10평 원룸.jpg ,9822,202,0,0
2019-01-28 13:02:29.770950,13103187,11,1,2019-01-28 06:02:28, 10평 원룸.jpg ,9968,146,0,0
2019-01-28 14:02:34.917860,13103187,11,1,2019-01-28 06:02:28, 10평 원룸.jpg ,10047,79,0,0
2019-01-28 15:02:40.055370,13103187,11,1,2019-01-28 06:02:28, 10평 원룸.jpg ,10096,49,0,0
2019-01-28 16:02:32.366509,13103187,11,1,2019-01-28 06:02:28, 10평 원룸.jpg ,10134,38,0,0
2019-01-28 17:02:37.533374,13103187,11,1,2019-01-28 06:02:28, 10평 원룸.jpg ,10158,24,0,0
2019-01-28 18:02:29.588238,13103187,11,1,2019-01-28 06:02:28, 10평 원룸.jpg ,10180,22,0,0
2019-01-28 19:02:34.998865,13103187,11,1,2019-01-28 06:02:28, 10평 원룸.jpg ,10189,9,0,0
2019-01-28 20:02:40.144646,13103187,11,1,2019-01-28 06:02:28, 10평 원룸.jpg ,10198,9,0,0
2019-01-28 21:02:32.252826,13103187,11,1,2019-01-28 06:02:28, 10평 원룸.jpg ,10202,4,0,0
2019-01-28 22:02:37.361822,13103187,11,1,2019-01-28 06:02:28, 10평 원룸.jpg ,10207,5,0,0
2019-01-28 23:02:29.294624,13103187,11,1,2019-01-28 06:02:28, 10평 원룸.jpg ,10218,11,0,0
2019-01-29 00:02:34.336821,13103187,11,1,2019-01-28 06:02:28, 10평 원룸.jpg ,10222,4,0,0
2019-01-29 01:02:39.660446,13103187,11,1,2019-01-28 06:02:28, 10평 원룸.jpg ,10225,3,0,0
2019-01-29 02:02:31.704981,13103187,11,1,2019-01-28 06:02:28, 10평 원룸.jpg ,10231,6,0,0
2019-01-29 03:02:37.010986,13103187,11,1,2019-01-28 06:02:28, 10평 원룸.jpg ,10234,3,0,0
2019-01-29 04:02:29.358543,13103187,11,1,2019-01-28 06:02:28, 10평 원룸.jpg ,10235,1,0,0
2019-01-29 05:02:34.459105,13103187,11,1,2019-01-28 06:02:28, 10평 원룸.jpg ,10237,2,0,0
2019-01-29 06:02:39.546766,13103187,11,1,2019-01-28 06:02:28, 10평 원룸.jpg ,10239,2,0,0
