check_time,id,post_reply,post_symph,post_time,post_title,post_view,post_view_diff,post_reply_diff,post_symph_diff
2019-01-26 07:56:02.787040,13096959,1,0,2019-01-26 06:55:56, 밤샛네요. -_-; ,713,713,1,0
2019-01-26 08:56:07.807225,13096959,1,0,2019-01-26 06:55:56, 밤샛네요. -_-; ,1043,330,0,0
2019-01-26 09:55:59.847108,13096959,1,0,2019-01-26 06:55:56, 밤샛네요. -_-; ,1167,124,0,0
2019-01-26 10:56:04.892699,13096959,1,0,2019-01-26 06:55:56, 밤샛네요. -_-; ,1211,44,0,0
2019-01-26 11:55:56.956328,13096959,1,0,2019-01-26 06:55:56, 밤샛네요. -_-; ,1237,26,0,0
2019-01-26 12:56:02.009099,13096959,1,0,2019-01-26 06:55:56, 밤샛네요. -_-; ,1250,13,0,0
2019-01-26 13:56:07.013733,13096959,1,0,2019-01-26 06:55:56, 밤샛네요. -_-; ,1256,6,0,0
2019-01-26 14:55:58.975725,13096959,1,0,2019-01-26 06:55:56, 밤샛네요. -_-; ,1262,6,0,0
2019-01-26 15:56:04.042530,13096959,1,0,2019-01-26 06:55:56, 밤샛네요. -_-; ,1269,7,0,0
2019-01-26 16:55:56.193144,13096959,1,0,2019-01-26 06:55:56, 밤샛네요. -_-; ,1271,2,0,0
2019-01-26 17:56:01.240183,13096959,1,0,2019-01-26 06:55:56, 밤샛네요. -_-; ,1273,2,0,0
2019-01-26 18:56:06.252226,13096959,1,0,2019-01-26 06:55:56, 밤샛네요. -_-; ,1275,2,0,0
2019-01-26 19:55:58.760813,13096959,1,0,2019-01-26 06:55:56, 밤샛네요. -_-; ,1282,7,0,0
2019-01-26 20:56:03.810494,13096959,1,0,2019-01-26 06:55:56, 밤샛네요. -_-; ,1287,5,0,0
2019-01-26 21:56:08.897010,13096959,1,0,2019-01-26 06:55:56, 밤샛네요. -_-; ,1290,3,0,0
2019-01-26 22:56:01.207543,13096959,1,0,2019-01-26 06:55:56, 밤샛네요. -_-; ,1301,11,0,0
2019-01-26 23:56:06.242845,13096959,1,0,2019-01-26 06:55:56, 밤샛네요. -_-; ,1304,3,0,0
2019-01-27 00:55:58.293178,13096959,1,0,2019-01-26 06:55:56, 밤샛네요. -_-; ,1305,1,0,0
2019-01-27 01:56:03.454486,13096959,1,0,2019-01-26 06:55:56, 밤샛네요. -_-; ,1307,2,0,0
2019-01-27 02:56:08.478830,13096959,1,0,2019-01-26 06:55:56, 밤샛네요. -_-; ,1309,2,0,0
2019-01-27 03:56:00.670824,13096959,1,0,2019-01-26 06:55:56, 밤샛네요. -_-; ,1310,1,0,0
2019-01-27 04:56:05.730602,13096959,1,0,2019-01-26 06:55:56, 밤샛네요. -_-; ,1311,1,0,0
2019-01-27 05:55:57.739038,13096959,1,0,2019-01-26 06:55:56, 밤샛네요. -_-; ,1312,1,0,0
2019-01-27 06:56:02.782134,13096959,1,0,2019-01-26 06:55:56, 밤샛네요. -_-; ,1315,3,0,0
