check_time,id,post_reply,post_symph,post_time,post_title,post_view,post_view_diff,post_reply_diff,post_symph_diff
2019-01-30 07:43:38.982753,13110613,9,0,2019-01-30 06:43:37, 밤을 꼴딱 새고 이직 면접에 갑니다ㅜㅜ ,1724,1724,9,0
2019-01-30 08:43:44.043424,13110613,10,0,2019-01-30 06:43:37, 밤을 꼴딱 새고 이직 면접에 갑니다ㅜㅜ ,2338,614,1,0
2019-01-30 09:43:49.084153,13110613,10,0,2019-01-30 06:43:37, 밤을 꼴딱 새고 이직 면접에 갑니다ㅜㅜ ,2597,259,0,0
2019-01-30 10:43:41.084100,13110613,10,0,2019-01-30 06:43:37, 밤을 꼴딱 새고 이직 면접에 갑니다ㅜㅜ ,2663,66,0,0
2019-01-30 11:43:46.273362,13110613,10,0,2019-01-30 06:43:37, 밤을 꼴딱 새고 이직 면접에 갑니다ㅜㅜ ,2730,67,0,0
2019-01-30 12:43:38.499678,13110613,10,0,2019-01-30 06:43:37, 밤을 꼴딱 새고 이직 면접에 갑니다ㅜㅜ ,2752,22,0,0
2019-01-30 13:43:43.675684,13110613,10,0,2019-01-30 06:43:37, 밤을 꼴딱 새고 이직 면접에 갑니다ㅜㅜ ,2772,20,0,0
2019-01-30 14:43:48.794022,13110613,10,0,2019-01-30 06:43:37, 밤을 꼴딱 새고 이직 면접에 갑니다ㅜㅜ ,2779,7,0,0
2019-01-30 15:43:40.884865,13110613,10,0,2019-01-30 06:43:37, 밤을 꼴딱 새고 이직 면접에 갑니다ㅜㅜ ,2785,6,0,0
2019-01-30 16:43:46.063603,13110613,10,0,2019-01-30 06:43:37, 밤을 꼴딱 새고 이직 면접에 갑니다ㅜㅜ ,2788,3,0,0
2019-01-30 17:43:38.598659,13110613,10,0,2019-01-30 06:43:37, 밤을 꼴딱 새고 이직 면접에 갑니다ㅜㅜ ,2790,2,0,0
2019-01-30 18:43:43.692260,13110613,10,0,2019-01-30 06:43:37, 밤을 꼴딱 새고 이직 면접에 갑니다ㅜㅜ ,2793,3,0,0
2019-01-30 19:43:48.825047,13110613,10,0,2019-01-30 06:43:37, 밤을 꼴딱 새고 이직 면접에 갑니다ㅜㅜ ,2800,7,0,0
2019-01-30 20:43:40.860351,13110613,10,0,2019-01-30 06:43:37, 밤을 꼴딱 새고 이직 면접에 갑니다ㅜㅜ ,2803,3,0,0
2019-01-30 21:43:46.168779,13110613,10,0,2019-01-30 06:43:37, 밤을 꼴딱 새고 이직 면접에 갑니다ㅜㅜ ,2805,2,0,0
2019-01-30 22:43:38.273106,13110613,10,0,2019-01-30 06:43:37, 밤을 꼴딱 새고 이직 면접에 갑니다ㅜㅜ ,2808,3,0,0
2019-01-30 23:43:43.307959,13110613,10,0,2019-01-30 06:43:37, 밤을 꼴딱 새고 이직 면접에 갑니다ㅜㅜ ,2811,3,0,0
2019-01-31 00:43:48.335015,13110613,10,0,2019-01-30 06:43:37, 밤을 꼴딱 새고 이직 면접에 갑니다ㅜㅜ ,2814,3,0,0
2019-01-31 01:43:40.380308,13110613,10,0,2019-01-30 06:43:37, 밤을 꼴딱 새고 이직 면접에 갑니다ㅜㅜ ,2818,4,0,0
2019-01-31 02:43:45.638042,13110613,10,0,2019-01-30 06:43:37, 밤을 꼴딱 새고 이직 면접에 갑니다ㅜㅜ ,2822,4,0,0
2019-01-31 03:43:38.440319,13110613,10,0,2019-01-30 06:43:37, 밤을 꼴딱 새고 이직 면접에 갑니다ㅜㅜ ,2823,1,0,0
2019-01-31 04:43:43.493244,13110613,10,0,2019-01-30 06:43:37, 밤을 꼴딱 새고 이직 면접에 갑니다ㅜㅜ ,2829,6,0,0
2019-01-31 05:43:48.559047,13110613,10,0,2019-01-30 06:43:37, 밤을 꼴딱 새고 이직 면접에 갑니다ㅜㅜ ,2831,2,0,0
2019-01-31 06:43:40.535041,13110613,10,0,2019-01-30 06:43:37, 밤을 꼴딱 새고 이직 면접에 갑니다ㅜㅜ ,2834,3,0,0
