check_time,id,post_reply,post_symph,post_time,post_title,post_view,post_view_diff,post_reply_diff,post_symph_diff
2019-01-30 07:21:30.969552,13110602,2,0,2019-01-30 06:21:30, fast아무리 무선이라지만.... ,1475,1475,2,0
2019-01-30 08:21:36.058451,13110602,3,0,2019-01-30 06:21:30, fast아무리 무선이라지만.... ,2249,774,1,0
2019-01-30 09:21:41.148276,13110602,3,0,2019-01-30 06:21:30, fast아무리 무선이라지만.... ,2557,308,0,0
2019-01-30 10:21:33.255012,13110602,3,0,2019-01-30 06:21:30, fast아무리 무선이라지만.... ,2635,78,0,0
2019-01-30 11:21:38.504702,13110602,3,0,2019-01-30 06:21:30, fast아무리 무선이라지만.... ,2658,23,0,0
2019-01-30 12:21:30.583674,13110602,3,0,2019-01-30 06:21:30, fast아무리 무선이라지만.... ,2669,11,0,0
2019-01-30 13:21:35.683544,13110602,3,0,2019-01-30 06:21:30, fast아무리 무선이라지만.... ,2682,13,0,0
2019-01-30 14:21:40.724140,13110602,3,0,2019-01-30 06:21:30, fast아무리 무선이라지만.... ,2687,5,0,0
2019-01-30 15:21:32.760999,13110602,3,0,2019-01-30 06:21:30, fast아무리 무선이라지만.... ,2698,11,0,0
2019-01-30 16:21:37.979507,13110602,3,0,2019-01-30 06:21:30, fast아무리 무선이라지만.... ,2702,4,0,0
2019-01-30 17:21:43.006532,13110602,3,0,2019-01-30 06:21:30, fast아무리 무선이라지만.... ,2705,3,0,0
2019-01-30 18:21:35.059650,13110602,3,0,2019-01-30 06:21:30, fast아무리 무선이라지만.... ,2706,1,0,0
2019-01-30 19:21:40.054211,13110602,3,0,2019-01-30 06:21:30, fast아무리 무선이라지만.... ,2708,2,0,0
2019-01-30 20:21:32.070221,13110602,3,0,2019-01-30 06:21:30, fast아무리 무선이라지만.... ,2710,2,0,0
2019-01-30 21:21:37.115860,13110602,3,0,2019-01-30 06:21:30, fast아무리 무선이라지만.... ,2712,2,0,0
2019-01-30 22:21:42.230986,13110602,3,0,2019-01-30 06:21:30, fast아무리 무선이라지만.... ,2713,1,0,0
2019-01-30 23:21:34.240029,13110602,3,0,2019-01-30 06:21:30, fast아무리 무선이라지만.... ,2716,3,0,0
2019-01-31 00:21:39.293754,13110602,3,0,2019-01-30 06:21:30, fast아무리 무선이라지만.... ,2719,3,0,0
2019-01-31 01:21:31.512554,13110602,3,0,2019-01-30 06:21:30, fast아무리 무선이라지만.... ,2722,3,0,0
2019-01-31 02:21:36.676274,13110602,3,0,2019-01-30 06:21:30, fast아무리 무선이라지만.... ,2723,1,0,0
2019-01-31 03:21:41.798722,13110602,3,0,2019-01-30 06:21:30, fast아무리 무선이라지만.... ,2724,1,0,0
2019-01-31 04:21:34.157879,13110602,3,0,2019-01-30 06:21:30, fast아무리 무선이라지만.... ,2727,3,0,0
2019-01-31 05:21:39.292962,13110602,3,0,2019-01-30 06:21:30, fast아무리 무선이라지만.... ,2729,2,0,0
2019-01-31 06:21:31.370291,13110602,3,0,2019-01-30 06:21:30, fast아무리 무선이라지만.... ,2731,2,0,0
