check_time,id,post_reply,post_symph,post_time,post_title,post_view,post_view_diff,post_reply_diff,post_symph_diff
2019-01-28 07:09:02.262601,13103190,7,1,2019-01-28 06:08:59, 귀귀-비빔밥.jpg ,2822,2822,7,1
2019-01-28 08:09:07.321844,13103190,8,1,2019-01-28 06:08:59, 귀귀-비빔밥.jpg ,5443,2621,1,0
2019-01-28 09:08:59.694233,13103190,10,1,2019-01-28 06:08:59, 귀귀-비빔밥.jpg ,7185,1742,2,0
2019-01-28 10:09:04.823447,13103190,10,1,2019-01-28 06:08:59, 귀귀-비빔밥.jpg ,7774,589,0,0
2019-01-28 11:09:09.924752,13103190,10,1,2019-01-28 06:08:59, 귀귀-비빔밥.jpg ,8012,238,0,0
2019-01-28 12:09:01.952456,13103190,10,1,2019-01-28 06:08:59, 귀귀-비빔밥.jpg ,8186,174,0,0
2019-01-28 13:09:07.042313,13103190,10,1,2019-01-28 06:08:59, 귀귀-비빔밥.jpg ,8329,143,0,0
2019-01-28 14:08:59.108572,13103190,10,1,2019-01-28 06:08:59, 귀귀-비빔밥.jpg ,8394,65,0,0
2019-01-28 15:09:04.139310,13103190,10,1,2019-01-28 06:08:59, 귀귀-비빔밥.jpg ,8438,44,0,0
2019-01-28 16:09:09.191270,13103190,10,1,2019-01-28 06:08:59, 귀귀-비빔밥.jpg ,8470,32,0,0
2019-01-28 17:09:01.226471,13103190,10,1,2019-01-28 06:08:59, 귀귀-비빔밥.jpg ,8496,26,0,0
2019-01-28 18:09:06.292589,13103190,10,1,2019-01-28 06:08:59, 귀귀-비빔밥.jpg ,8524,28,0,0
2019-01-28 19:09:11.366047,13103190,10,1,2019-01-28 06:08:59, 귀귀-비빔밥.jpg ,8530,6,0,0
2019-01-28 20:09:03.292214,13103190,10,1,2019-01-28 06:08:59, 귀귀-비빔밥.jpg ,8545,15,0,0
2019-01-28 21:09:08.292763,13103190,10,1,2019-01-28 06:08:59, 귀귀-비빔밥.jpg ,8560,15,0,0
2019-01-28 22:09:00.347818,13103190,10,1,2019-01-28 06:08:59, 귀귀-비빔밥.jpg ,8566,6,0,0
2019-01-28 23:09:05.463979,13103190,10,1,2019-01-28 06:08:59, 귀귀-비빔밥.jpg ,8572,6,0,0
2019-01-29 00:09:10.596935,13103190,10,1,2019-01-28 06:08:59, 귀귀-비빔밥.jpg ,8577,5,0,0
2019-01-29 01:09:02.670610,13103190,10,1,2019-01-28 06:08:59, 귀귀-비빔밥.jpg ,8583,6,0,0
2019-01-29 02:09:07.767082,13103190,10,1,2019-01-28 06:08:59, 귀귀-비빔밥.jpg ,8585,2,0,0
2019-01-29 03:08:59.873579,13103190,10,1,2019-01-28 06:08:59, 귀귀-비빔밥.jpg ,8587,2,0,0
2019-01-29 04:09:04.994740,13103190,10,1,2019-01-28 06:08:59, 귀귀-비빔밥.jpg ,8591,4,0,0
2019-01-29 05:09:10.134929,13103190,10,1,2019-01-28 06:08:59, 귀귀-비빔밥.jpg ,8595,4,0,0
2019-01-29 06:09:02.247368,13103190,10,1,2019-01-28 06:08:59, 귀귀-비빔밥.jpg ,8597,2,0,0
