check_time,id,post_reply,post_symph,post_time,post_title,post_view,post_view_diff,post_reply_diff,post_symph_diff
2019-01-27 07:40:15.952905,13100208,1,1,2019-01-27 06:40:05, 사무실 숙소에서 또하나 찾아냈습니다. 그리고 제니퍼 로페즈 ,1455,1455,1,1
2019-01-27 08:40:08.373969,13100208,1,1,2019-01-27 06:40:05, 사무실 숙소에서 또하나 찾아냈습니다. 그리고 제니퍼 로페즈 ,2533,1078,0,0
2019-01-27 09:40:13.507116,13100208,1,1,2019-01-27 06:40:05, 사무실 숙소에서 또하나 찾아냈습니다. 그리고 제니퍼 로페즈 ,3266,733,0,0
2019-01-27 10:40:05.720909,13100208,1,1,2019-01-27 06:40:05, 사무실 숙소에서 또하나 찾아냈습니다. 그리고 제니퍼 로페즈 ,3574,308,0,0
2019-01-27 11:40:10.813772,13100208,1,1,2019-01-27 06:40:05, 사무실 숙소에서 또하나 찾아냈습니다. 그리고 제니퍼 로페즈 ,3718,144,0,0
2019-01-27 12:40:15.966080,13100208,1,1,2019-01-27 06:40:05, 사무실 숙소에서 또하나 찾아냈습니다. 그리고 제니퍼 로페즈 ,3772,54,0,0
2019-01-27 13:40:07.979524,13100208,1,1,2019-01-27 06:40:05, 사무실 숙소에서 또하나 찾아냈습니다. 그리고 제니퍼 로페즈 ,3822,50,0,0
2019-01-27 14:40:12.992597,13100208,1,1,2019-01-27 06:40:05, 사무실 숙소에서 또하나 찾아냈습니다. 그리고 제니퍼 로페즈 ,3850,28,0,0
2019-01-27 15:40:05.100060,13100208,1,1,2019-01-27 06:40:05, 사무실 숙소에서 또하나 찾아냈습니다. 그리고 제니퍼 로페즈 ,3873,23,0,0
2019-01-27 16:40:10.302559,13100208,1,1,2019-01-27 06:40:05, 사무실 숙소에서 또하나 찾아냈습니다. 그리고 제니퍼 로페즈 ,3889,16,0,0
2019-01-27 17:40:15.379167,13100208,1,1,2019-01-27 06:40:05, 사무실 숙소에서 또하나 찾아냈습니다. 그리고 제니퍼 로페즈 ,3903,14,0,0
2019-01-27 18:40:07.521979,13100208,1,1,2019-01-27 06:40:05, 사무실 숙소에서 또하나 찾아냈습니다. 그리고 제니퍼 로페즈 ,3919,16,0,0
2019-01-27 19:40:12.665981,13100208,2,1,2019-01-27 06:40:05, 사무실 숙소에서 또하나 찾아냈습니다. 그리고 제니퍼 로페즈 ,3927,8,1,0
2019-01-27 20:40:05.080381,13100208,2,1,2019-01-27 06:40:05, 사무실 숙소에서 또하나 찾아냈습니다. 그리고 제니퍼 로페즈 ,3936,9,0,0
2019-01-27 21:40:10.249184,13100208,2,1,2019-01-27 06:40:05, 사무실 숙소에서 또하나 찾아냈습니다. 그리고 제니퍼 로페즈 ,3943,7,0,0
2019-01-27 22:40:15.983672,13100208,2,1,2019-01-27 06:40:05, 사무실 숙소에서 또하나 찾아냈습니다. 그리고 제니퍼 로페즈 ,3946,3,0,0
2019-01-27 23:40:08.170948,13100208,2,1,2019-01-27 06:40:05, 사무실 숙소에서 또하나 찾아냈습니다. 그리고 제니퍼 로페즈 ,3950,4,0,0
2019-01-28 00:40:14.307132,13100208,2,1,2019-01-27 06:40:05, 사무실 숙소에서 또하나 찾아냈습니다. 그리고 제니퍼 로페즈 ,3952,2,0,0
2019-01-28 01:40:06.439666,13100208,2,1,2019-01-27 06:40:05, 사무실 숙소에서 또하나 찾아냈습니다. 그리고 제니퍼 로페즈 ,3956,4,0,0
2019-01-28 02:40:11.692657,13100208,2,1,2019-01-27 06:40:05, 사무실 숙소에서 또하나 찾아냈습니다. 그리고 제니퍼 로페즈 ,3959,3,0,0
2019-01-28 03:40:16.823276,13100208,2,1,2019-01-27 06:40:05, 사무실 숙소에서 또하나 찾아냈습니다. 그리고 제니퍼 로페즈 ,3960,1,0,0
2019-01-28 04:40:08.886012,13100208,2,1,2019-01-27 06:40:05, 사무실 숙소에서 또하나 찾아냈습니다. 그리고 제니퍼 로페즈 ,3961,1,0,0
2019-01-28 05:40:13.943359,13100208,2,1,2019-01-27 06:40:05, 사무실 숙소에서 또하나 찾아냈습니다. 그리고 제니퍼 로페즈 ,3962,1,0,0
2019-01-28 06:40:06.412883,13100208,2,1,2019-01-27 06:40:05, 사무실 숙소에서 또하나 찾아냈습니다. 그리고 제니퍼 로페즈 ,3965,3,0,0
