check_time,id,post_reply,post_symph,post_time,post_title,post_view,post_view_diff,post_reply_diff,post_symph_diff
2019-01-28 07:21:57.673700,13103192,6,2,2019-01-28 06:21:49, 현금호송 5일차 근무... ,2277,2277,6,2
2019-01-28 08:21:49.776724,13103192,6,2,2019-01-28 06:21:49, 현금호송 5일차 근무... ,3794,1517,0,0
2019-01-28 09:21:54.886989,13103192,10,2,2019-01-28 06:21:49, 현금호송 5일차 근무... ,4678,884,4,0
2019-01-28 10:22:00.110341,13103192,10,2,2019-01-28 06:21:49, 현금호송 5일차 근무... ,4950,272,0,0
2019-01-28 11:21:52.101320,13103192,10,2,2019-01-28 06:21:49, 현금호송 5일차 근무... ,5074,124,0,0
2019-01-28 12:21:57.216630,13103192,10,2,2019-01-28 06:21:49, 현금호송 5일차 근무... ,5147,73,0,0
2019-01-28 13:21:49.352257,13103192,11,2,2019-01-28 06:21:49, 현금호송 5일차 근무... ,5233,86,1,0
2019-01-28 14:21:54.260782,13103192,11,2,2019-01-28 06:21:49, 현금호송 5일차 근무... ,5260,27,0,0
2019-01-28 15:21:59.292957,13103192,11,2,2019-01-28 06:21:49, 현금호송 5일차 근무... ,5269,9,0,0
2019-01-28 16:21:51.333778,13103192,11,2,2019-01-28 06:21:49, 현금호송 5일차 근무... ,5287,18,0,0
2019-01-28 17:21:56.404299,13103192,11,2,2019-01-28 06:21:49, 현금호송 5일차 근무... ,5299,12,0,0
2019-01-28 18:22:01.503378,13103192,11,2,2019-01-28 06:21:49, 현금호송 5일차 근무... ,5308,9,0,0
2019-01-28 19:21:53.533813,13103192,11,2,2019-01-28 06:21:49, 현금호송 5일차 근무... ,5317,9,0,0
2019-01-28 20:21:58.597281,13103192,11,2,2019-01-28 06:21:49, 현금호송 5일차 근무... ,5322,5,0,0
2019-01-28 21:21:50.570562,13103192,11,2,2019-01-28 06:21:49, 현금호송 5일차 근무... ,5328,6,0,0
2019-01-28 22:21:55.614945,13103192,11,2,2019-01-28 06:21:49, 현금호송 5일차 근무... ,5333,5,0,0
2019-01-28 23:22:00.610184,13103192,11,2,2019-01-28 06:21:49, 현금호송 5일차 근무... ,5337,4,0,0
2019-01-29 00:21:52.623169,13103192,11,2,2019-01-28 06:21:49, 현금호송 5일차 근무... ,5342,5,0,0
2019-01-29 01:21:57.611168,13103192,11,2,2019-01-28 06:21:49, 현금호송 5일차 근무... ,5345,3,0,0
2019-01-29 02:21:49.570263,13103192,11,2,2019-01-28 06:21:49, 현금호송 5일차 근무... ,5346,1,0,0
2019-01-29 03:21:54.547060,13103192,11,2,2019-01-28 06:21:49, 현금호송 5일차 근무... ,5347,1,0,0
2019-01-29 04:21:59.479656,13103192,11,2,2019-01-28 06:21:49, 현금호송 5일차 근무... ,5348,1,0,0
2019-01-29 05:21:51.442545,13103192,11,2,2019-01-28 06:21:49, 현금호송 5일차 근무... ,5351,3,0,0
2019-01-29 06:21:56.498094,13103192,11,2,2019-01-28 06:21:49, 현금호송 5일차 근무... ,5352,1,0,0
