check_time,id,post_reply,post_symph,post_time,post_title,post_view,post_view_diff,post_reply_diff,post_symph_diff
2019-01-30 07:31:25.373942,13110604,6,0,2019-01-30 06:31:20, 물론 일부가 전체를 대변할 수는 없지만 ,707,707,6,0
2019-01-30 08:31:31.334145,13110604,7,0,2019-01-30 06:31:20, 물론 일부가 전체를 대변할 수는 없지만 ,931,224,1,0
2019-01-30 09:31:23.453935,13110604,9,0,2019-01-30 06:31:20, 물론 일부가 전체를 대변할 수는 없지만 ,1014,83,2,0
2019-01-30 10:31:28.520279,13110604,9,0,2019-01-30 06:31:20, 물론 일부가 전체를 대변할 수는 없지만 ,1032,18,0,0
2019-01-30 11:31:20.548355,13110604,9,0,2019-01-30 06:31:20, 물론 일부가 전체를 대변할 수는 없지만 ,1045,13,0,0
2019-01-30 12:31:25.614732,13110604,9,0,2019-01-30 06:31:20, 물론 일부가 전체를 대변할 수는 없지만 ,1048,3,0,0
2019-01-30 13:31:30.699843,13110604,9,0,2019-01-30 06:31:20, 물론 일부가 전체를 대변할 수는 없지만 ,1054,6,0,0
2019-01-30 14:31:22.767662,13110604,9,0,2019-01-30 06:31:20, 물론 일부가 전체를 대변할 수는 없지만 ,1058,4,0,0
2019-01-30 15:31:27.867896,13110604,9,0,2019-01-30 06:31:20, 물론 일부가 전체를 대변할 수는 없지만 ,1060,2,0,0
2019-01-30 16:31:32.967117,13110604,9,0,2019-01-30 06:31:20, 물론 일부가 전체를 대변할 수는 없지만 ,1064,4,0,0
2019-01-30 17:31:24.957153,13110604,9,0,2019-01-30 06:31:20, 물론 일부가 전체를 대변할 수는 없지만 ,1067,3,0,0
2019-01-30 18:31:30.020983,13110604,9,0,2019-01-30 06:31:20, 물론 일부가 전체를 대변할 수는 없지만 ,1069,2,0,0
2019-01-30 19:31:22.039511,13110604,9,0,2019-01-30 06:31:20, 물론 일부가 전체를 대변할 수는 없지만 ,1070,1,0,0
2019-01-30 20:31:27.187575,13110604,9,0,2019-01-30 06:31:20, 물론 일부가 전체를 대변할 수는 없지만 ,1071,1,0,0
2019-01-30 21:31:32.419592,13110604,9,0,2019-01-30 06:31:20, 물론 일부가 전체를 대변할 수는 없지만 ,1074,3,0,0
2019-01-30 22:31:24.567411,13110604,9,0,2019-01-30 06:31:20, 물론 일부가 전체를 대변할 수는 없지만 ,1075,1,0,0
2019-01-30 23:31:29.638731,13110604,9,0,2019-01-30 06:31:20, 물론 일부가 전체를 대변할 수는 없지만 ,1078,3,0,0
2019-01-31 00:31:21.721814,13110604,9,0,2019-01-30 06:31:20, 물론 일부가 전체를 대변할 수는 없지만 ,1079,1,0,0
2019-01-31 01:31:26.798921,13110604,9,0,2019-01-30 06:31:20, 물론 일부가 전체를 대변할 수는 없지만 ,1082,3,0,0
2019-01-31 02:31:31.942444,13110604,9,0,2019-01-30 06:31:20, 물론 일부가 전체를 대변할 수는 없지만 ,1083,1,0,0
2019-01-31 03:31:24.300483,13110604,9,0,2019-01-30 06:31:20, 물론 일부가 전체를 대변할 수는 없지만 ,1084,1,0,0
2019-01-31 04:31:29.383402,13110604,9,0,2019-01-30 06:31:20, 물론 일부가 전체를 대변할 수는 없지만 ,1089,5,0,0
2019-01-31 05:31:21.772436,13110604,9,0,2019-01-30 06:31:20, 물론 일부가 전체를 대변할 수는 없지만 ,1091,2,0,0
2019-01-31 06:31:26.932804,13110604,9,0,2019-01-30 06:31:20, 물론 일부가 전체를 대변할 수는 없지만 ,1092,1,0,0
