check_time,id,post_reply,post_symph,post_time,post_title,post_view,post_view_diff,post_reply_diff,post_symph_diff
2019-01-27 07:03:45.158183,13100199,2,0,2019-01-27 06:03:38, (덕주의) 마조히즘이란 말이죠 ,735,735,2,0
2019-01-27 08:03:50.402998,13100199,3,0,2019-01-27 06:03:38, (덕주의) 마조히즘이란 말이죠 ,1429,694,1,0
2019-01-27 09:03:42.440284,13100199,3,0,2019-01-27 06:03:38, (덕주의) 마조히즘이란 말이죠 ,2072,643,0,0
2019-01-27 10:03:47.542327,13100199,3,0,2019-01-27 06:03:38, (덕주의) 마조히즘이란 말이죠 ,2441,369,0,0
2019-01-27 11:03:39.635701,13100199,3,0,2019-01-27 06:03:38, (덕주의) 마조히즘이란 말이죠 ,2657,216,0,0
2019-01-27 12:03:44.645772,13100199,3,0,2019-01-27 06:03:38, (덕주의) 마조히즘이란 말이죠 ,2774,117,0,0
2019-01-27 13:03:49.742921,13100199,3,0,2019-01-27 06:03:38, (덕주의) 마조히즘이란 말이죠 ,2813,39,0,0
2019-01-27 14:03:42.022831,13100199,3,0,2019-01-27 06:03:38, (덕주의) 마조히즘이란 말이죠 ,2835,22,0,0
2019-01-27 15:03:47.076659,13100199,3,0,2019-01-27 06:03:38, (덕주의) 마조히즘이란 말이죠 ,2862,27,0,0
2019-01-27 16:03:39.057259,13100199,3,0,2019-01-27 06:03:38, (덕주의) 마조히즘이란 말이죠 ,2880,18,0,0
2019-01-27 17:03:44.337261,13100199,3,0,2019-01-27 06:03:38, (덕주의) 마조히즘이란 말이죠 ,2891,11,0,0
2019-01-27 18:03:49.479290,13100199,3,0,2019-01-27 06:03:38, (덕주의) 마조히즘이란 말이죠 ,2898,7,0,0
2019-01-27 19:03:41.506418,13100199,3,0,2019-01-27 06:03:38, (덕주의) 마조히즘이란 말이죠 ,2903,5,0,0
2019-01-27 20:03:46.549573,13100199,3,0,2019-01-27 06:03:38, (덕주의) 마조히즘이란 말이죠 ,2909,6,0,0
2019-01-27 21:03:38.615982,13100199,3,0,2019-01-27 06:03:38, (덕주의) 마조히즘이란 말이죠 ,2912,3,0,0
2019-01-27 22:03:43.619869,13100199,3,0,2019-01-27 06:03:38, (덕주의) 마조히즘이란 말이죠 ,2915,3,0,0
2019-01-27 23:03:48.643988,13100199,3,0,2019-01-27 06:03:38, (덕주의) 마조히즘이란 말이죠 ,2922,7,0,0
2019-01-28 00:03:40.706881,13100199,3,0,2019-01-27 06:03:38, (덕주의) 마조히즘이란 말이죠 ,2925,3,0,0
2019-01-28 01:03:45.828108,13100199,3,0,2019-01-27 06:03:38, (덕주의) 마조히즘이란 말이죠 ,2928,3,0,0
2019-01-28 02:03:50.880119,13100199,3,0,2019-01-27 06:03:38, (덕주의) 마조히즘이란 말이죠 ,2930,2,0,0
2019-01-28 03:03:42.911777,13100199,3,0,2019-01-27 06:03:38, (덕주의) 마조히즘이란 말이죠 ,2933,3,0,0
2019-01-28 04:03:47.961632,13100199,3,0,2019-01-27 06:03:38, (덕주의) 마조히즘이란 말이죠 ,2934,1,0,0
2019-01-28 05:03:39.956017,13100199,3,0,2019-01-27 06:03:38, (덕주의) 마조히즘이란 말이죠 ,2935,1,0,0
2019-01-28 06:03:45.161301,13100199,3,0,2019-01-27 06:03:38, (덕주의) 마조히즘이란 말이죠 ,2939,4,0,0
