check_time,id,post_reply,post_symph,post_time,post_title,post_view,post_view_diff,post_reply_diff,post_symph_diff
2019-01-30 07:13:19.787709,13110598,1,0,2019-01-30 06:13:15, 러시아산을 원합니다. ㅠㅠ ,2296,2296,1,0
2019-01-30 08:13:24.866739,13110598,3,0,2019-01-30 06:13:15, 러시아산을 원합니다. ㅠㅠ ,3892,1596,2,0
2019-01-30 09:13:16.931669,13110598,3,0,2019-01-30 06:13:15, 러시아산을 원합니다. ㅠㅠ ,4757,865,0,0
2019-01-30 10:13:22.017053,13110598,3,0,2019-01-30 06:13:15, 러시아산을 원합니다. ㅠㅠ ,5104,347,0,0
2019-01-30 11:13:27.342325,13110598,3,0,2019-01-30 06:13:15, 러시아산을 원합니다. ㅠㅠ ,5220,116,0,0
2019-01-30 12:13:19.346996,13110598,3,0,2019-01-30 06:13:15, 러시아산을 원합니다. ㅠㅠ ,5311,91,0,0
2019-01-30 13:13:24.366679,13110598,3,0,2019-01-30 06:13:15, 러시아산을 원합니다. ㅠㅠ ,5388,77,0,0
2019-01-30 14:13:16.453496,13110598,3,0,2019-01-30 06:13:15, 러시아산을 원합니다. ㅠㅠ ,5429,41,0,0
2019-01-30 15:13:21.703243,13110598,3,0,2019-01-30 06:13:15, 러시아산을 원합니다. ㅠㅠ ,5457,28,0,0
2019-01-30 16:13:27.019637,13110598,3,0,2019-01-30 06:13:15, 러시아산을 원합니다. ㅠㅠ ,5466,9,0,0
2019-01-30 17:13:19.084032,13110598,3,0,2019-01-30 06:13:15, 러시아산을 원합니다. ㅠㅠ ,5474,8,0,0
2019-01-30 18:13:24.244904,13110598,3,0,2019-01-30 06:13:15, 러시아산을 원합니다. ㅠㅠ ,5481,7,0,0
2019-01-30 19:13:16.339438,13110598,3,0,2019-01-30 06:13:15, 러시아산을 원합니다. ㅠㅠ ,5492,11,0,0
2019-01-30 20:13:21.393645,13110598,3,0,2019-01-30 06:13:15, 러시아산을 원합니다. ㅠㅠ ,5497,5,0,0
2019-01-30 21:13:26.456647,13110598,3,0,2019-01-30 06:13:15, 러시아산을 원합니다. ㅠㅠ ,5501,4,0,0
2019-01-30 22:13:18.693870,13110598,3,0,2019-01-30 06:13:15, 러시아산을 원합니다. ㅠㅠ ,5504,3,0,0
2019-01-30 23:13:23.867246,13110598,3,0,2019-01-30 06:13:15, 러시아산을 원합니다. ㅠㅠ ,5506,2,0,0
2019-01-31 00:13:16.043907,13110598,3,0,2019-01-30 06:13:15, 러시아산을 원합니다. ㅠㅠ ,5510,4,0,0
2019-01-31 01:13:21.127807,13110598,3,0,2019-01-30 06:13:15, 러시아산을 원합니다. ㅠㅠ ,5514,4,0,0
2019-01-31 02:13:26.274360,13110598,3,0,2019-01-30 06:13:15, 러시아산을 원합니다. ㅠㅠ ,5515,1,0,0
2019-01-31 03:13:18.337619,13110598,3,0,2019-01-30 06:13:15, 러시아산을 원합니다. ㅠㅠ ,5515,0,0,0
2019-01-31 04:13:23.446524,13110598,3,0,2019-01-30 06:13:15, 러시아산을 원합니다. ㅠㅠ ,5517,2,0,0
2019-01-31 05:13:15.551106,13110598,3,0,2019-01-30 06:13:15, 러시아산을 원합니다. ㅠㅠ ,5519,2,0,0
2019-01-31 06:13:20.666805,13110598,3,0,2019-01-30 06:13:15, 러시아산을 원합니다. ㅠㅠ ,5519,0,0,0
