check_time,id,post_reply,post_symph,post_time,post_title,post_view,post_view_diff,post_reply_diff,post_symph_diff
2019-01-24 07:55:43.953458,13087828,3,0,2019-01-24 06:55:34, 헐.... 양승태 구속이라니.... ,2115,2115,3,0
2019-01-24 08:55:35.979928,13087828,4,0,2019-01-24 06:55:34, 헐.... 양승태 구속이라니.... ,2669,554,1,0
2019-01-24 09:55:40.971393,13087828,4,0,2019-01-24 06:55:34, 헐.... 양승태 구속이라니.... ,2784,115,0,0
2019-01-24 10:55:46.353010,13087828,4,0,2019-01-24 06:55:34, 헐.... 양승태 구속이라니.... ,2813,29,0,0
2019-01-24 11:55:38.378721,13087828,4,0,2019-01-24 06:55:34, 헐.... 양승태 구속이라니.... ,2830,17,0,0
2019-01-24 12:55:43.463051,13087828,4,0,2019-01-24 06:55:34, 헐.... 양승태 구속이라니.... ,2839,9,0,0
2019-01-24 13:55:35.449355,13087828,4,0,2019-01-24 06:55:34, 헐.... 양승태 구속이라니.... ,2843,4,0,0
2019-01-24 14:55:40.429890,13087828,4,0,2019-01-24 06:55:34, 헐.... 양승태 구속이라니.... ,2849,6,0,0
2019-01-24 15:55:45.501808,13087828,4,0,2019-01-24 06:55:34, 헐.... 양승태 구속이라니.... ,2855,6,0,0
2019-01-24 16:55:37.636333,13087828,4,0,2019-01-24 06:55:34, 헐.... 양승태 구속이라니.... ,2856,1,0,0
2019-01-24 17:55:42.811787,13087828,4,0,2019-01-24 06:55:34, 헐.... 양승태 구속이라니.... ,2858,2,0,0
2019-01-24 18:55:34.883817,13087828,4,0,2019-01-24 06:55:34, 헐.... 양승태 구속이라니.... ,2864,6,0,0
2019-01-24 19:55:40.085811,13087828,4,0,2019-01-24 06:55:34, 헐.... 양승태 구속이라니.... ,2868,4,0,0
2019-01-24 20:55:45.123862,13087828,4,0,2019-01-24 06:55:34, 헐.... 양승태 구속이라니.... ,2874,6,0,0
2019-01-24 21:55:37.098345,13087828,4,0,2019-01-24 06:55:34, 헐.... 양승태 구속이라니.... ,2875,1,0,0
2019-01-24 22:55:42.111216,13087828,4,0,2019-01-24 06:55:34, 헐.... 양승태 구속이라니.... ,2879,4,0,0
2019-01-24 23:55:34.110822,13087828,4,0,2019-01-24 06:55:34, 헐.... 양승태 구속이라니.... ,2879,0,0,0
2019-01-25 00:55:39.124069,13087828,4,0,2019-01-24 06:55:34, 헐.... 양승태 구속이라니.... ,2881,2,0,0
2019-01-25 01:55:44.111440,13087828,4,0,2019-01-24 06:55:34, 헐.... 양승태 구속이라니.... ,2884,3,0,0
2019-01-25 02:55:36.085070,13087828,4,0,2019-01-24 06:55:34, 헐.... 양승태 구속이라니.... ,2886,2,0,0
2019-01-25 03:55:41.204443,13087828,4,0,2019-01-24 06:55:34, 헐.... 양승태 구속이라니.... ,2887,1,0,0
2019-01-25 04:55:46.217731,13087828,4,0,2019-01-24 06:55:34, 헐.... 양승태 구속이라니.... ,2890,3,0,0
2019-01-25 05:55:38.288704,13087828,4,0,2019-01-24 06:55:34, 헐.... 양승태 구속이라니.... ,2891,1,0,0
2019-01-25 06:55:43.385221,13087828,4,0,2019-01-24 06:55:34, 헐.... 양승태 구속이라니.... ,2894,3,0,0
