check_time,id,post_reply,post_symph,post_time,post_title,post_view,post_view_diff,post_reply_diff,post_symph_diff
2019-01-29 07:02:53.314412,13107005,10,3,2019-01-29 06:02:41, 피자배달알바 이야기 ,1110,1110,10,3
2019-01-29 08:02:45.473428,13107005,21,15,2019-01-29 06:02:41, 피자배달알바 이야기 ,2543,1433,11,12
2019-01-29 09:02:50.911586,13107005,23,21,2019-01-29 06:02:41, 피자배달알바 이야기 ,3649,1106,2,6
2019-01-29 10:02:43.072847,13107005,26,27,2019-01-29 06:02:41, 피자배달알바 이야기 ,4289,640,3,6
2019-01-29 11:02:48.199052,13107005,27,33,2019-01-29 06:02:41, 피자배달알바 이야기 ,4695,406,1,6
2019-01-29 12:02:53.396244,13107005,35,37,2019-01-29 06:02:41, 피자배달알바 이야기 ,5422,727,8,4
2019-01-29 13:02:45.939699,13107005,37,41,2019-01-29 06:02:41, 피자배달알바 이야기 ,6420,998,2,4
2019-01-29 14:02:51.053971,13107005,40,51,2019-01-29 06:02:41, 피자배달알바 이야기 ,7916,1496,3,10
2019-01-29 15:02:43.125546,13107005,43,69,2019-01-29 06:02:41, 피자배달알바 이야기 ,10709,2793,3,18
2019-01-29 16:02:48.242988,13107005,50,80,2019-01-29 06:02:41, 피자배달알바 이야기 ,13089,2380,7,11
2019-01-29 17:02:53.335788,13107005,54,91,2019-01-29 06:02:41, 피자배달알바 이야기 ,15240,2151,4,11
2019-01-29 18:02:45.587006,13107005,57,95,2019-01-29 06:02:41, 피자배달알바 이야기 ,17260,2020,3,4
2019-01-29 19:02:50.873704,13107005,58,96,2019-01-29 06:02:41, 피자배달알바 이야기 ,17395,135,1,1
2019-01-29 20:02:43.002058,13107005,58,96,2019-01-29 06:02:41, 피자배달알바 이야기 ,17443,48,0,0
2019-01-29 21:02:48.101453,13107005,58,96,2019-01-29 06:02:41, 피자배달알바 이야기 ,17492,49,0,0
2019-01-29 22:02:53.179398,13107005,58,96,2019-01-29 06:02:41, 피자배달알바 이야기 ,17541,49,0,0
2019-01-29 23:02:45.204597,13107005,58,96,2019-01-29 06:02:41, 피자배달알바 이야기 ,17589,48,0,0
2019-01-30 00:02:51.367249,13107005,58,96,2019-01-29 06:02:41, 피자배달알바 이야기 ,17630,41,0,0
2019-01-30 01:02:43.533897,13107005,58,96,2019-01-29 06:02:41, 피자배달알바 이야기 ,17659,29,0,0
2019-01-30 02:02:48.731462,13107005,58,97,2019-01-29 06:02:41, 피자배달알바 이야기 ,17690,31,0,1
2019-01-30 03:02:53.909854,13107005,58,97,2019-01-29 06:02:41, 피자배달알바 이야기 ,17698,8,0,0
2019-01-30 04:02:46.459370,13107005,58,97,2019-01-29 06:02:41, 피자배달알바 이야기 ,17702,4,0,0
2019-01-30 05:02:51.803531,13107005,58,97,2019-01-29 06:02:41, 피자배달알바 이야기 ,17709,7,0,0
2019-01-30 06:02:43.876357,13107005,58,97,2019-01-29 06:02:41, 피자배달알바 이야기 ,17713,4,0,0
