check_time,id,post_reply,post_symph,post_time,post_title,post_view,post_view_diff,post_reply_diff,post_symph_diff
2019-01-29 07:44:09.641021,13107016,16,6,2019-01-29 06:44:05, 번아웃 된것 같은데 미치겠네요 ,3538,3538,16,6
2019-01-29 08:44:14.681659,13107016,19,14,2019-01-29 06:44:05, 번아웃 된것 같은데 미치겠네요 ,6052,2514,3,8
2019-01-29 09:44:06.801683,13107016,21,17,2019-01-29 06:44:05, 번아웃 된것 같은데 미치겠네요 ,7443,1391,2,3
2019-01-29 10:44:11.940025,13107016,23,18,2019-01-29 06:44:05, 번아웃 된것 같은데 미치겠네요 ,8111,668,2,1
2019-01-29 11:44:17.073707,13107016,32,29,2019-01-29 06:44:05, 번아웃 된것 같은데 미치겠네요 ,9613,1502,9,11
2019-01-29 12:44:09.279693,13107016,39,36,2019-01-29 06:44:05, 번아웃 된것 같은데 미치겠네요 ,11432,1819,7,7
2019-01-29 13:44:14.552887,13107016,46,48,2019-01-29 06:44:05, 번아웃 된것 같은데 미치겠네요 ,15596,4164,7,12
2019-01-29 14:44:12.074213,13107016,54,55,2019-01-29 06:44:05, 번아웃 된것 같은데 미치겠네요 ,18684,3088,8,7
2019-01-29 15:44:17.077014,13107016,58,59,2019-01-29 06:44:05, 번아웃 된것 같은데 미치겠네요 ,21307,2623,4,4
2019-01-29 16:44:09.121019,13107016,62,68,2019-01-29 06:44:05, 번아웃 된것 같은데 미치겠네요 ,23746,2439,4,9
2019-01-29 17:44:14.192419,13107016,65,72,2019-01-29 06:44:05, 번아웃 된것 같은데 미치겠네요 ,25984,2238,3,4
2019-01-29 18:44:06.249536,13107016,70,77,2019-01-29 06:44:05, 번아웃 된것 같은데 미치겠네요 ,28321,2337,5,5
2019-01-29 19:44:11.585074,13107016,70,78,2019-01-29 06:44:05, 번아웃 된것 같은데 미치겠네요 ,28479,158,0,1
2019-01-29 20:44:16.715821,13107016,70,78,2019-01-29 06:44:05, 번아웃 된것 같은데 미치겠네요 ,28547,68,0,0
2019-01-29 21:44:08.845748,13107016,70,78,2019-01-29 06:44:05, 번아웃 된것 같은데 미치겠네요 ,28622,75,0,0
2019-01-29 22:44:14.190429,13107016,70,78,2019-01-29 06:44:05, 번아웃 된것 같은데 미치겠네요 ,28682,60,0,0
2019-01-29 23:44:06.853536,13107016,71,79,2019-01-29 06:44:05, 번아웃 된것 같은데 미치겠네요 ,28745,63,1,1
2019-01-30 00:44:11.859999,13107016,71,79,2019-01-29 06:44:05, 번아웃 된것 같은데 미치겠네요 ,28807,62,0,0
2019-01-30 01:44:16.974308,13107016,71,79,2019-01-29 06:44:05, 번아웃 된것 같은데 미치겠네요 ,28850,43,0,0
2019-01-30 02:44:09.210448,13107016,71,80,2019-01-29 06:44:05, 번아웃 된것 같은데 미치겠네요 ,28878,28,0,1
2019-01-30 03:44:14.300635,13107016,71,80,2019-01-29 06:44:05, 번아웃 된것 같은데 미치겠네요 ,28886,8,0,0
2019-01-30 04:44:06.530450,13107016,71,80,2019-01-29 06:44:05, 번아웃 된것 같은데 미치겠네요 ,28897,11,0,0
2019-01-30 05:44:13.330070,13107016,71,80,2019-01-29 06:44:05, 번아웃 된것 같은데 미치겠네요 ,28905,8,0,0
2019-01-30 06:44:05.387995,13107016,71,80,2019-01-29 06:44:05, 번아웃 된것 같은데 미치겠네요 ,28931,26,0,0
