check_time,id,post_reply,post_symph,post_time,post_title,post_view,post_view_diff,post_reply_diff,post_symph_diff
2019-01-24 13:01:58.618575,13088931,9,0,2019-01-24 12:01:48, 뒷모습 완전 쥐 같지 않나요ㅠㅠㅠㅠ ,1211,1211,9,0
2019-01-24 14:01:50.706292,13088931,9,0,2019-01-24 12:01:48, 뒷모습 완전 쥐 같지 않나요ㅠㅠㅠㅠ ,1324,113,0,0
2019-01-24 15:01:55.765046,13088931,9,0,2019-01-24 12:01:48, 뒷모습 완전 쥐 같지 않나요ㅠㅠㅠㅠ ,1355,31,0,0
2019-01-24 16:02:00.824100,13088931,9,0,2019-01-24 12:01:48, 뒷모습 완전 쥐 같지 않나요ㅠㅠㅠㅠ ,1365,10,0,0
2019-01-24 17:01:52.860605,13088931,9,0,2019-01-24 12:01:48, 뒷모습 완전 쥐 같지 않나요ㅠㅠㅠㅠ ,1368,3,0,0
2019-01-24 18:01:57.953117,13088931,9,0,2019-01-24 12:01:48, 뒷모습 완전 쥐 같지 않나요ㅠㅠㅠㅠ ,1373,5,0,0
2019-01-24 19:01:49.987099,13088931,9,0,2019-01-24 12:01:48, 뒷모습 완전 쥐 같지 않나요ㅠㅠㅠㅠ ,1377,4,0,0
2019-01-24 20:01:55.029625,13088931,9,0,2019-01-24 12:01:48, 뒷모습 완전 쥐 같지 않나요ㅠㅠㅠㅠ ,1380,3,0,0
2019-01-24 21:02:00.067981,13088931,9,0,2019-01-24 12:01:48, 뒷모습 완전 쥐 같지 않나요ㅠㅠㅠㅠ ,1389,9,0,0
2019-01-24 22:01:52.862085,13088931,9,0,2019-01-24 12:01:48, 뒷모습 완전 쥐 같지 않나요ㅠㅠㅠㅠ ,1392,3,0,0
2019-01-24 23:01:59.549241,13088931,9,0,2019-01-24 12:01:48, 뒷모습 완전 쥐 같지 않나요ㅠㅠㅠㅠ ,1395,3,0,0
2019-01-25 00:01:52.054714,13088931,9,0,2019-01-24 12:01:48, 뒷모습 완전 쥐 같지 않나요ㅠㅠㅠㅠ ,1396,1,0,0
2019-01-25 01:01:57.508345,13088931,9,0,2019-01-24 12:01:48, 뒷모습 완전 쥐 같지 않나요ㅠㅠㅠㅠ ,1398,2,0,0
2019-01-25 02:01:49.816816,13088931,9,0,2019-01-24 12:01:48, 뒷모습 완전 쥐 같지 않나요ㅠㅠㅠㅠ ,1401,3,0,0
2019-01-25 03:01:55.068719,13088931,9,0,2019-01-24 12:01:48, 뒷모습 완전 쥐 같지 않나요ㅠㅠㅠㅠ ,1404,3,0,0
2019-01-25 04:02:00.258963,13088931,9,0,2019-01-24 12:01:48, 뒷모습 완전 쥐 같지 않나요ㅠㅠㅠㅠ ,1407,3,0,0
2019-01-25 05:01:52.315232,13088931,9,0,2019-01-24 12:01:48, 뒷모습 완전 쥐 같지 않나요ㅠㅠㅠㅠ ,1409,2,0,0
2019-01-25 06:01:57.478706,13088931,9,0,2019-01-24 12:01:48, 뒷모습 완전 쥐 같지 않나요ㅠㅠㅠㅠ ,1411,2,0,0
2019-01-25 07:01:49.615914,13088931,9,0,2019-01-24 12:01:48, 뒷모습 완전 쥐 같지 않나요ㅠㅠㅠㅠ ,1413,2,0,0
2019-01-25 08:01:54.656266,13088931,9,0,2019-01-24 12:01:48, 뒷모습 완전 쥐 같지 않나요ㅠㅠㅠㅠ ,1416,3,0,0
2019-01-25 09:01:59.719300,13088931,9,0,2019-01-24 12:01:48, 뒷모습 완전 쥐 같지 않나요ㅠㅠㅠㅠ ,1418,2,0,0
2019-01-25 10:01:51.747808,13088931,9,0,2019-01-24 12:01:48, 뒷모습 완전 쥐 같지 않나요ㅠㅠㅠㅠ ,1419,1,0,0
2019-01-25 11:01:56.807271,13088931,9,0,2019-01-24 12:01:48, 뒷모습 완전 쥐 같지 않나요ㅠㅠㅠㅠ ,1421,2,0,0
2019-01-25 12:01:48.860280,13088931,9,0,2019-01-24 12:01:48, 뒷모습 완전 쥐 같지 않나요ㅠㅠㅠㅠ ,1421,0,0,0
