check_time,id,post_reply,post_symph,post_time,post_title,post_view,post_view_diff,post_reply_diff,post_symph_diff
2019-01-24 13:11:52.075287,13088981,5,0,2019-01-24 12:11:43, ???: 감사합니다.jpg ,1413,1413,5,0
2019-01-24 14:11:44.246275,13088981,5,0,2019-01-24 12:11:43, ???: 감사합니다.jpg ,1540,127,0,0
2019-01-24 15:11:49.287685,13088981,5,0,2019-01-24 12:11:43, ???: 감사합니다.jpg ,1573,33,0,0
2019-01-24 16:11:54.373551,13088981,5,0,2019-01-24 12:11:43, ???: 감사합니다.jpg ,1585,12,0,0
2019-01-24 17:11:46.486128,13088981,5,0,2019-01-24 12:11:43, ???: 감사합니다.jpg ,1590,5,0,0
2019-01-24 18:11:51.576028,13088981,5,0,2019-01-24 12:11:43, ???: 감사합니다.jpg ,1597,7,0,0
2019-01-24 19:11:43.599509,13088981,5,0,2019-01-24 12:11:43, ???: 감사합니다.jpg ,1602,5,0,0
2019-01-24 20:11:48.716841,13088981,5,0,2019-01-24 12:11:43, ???: 감사합니다.jpg ,1606,4,0,0
2019-01-24 21:11:53.873382,13088981,5,0,2019-01-24 12:11:43, ???: 감사합니다.jpg ,1611,5,0,0
2019-01-24 22:11:45.890433,13088981,5,0,2019-01-24 12:11:43, ???: 감사합니다.jpg ,1616,5,0,0
2019-01-24 23:11:50.925519,13088981,5,0,2019-01-24 12:11:43, ???: 감사합니다.jpg ,1618,2,0,0
2019-01-25 00:11:43.140186,13088981,5,0,2019-01-24 12:11:43, ???: 감사합니다.jpg ,1620,2,0,0
2019-01-25 01:11:48.172568,13088981,5,0,2019-01-24 12:11:43, ???: 감사합니다.jpg ,1623,3,0,0
2019-01-25 02:11:53.238719,13088981,5,0,2019-01-24 12:11:43, ???: 감사합니다.jpg ,1625,2,0,0
2019-01-25 03:11:45.288992,13088981,5,0,2019-01-24 12:11:43, ???: 감사합니다.jpg ,1626,1,0,0
2019-01-25 04:11:50.320521,13088981,5,0,2019-01-24 12:11:43, ???: 감사합니다.jpg ,1627,1,0,0
2019-01-25 05:11:55.386817,13088981,5,0,2019-01-24 12:11:43, ???: 감사합니다.jpg ,1628,1,0,0
2019-01-25 06:11:47.427644,13088981,5,0,2019-01-24 12:11:43, ???: 감사합니다.jpg ,1629,1,0,0
2019-01-25 07:11:52.452961,13088981,5,0,2019-01-24 12:11:43, ???: 감사합니다.jpg ,1631,2,0,0
2019-01-25 08:11:44.506034,13088981,5,0,2019-01-24 12:11:43, ???: 감사합니다.jpg ,1633,2,0,0
2019-01-25 09:11:49.579554,13088981,5,0,2019-01-24 12:11:43, ???: 감사합니다.jpg ,1635,2,0,0
2019-01-25 10:11:54.594660,13088981,5,0,2019-01-24 12:11:43, ???: 감사합니다.jpg ,1636,1,0,0
2019-01-25 11:11:46.765829,13088981,5,0,2019-01-24 12:11:43, ???: 감사합니다.jpg ,1637,1,0,0
2019-01-25 12:11:51.812028,13088981,5,0,2019-01-24 12:11:43, ???: 감사합니다.jpg ,1639,2,0,0
