check_time,id,post_reply,post_symph,post_time,post_title,post_view,post_view_diff,post_reply_diff,post_symph_diff
2019-01-29 13:47:37.072417,13107989,3,0,2019-01-29 12:47:25, 예전에 사촌동생이 아이폰 팔고.. 블베를 사용하더군요... ,646,646,3,0
2019-01-29 14:47:32.512363,13107989,3,0,2019-01-29 12:47:25, 예전에 사촌동생이 아이폰 팔고.. 블베를 사용하더군요... ,719,73,0,0
2019-01-29 15:47:37.542465,13107989,3,0,2019-01-29 12:47:25, 예전에 사촌동생이 아이폰 팔고.. 블베를 사용하더군요... ,748,29,0,0
2019-01-29 16:47:29.792115,13107989,3,0,2019-01-29 12:47:25, 예전에 사촌동생이 아이폰 팔고.. 블베를 사용하더군요... ,774,26,0,0
2019-01-29 17:47:34.833016,13107989,3,0,2019-01-29 12:47:25, 예전에 사촌동생이 아이폰 팔고.. 블베를 사용하더군요... ,790,16,0,0
2019-01-29 18:47:26.906222,13107989,3,0,2019-01-29 12:47:25, 예전에 사촌동생이 아이폰 팔고.. 블베를 사용하더군요... ,795,5,0,0
2019-01-29 19:47:31.958978,13107989,3,0,2019-01-29 12:47:25, 예전에 사촌동생이 아이폰 팔고.. 블베를 사용하더군요... ,802,7,0,0
2019-01-29 20:47:37.046204,13107989,3,0,2019-01-29 12:47:25, 예전에 사촌동생이 아이폰 팔고.. 블베를 사용하더군요... ,806,4,0,0
2019-01-29 21:47:29.070717,13107989,3,0,2019-01-29 12:47:25, 예전에 사촌동생이 아이폰 팔고.. 블베를 사용하더군요... ,813,7,0,0
2019-01-29 22:47:34.289720,13107989,3,0,2019-01-29 12:47:25, 예전에 사촌동생이 아이폰 팔고.. 블베를 사용하더군요... ,819,6,0,0
2019-01-29 23:47:26.320486,13107989,3,0,2019-01-29 12:47:25, 예전에 사촌동생이 아이폰 팔고.. 블베를 사용하더군요... ,827,8,0,0
2019-01-30 00:47:31.386905,13107989,3,0,2019-01-29 12:47:25, 예전에 사촌동생이 아이폰 팔고.. 블베를 사용하더군요... ,831,4,0,0
2019-01-30 01:47:36.623501,13107989,3,0,2019-01-29 12:47:25, 예전에 사촌동생이 아이폰 팔고.. 블베를 사용하더군요... ,834,3,0,0
2019-01-30 02:47:28.658760,13107989,3,0,2019-01-29 12:47:25, 예전에 사촌동생이 아이폰 팔고.. 블베를 사용하더군요... ,839,5,0,0
2019-01-30 03:47:33.655168,13107989,3,0,2019-01-29 12:47:25, 예전에 사촌동생이 아이폰 팔고.. 블베를 사용하더군요... ,842,3,0,0
2019-01-30 04:47:25.735158,13107989,3,0,2019-01-29 12:47:25, 예전에 사촌동생이 아이폰 팔고.. 블베를 사용하더군요... ,846,4,0,0
2019-01-30 05:47:30.736064,13107989,3,0,2019-01-29 12:47:25, 예전에 사촌동생이 아이폰 팔고.. 블베를 사용하더군요... ,848,2,0,0
2019-01-30 06:47:35.748921,13107989,3,0,2019-01-29 12:47:25, 예전에 사촌동생이 아이폰 팔고.. 블베를 사용하더군요... ,851,3,0,0
2019-01-30 07:47:28.925555,13107989,3,0,2019-01-29 12:47:25, 예전에 사촌동생이 아이폰 팔고.. 블베를 사용하더군요... ,854,3,0,0
2019-01-30 08:47:34.222621,13107989,3,0,2019-01-29 12:47:25, 예전에 사촌동생이 아이폰 팔고.. 블베를 사용하더군요... ,857,3,0,0
2019-01-30 09:47:26.305845,13107989,3,0,2019-01-29 12:47:25, 예전에 사촌동생이 아이폰 팔고.. 블베를 사용하더군요... ,858,1,0,0
2019-01-30 10:47:33.097013,13107989,3,0,2019-01-29 12:47:25, 예전에 사촌동생이 아이폰 팔고.. 블베를 사용하더군요... ,861,3,0,0
2019-01-30 11:47:25.255722,13107989,3,0,2019-01-29 12:47:25, 예전에 사촌동생이 아이폰 팔고.. 블베를 사용하더군요... ,863,2,0,0
2019-01-30 12:47:30.348366,13107989,3,0,2019-01-29 12:47:25, 예전에 사촌동생이 아이폰 팔고.. 블베를 사용하더군요... ,865,2,0,0
