check_time,id,post_reply,post_symph,post_time,post_title,post_view,post_view_diff,post_reply_diff,post_symph_diff
2019-01-28 13:01:52.904321,13104017,14,0,2019-01-28 12:01:50, 커세어 키보드는 딜이 올라와도 선뜻 지르지를 못 하겠네여 ㄷㄷㄷㄷㄷ ,691,691,14,0
2019-01-28 14:01:58.168663,13104017,14,0,2019-01-28 12:01:50, 커세어 키보드는 딜이 올라와도 선뜻 지르지를 못 하겠네여 ㄷㄷㄷㄷㄷ ,757,66,0,0
2019-01-28 15:01:50.222595,13104017,14,0,2019-01-28 12:01:50, 커세어 키보드는 딜이 올라와도 선뜻 지르지를 못 하겠네여 ㄷㄷㄷㄷㄷ ,779,22,0,0
2019-01-28 16:01:55.208158,13104017,14,0,2019-01-28 12:01:50, 커세어 키보드는 딜이 올라와도 선뜻 지르지를 못 하겠네여 ㄷㄷㄷㄷㄷ ,789,10,0,0
2019-01-28 17:02:00.232036,13104017,14,0,2019-01-28 12:01:50, 커세어 키보드는 딜이 올라와도 선뜻 지르지를 못 하겠네여 ㄷㄷㄷㄷㄷ ,800,11,0,0
2019-01-28 18:01:52.279057,13104017,14,0,2019-01-28 12:01:50, 커세어 키보드는 딜이 올라와도 선뜻 지르지를 못 하겠네여 ㄷㄷㄷㄷㄷ ,805,5,0,0
2019-01-28 19:01:57.342800,13104017,14,0,2019-01-28 12:01:50, 커세어 키보드는 딜이 올라와도 선뜻 지르지를 못 하겠네여 ㄷㄷㄷㄷㄷ ,807,2,0,0
2019-01-28 20:02:02.390438,13104017,14,0,2019-01-28 12:01:50, 커세어 키보드는 딜이 올라와도 선뜻 지르지를 못 하겠네여 ㄷㄷㄷㄷㄷ ,810,3,0,0
2019-01-28 21:01:54.822254,13104017,14,0,2019-01-28 12:01:50, 커세어 키보드는 딜이 올라와도 선뜻 지르지를 못 하겠네여 ㄷㄷㄷㄷㄷ ,814,4,0,0
2019-01-28 22:01:59.964668,13104017,14,0,2019-01-28 12:01:50, 커세어 키보드는 딜이 올라와도 선뜻 지르지를 못 하겠네여 ㄷㄷㄷㄷㄷ ,816,2,0,0
2019-01-28 23:01:52.078913,13104017,14,0,2019-01-28 12:01:50, 커세어 키보드는 딜이 올라와도 선뜻 지르지를 못 하겠네여 ㄷㄷㄷㄷㄷ ,818,2,0,0
2019-01-29 00:01:57.119294,13104017,14,0,2019-01-28 12:01:50, 커세어 키보드는 딜이 올라와도 선뜻 지르지를 못 하겠네여 ㄷㄷㄷㄷㄷ ,820,2,0,0
2019-01-29 01:02:02.310784,13104017,14,0,2019-01-28 12:01:50, 커세어 키보드는 딜이 올라와도 선뜻 지르지를 못 하겠네여 ㄷㄷㄷㄷㄷ ,824,4,0,0
2019-01-29 02:01:54.605790,13104017,14,0,2019-01-28 12:01:50, 커세어 키보드는 딜이 올라와도 선뜻 지르지를 못 하겠네여 ㄷㄷㄷㄷㄷ ,828,4,0,0
2019-01-29 03:01:59.848254,13104017,14,0,2019-01-28 12:01:50, 커세어 키보드는 딜이 올라와도 선뜻 지르지를 못 하겠네여 ㄷㄷㄷㄷㄷ ,829,1,0,0
2019-01-29 04:01:51.827181,13104017,14,0,2019-01-28 12:01:50, 커세어 키보드는 딜이 올라와도 선뜻 지르지를 못 하겠네여 ㄷㄷㄷㄷㄷ ,831,2,0,0
2019-01-29 05:01:56.949528,13104017,14,0,2019-01-28 12:01:50, 커세어 키보드는 딜이 올라와도 선뜻 지르지를 못 하겠네여 ㄷㄷㄷㄷㄷ ,833,2,0,0
2019-01-29 06:02:02.186947,13104017,14,0,2019-01-28 12:01:50, 커세어 키보드는 딜이 올라와도 선뜻 지르지를 못 하겠네여 ㄷㄷㄷㄷㄷ ,836,3,0,0
2019-01-29 07:01:54.288753,13104017,14,0,2019-01-28 12:01:50, 커세어 키보드는 딜이 올라와도 선뜻 지르지를 못 하겠네여 ㄷㄷㄷㄷㄷ ,838,2,0,0
2019-01-29 08:01:59.408930,13104017,14,0,2019-01-28 12:01:50, 커세어 키보드는 딜이 올라와도 선뜻 지르지를 못 하겠네여 ㄷㄷㄷㄷㄷ ,839,1,0,0
2019-01-29 09:01:51.436521,13104017,14,0,2019-01-28 12:01:50, 커세어 키보드는 딜이 올라와도 선뜻 지르지를 못 하겠네여 ㄷㄷㄷㄷㄷ ,841,2,0,0
2019-01-29 10:01:56.510052,13104017,14,0,2019-01-28 12:01:50, 커세어 키보드는 딜이 올라와도 선뜻 지르지를 못 하겠네여 ㄷㄷㄷㄷㄷ ,842,1,0,0
2019-01-29 11:02:01.534955,13104017,14,0,2019-01-28 12:01:50, 커세어 키보드는 딜이 올라와도 선뜻 지르지를 못 하겠네여 ㄷㄷㄷㄷㄷ ,843,1,0,0
2019-01-29 12:01:53.517665,13104017,14,0,2019-01-28 12:01:50, 커세어 키보드는 딜이 올라와도 선뜻 지르지를 못 하겠네여 ㄷㄷㄷㄷㄷ ,844,1,0,0
