check_time,id,post_reply,post_symph,post_time,post_title,post_view,post_view_diff,post_reply_diff,post_symph_diff
2019-01-28 13:21:53.583805,13104092,38,1,2019-01-28 12:21:47, 제가 생각하는 최고의 삼국지 .jpg ,3739,3739,38,1
2019-01-28 14:21:58.557104,13104092,38,1,2019-01-28 12:21:47, 제가 생각하는 최고의 삼국지 .jpg ,4326,587,0,0
2019-01-28 15:21:50.650037,13104092,38,1,2019-01-28 12:21:47, 제가 생각하는 최고의 삼국지 .jpg ,4532,206,0,0
2019-01-28 16:21:55.753175,13104092,38,1,2019-01-28 12:21:47, 제가 생각하는 최고의 삼국지 .jpg ,4664,132,0,0
2019-01-28 17:21:48.561105,13104092,38,1,2019-01-28 12:21:47, 제가 생각하는 최고의 삼국지 .jpg ,4779,115,0,0
2019-01-28 18:21:53.745735,13104092,38,1,2019-01-28 12:21:47, 제가 생각하는 최고의 삼국지 .jpg ,4874,95,0,0
2019-01-28 19:21:58.799245,13104092,38,1,2019-01-28 12:21:47, 제가 생각하는 최고의 삼국지 .jpg ,4936,62,0,0
2019-01-28 20:21:51.221594,13104092,40,1,2019-01-28 12:21:47, 제가 생각하는 최고의 삼국지 .jpg ,4968,32,2,0
2019-01-28 21:21:56.257062,13104092,40,1,2019-01-28 12:21:47, 제가 생각하는 최고의 삼국지 .jpg ,4991,23,0,0
2019-01-28 22:21:48.372146,13104092,40,1,2019-01-28 12:21:47, 제가 생각하는 최고의 삼국지 .jpg ,5006,15,0,0
2019-01-28 23:21:53.647176,13104092,40,1,2019-01-28 12:21:47, 제가 생각하는 최고의 삼국지 .jpg ,5018,12,0,0
2019-01-29 00:21:58.681934,13104092,40,1,2019-01-28 12:21:47, 제가 생각하는 최고의 삼국지 .jpg ,5025,7,0,0
2019-01-29 01:21:50.809354,13104092,40,1,2019-01-28 12:21:47, 제가 생각하는 최고의 삼국지 .jpg ,5033,8,0,0
2019-01-29 02:21:55.862306,13104092,40,1,2019-01-28 12:21:47, 제가 생각하는 최고의 삼국지 .jpg ,5036,3,0,0
2019-01-29 03:21:47.811394,13104092,40,1,2019-01-28 12:21:47, 제가 생각하는 최고의 삼국지 .jpg ,5041,5,0,0
2019-01-29 04:21:52.882379,13104092,40,1,2019-01-28 12:21:47, 제가 생각하는 최고의 삼국지 .jpg ,5044,3,0,0
2019-01-29 05:21:57.881966,13104092,40,1,2019-01-28 12:21:47, 제가 생각하는 최고의 삼국지 .jpg ,5049,5,0,0
2019-01-29 06:21:50.165167,13104092,40,1,2019-01-28 12:21:47, 제가 생각하는 최고의 삼국지 .jpg ,5050,1,0,0
2019-01-29 07:21:55.254349,13104092,40,1,2019-01-28 12:21:47, 제가 생각하는 최고의 삼국지 .jpg ,5053,3,0,0
2019-01-29 08:21:47.422100,13104092,40,1,2019-01-28 12:21:47, 제가 생각하는 최고의 삼국지 .jpg ,5055,2,0,0
2019-01-29 09:21:52.547859,13104092,40,1,2019-01-28 12:21:47, 제가 생각하는 최고의 삼국지 .jpg ,5059,4,0,0
2019-01-29 10:21:57.777265,13104092,40,1,2019-01-28 12:21:47, 제가 생각하는 최고의 삼국지 .jpg ,5060,1,0,0
2019-01-29 11:21:50.401426,13104092,40,1,2019-01-28 12:21:47, 제가 생각하는 최고의 삼국지 .jpg ,5066,6,0,0
2019-01-29 12:21:55.540347,13104092,40,1,2019-01-28 12:21:47, 제가 생각하는 최고의 삼국지 .jpg ,5071,5,0,0
