check_time,id,post_reply,post_symph,post_time,post_title,post_view,post_view_diff,post_reply_diff,post_symph_diff
2019-01-27 13:37:02.751692,13100817,7,0,2019-01-27 12:36:50, 특촬물 최악의 빌런.gif ,5000,5000,7,0
2019-01-27 14:36:54.966920,13100817,7,0,2019-01-27 12:36:50, 특촬물 최악의 빌런.gif ,6266,1266,0,0
2019-01-27 15:37:00.136932,13100817,7,0,2019-01-27 12:36:50, 특촬물 최악의 빌런.gif ,6979,713,0,0
2019-01-27 16:36:52.320486,13100817,7,0,2019-01-27 12:36:50, 특촬물 최악의 빌런.gif ,7333,354,0,0
2019-01-27 17:36:57.584401,13100817,7,0,2019-01-27 12:36:50, 특촬물 최악의 빌런.gif ,7574,241,0,0
2019-01-27 18:36:50.585242,13100817,7,0,2019-01-27 12:36:50, 특촬물 최악의 빌런.gif ,7736,162,0,0
2019-01-27 19:36:55.646969,13100817,7,0,2019-01-27 12:36:50, 특촬물 최악의 빌런.gif ,7827,91,0,0
2019-01-27 20:37:00.878095,13100817,7,0,2019-01-27 12:36:50, 특촬물 최악의 빌런.gif ,7907,80,0,0
2019-01-27 21:36:53.467861,13100817,7,0,2019-01-27 12:36:50, 특촬물 최악의 빌런.gif ,7977,70,0,0
2019-01-27 22:36:58.901163,13100817,7,0,2019-01-27 12:36:50, 특촬물 최악의 빌런.gif ,8025,48,0,0
2019-01-27 23:36:51.230698,13100817,7,0,2019-01-27 12:36:50, 특촬물 최악의 빌런.gif ,8070,45,0,0
2019-01-28 00:36:56.610797,13100817,7,0,2019-01-27 12:36:50, 특촬물 최악의 빌런.gif ,8094,24,0,0
2019-01-28 01:37:01.615226,13100817,7,0,2019-01-27 12:36:50, 특촬물 최악의 빌런.gif ,8100,6,0,0
2019-01-28 02:36:53.677468,13100817,7,0,2019-01-27 12:36:50, 특촬물 최악의 빌런.gif ,8106,6,0,0
2019-01-28 03:36:58.716850,13100817,7,0,2019-01-27 12:36:50, 특촬물 최악의 빌런.gif ,8115,9,0,0
2019-01-28 04:36:50.833720,13100817,7,0,2019-01-27 12:36:50, 특촬물 최악의 빌런.gif ,8121,6,0,0
2019-01-28 05:36:55.839155,13100817,7,0,2019-01-27 12:36:50, 특촬물 최악의 빌런.gif ,8123,2,0,0
2019-01-28 06:37:00.987341,13100817,7,0,2019-01-27 12:36:50, 특촬물 최악의 빌런.gif ,8125,2,0,0
2019-01-28 07:36:53.294765,13100817,7,0,2019-01-27 12:36:50, 특촬물 최악의 빌런.gif ,8134,9,0,0
2019-01-28 08:36:58.643908,13100817,7,0,2019-01-27 12:36:50, 특촬물 최악의 빌런.gif ,8137,3,0,0
2019-01-28 09:36:50.807252,13100817,7,0,2019-01-27 12:36:50, 특촬물 최악의 빌런.gif ,8141,4,0,0
2019-01-28 10:36:56.113700,13100817,7,0,2019-01-27 12:36:50, 특촬물 최악의 빌런.gif ,8145,4,0,0
2019-01-28 11:37:01.451676,13100817,7,0,2019-01-27 12:36:50, 특촬물 최악의 빌런.gif ,8151,6,0,0
2019-01-28 12:36:53.788062,13100817,7,0,2019-01-27 12:36:50, 특촬물 최악의 빌런.gif ,8156,5,0,0
