check_time,id,post_reply,post_symph,post_time,post_title,post_view,post_view_diff,post_reply_diff,post_symph_diff
2019-01-26 13:16:22.193812,13097652,0,1,2019-01-26 12:16:10, 오랜만에 마시는 모닝 커-피 ,342,342,0,1
2019-01-26 14:16:14.303638,13097652,0,1,2019-01-26 12:16:10, 오랜만에 마시는 모닝 커-피 ,381,39,0,0
2019-01-26 15:16:19.366872,13097652,0,1,2019-01-26 12:16:10, 오랜만에 마시는 모닝 커-피 ,401,20,0,0
2019-01-26 16:16:11.392371,13097652,0,1,2019-01-26 12:16:10, 오랜만에 마시는 모닝 커-피 ,413,12,0,0
2019-01-26 17:16:16.448481,13097652,0,1,2019-01-26 12:16:10, 오랜만에 마시는 모닝 커-피 ,425,12,0,0
2019-01-26 18:16:21.498488,13097652,0,1,2019-01-26 12:16:10, 오랜만에 마시는 모닝 커-피 ,430,5,0,0
2019-01-26 19:16:13.737491,13097652,0,1,2019-01-26 12:16:10, 오랜만에 마시는 모닝 커-피 ,439,9,0,0
2019-01-26 20:16:18.739737,13097652,0,1,2019-01-26 12:16:10, 오랜만에 마시는 모닝 커-피 ,441,2,0,0
2019-01-26 21:16:10.809558,13097652,0,1,2019-01-26 12:16:10, 오랜만에 마시는 모닝 커-피 ,445,4,0,0
2019-01-26 22:16:15.868633,13097652,0,1,2019-01-26 12:16:10, 오랜만에 마시는 모닝 커-피 ,449,4,0,0
2019-01-26 23:16:20.876827,13097652,0,1,2019-01-26 12:16:10, 오랜만에 마시는 모닝 커-피 ,450,1,0,0
2019-01-27 00:16:12.877291,13097652,0,1,2019-01-26 12:16:10, 오랜만에 마시는 모닝 커-피 ,451,1,0,0
2019-01-27 01:16:17.915922,13097652,0,1,2019-01-26 12:16:10, 오랜만에 마시는 모닝 커-피 ,454,3,0,0
2019-01-27 02:16:22.940192,13097652,0,1,2019-01-26 12:16:10, 오랜만에 마시는 모닝 커-피 ,458,4,0,0
2019-01-27 03:16:14.953924,13097652,0,1,2019-01-26 12:16:10, 오랜만에 마시는 모닝 커-피 ,460,2,0,0
2019-01-27 04:16:19.987795,13097652,0,1,2019-01-26 12:16:10, 오랜만에 마시는 모닝 커-피 ,461,1,0,0
2019-01-27 05:16:12.040723,13097652,0,1,2019-01-26 12:16:10, 오랜만에 마시는 모닝 커-피 ,462,1,0,0
2019-01-27 06:16:17.032754,13097652,0,1,2019-01-26 12:16:10, 오랜만에 마시는 모닝 커-피 ,463,1,0,0
2019-01-27 07:16:22.024766,13097652,0,1,2019-01-26 12:16:10, 오랜만에 마시는 모닝 커-피 ,466,3,0,0
2019-01-27 08:16:14.131172,13097652,0,1,2019-01-26 12:16:10, 오랜만에 마시는 모닝 커-피 ,466,0,0,0
2019-01-27 09:16:19.123586,13097652,0,1,2019-01-26 12:16:10, 오랜만에 마시는 모닝 커-피 ,467,1,0,0
2019-01-27 10:16:11.130513,13097652,0,1,2019-01-26 12:16:10, 오랜만에 마시는 모닝 커-피 ,468,1,0,0
2019-01-27 11:16:16.125552,13097652,0,1,2019-01-26 12:16:10, 오랜만에 마시는 모닝 커-피 ,470,2,0,0
2019-01-27 12:16:21.126949,13097652,0,1,2019-01-26 12:16:10, 오랜만에 마시는 모닝 커-피 ,471,1,0,0
