check_time,id,post_reply,post_symph,post_time,post_title,post_view,post_view_diff,post_reply_diff,post_symph_diff
2019-01-29 13:16:40.129654,13107869,4,0,2019-01-29 12:16:37," 그램17, 외부 보호 필름 ",1072,1072,4,0
2019-01-29 14:16:45.404234,13107869,4,0,2019-01-29 12:16:37," 그램17, 외부 보호 필름 ",1183,111,0,0
2019-01-29 15:16:37.673308,13107869,4,0,2019-01-29 12:16:37," 그램17, 외부 보호 필름 ",1217,34,0,0
2019-01-29 16:16:42.818962,13107869,4,0,2019-01-29 12:16:37," 그램17, 외부 보호 필름 ",1240,23,0,0
2019-01-29 17:16:48.123826,13107869,4,0,2019-01-29 12:16:37," 그램17, 외부 보호 필름 ",1260,20,0,0
2019-01-29 18:16:40.324107,13107869,4,0,2019-01-29 12:16:37," 그램17, 외부 보호 필름 ",1270,10,0,0
2019-01-29 19:16:45.471205,13107869,4,0,2019-01-29 12:16:37," 그램17, 외부 보호 필름 ",1274,4,0,0
2019-01-29 20:16:37.578805,13107869,4,0,2019-01-29 12:16:37," 그램17, 외부 보호 필름 ",1283,9,0,0
2019-01-29 21:16:42.709083,13107869,4,0,2019-01-29 12:16:37," 그램17, 외부 보호 필름 ",1288,5,0,0
2019-01-29 22:16:47.866978,13107869,4,0,2019-01-29 12:16:37," 그램17, 외부 보호 필름 ",1294,6,0,0
2019-01-29 23:16:40.007193,13107869,4,0,2019-01-29 12:16:37," 그램17, 외부 보호 필름 ",1299,5,0,0
2019-01-30 00:16:45.160407,13107869,4,0,2019-01-29 12:16:37," 그램17, 외부 보호 필름 ",1302,3,0,0
2019-01-30 01:16:37.242654,13107869,4,0,2019-01-29 12:16:37," 그램17, 외부 보호 필름 ",1307,5,0,0
2019-01-30 02:16:42.401300,13107869,4,0,2019-01-29 12:16:37," 그램17, 외부 보호 필름 ",1310,3,0,0
2019-01-30 03:16:47.475974,13107869,4,0,2019-01-29 12:16:37," 그램17, 외부 보호 필름 ",1313,3,0,0
2019-01-30 04:16:39.584646,13107869,4,0,2019-01-29 12:16:37," 그램17, 외부 보호 필름 ",1318,5,0,0
2019-01-30 05:16:45.546356,13107869,4,0,2019-01-29 12:16:37," 그램17, 외부 보호 필름 ",1320,2,0,0
2019-01-30 06:16:37.664124,13107869,4,0,2019-01-29 12:16:37," 그램17, 외부 보호 필름 ",1321,1,0,0
2019-01-30 07:16:42.668946,13107869,4,0,2019-01-29 12:16:37," 그램17, 외부 보호 필름 ",1324,3,0,0
2019-01-30 08:16:47.723005,13107869,4,0,2019-01-29 12:16:37," 그램17, 외부 보호 필름 ",1328,4,0,0
2019-01-30 09:16:39.987018,13107869,4,0,2019-01-29 12:16:37," 그램17, 외부 보호 필름 ",1332,4,0,0
2019-01-30 10:16:45.058012,13107869,4,0,2019-01-29 12:16:37," 그램17, 외부 보호 필름 ",1338,6,0,0
2019-01-30 11:16:37.131504,13107869,4,0,2019-01-29 12:16:37," 그램17, 외부 보호 필름 ",1342,4,0,0
2019-01-30 12:16:42.244704,13107869,4,0,2019-01-29 12:16:37," 그램17, 외부 보호 필름 ",1345,3,0,0
