check_time,id,post_reply,post_symph,post_time,post_title,post_view,post_view_diff,post_reply_diff,post_symph_diff
2019-01-24 13:27:28.623619,13089039,12,0,2019-01-24 12:27:25, 재미없는글 가져와서 죄송합니다 ㅠㅠ ,577,577,12,0
2019-01-24 14:27:33.748478,13089039,12,0,2019-01-24 12:27:25, 재미없는글 가져와서 죄송합니다 ㅠㅠ ,622,45,0,0
2019-01-24 15:27:25.825044,13089039,12,0,2019-01-24 12:27:25, 재미없는글 가져와서 죄송합니다 ㅠㅠ ,638,16,0,0
2019-01-24 16:27:31.133312,13089039,12,0,2019-01-24 12:27:25, 재미없는글 가져와서 죄송합니다 ㅠㅠ ,640,2,0,0
2019-01-24 17:27:36.300992,13089039,12,0,2019-01-24 12:27:25, 재미없는글 가져와서 죄송합니다 ㅠㅠ ,644,4,0,0
2019-01-24 18:27:28.520879,13089039,12,0,2019-01-24 12:27:25, 재미없는글 가져와서 죄송합니다 ㅠㅠ ,645,1,0,0
2019-01-24 19:27:33.721204,13089039,12,0,2019-01-24 12:27:25, 재미없는글 가져와서 죄송합니다 ㅠㅠ ,652,7,0,0
2019-01-24 20:27:25.874340,13089039,12,0,2019-01-24 12:27:25, 재미없는글 가져와서 죄송합니다 ㅠㅠ ,657,5,0,0
2019-01-24 21:27:30.860078,13089039,12,0,2019-01-24 12:27:25, 재미없는글 가져와서 죄송합니다 ㅠㅠ ,659,2,0,0
2019-01-24 22:27:35.838442,13089039,12,0,2019-01-24 12:27:25, 재미없는글 가져와서 죄송합니다 ㅠㅠ ,661,2,0,0
2019-01-24 23:27:27.926430,13089039,12,0,2019-01-24 12:27:25, 재미없는글 가져와서 죄송합니다 ㅠㅠ ,666,5,0,0
2019-01-25 00:27:32.993570,13089039,12,0,2019-01-24 12:27:25, 재미없는글 가져와서 죄송합니다 ㅠㅠ ,668,2,0,0
2019-01-25 01:27:25.086800,13089039,12,0,2019-01-24 12:27:25, 재미없는글 가져와서 죄송합니다 ㅠㅠ ,672,4,0,0
2019-01-25 02:27:30.263572,13089039,12,0,2019-01-24 12:27:25, 재미없는글 가져와서 죄송합니다 ㅠㅠ ,674,2,0,0
2019-01-25 03:27:35.338599,13089039,12,0,2019-01-24 12:27:25, 재미없는글 가져와서 죄송합니다 ㅠㅠ ,676,2,0,0
2019-01-25 04:27:27.434033,13089039,12,0,2019-01-24 12:27:25, 재미없는글 가져와서 죄송합니다 ㅠㅠ ,677,1,0,0
2019-01-25 05:27:32.648826,13089039,12,0,2019-01-24 12:27:25, 재미없는글 가져와서 죄송합니다 ㅠㅠ ,680,3,0,0
2019-01-25 06:27:37.797513,13089039,12,0,2019-01-24 12:27:25, 재미없는글 가져와서 죄송합니다 ㅠㅠ ,683,3,0,0
2019-01-25 07:27:29.902014,13089039,12,0,2019-01-24 12:27:25, 재미없는글 가져와서 죄송합니다 ㅠㅠ ,685,2,0,0
2019-01-25 08:27:34.914405,13089039,12,0,2019-01-24 12:27:25, 재미없는글 가져와서 죄송합니다 ㅠㅠ ,687,2,0,0
2019-01-25 09:27:26.905212,13089039,12,0,2019-01-24 12:27:25, 재미없는글 가져와서 죄송합니다 ㅠㅠ ,688,1,0,0
2019-01-25 10:27:31.867299,13089039,12,0,2019-01-24 12:27:25, 재미없는글 가져와서 죄송합니다 ㅠㅠ ,690,2,0,0
2019-01-25 11:27:36.931997,13089039,12,0,2019-01-24 12:27:25, 재미없는글 가져와서 죄송합니다 ㅠㅠ ,692,2,0,0
2019-01-25 12:27:29.040088,13089039,12,0,2019-01-24 12:27:25, 재미없는글 가져와서 죄송합니다 ㅠㅠ ,693,1,0,0
