check_time,id,post_reply,post_symph,post_time,post_title,post_view,post_view_diff,post_reply_diff,post_symph_diff
2019-01-28 13:36:49.291525,13104140,6,2,2019-01-28 12:36:41, 저는 바닥에서 잡니다. ,1720,1720,6,2
2019-01-28 14:36:41.398338,13104140,6,2,2019-01-28 12:36:41, 저는 바닥에서 잡니다. ,1886,166,0,0
2019-01-28 15:36:46.439593,13104140,6,2,2019-01-28 12:36:41, 저는 바닥에서 잡니다. ,1928,42,0,0
2019-01-28 16:36:51.485178,13104140,6,2,2019-01-28 12:36:41, 저는 바닥에서 잡니다. ,1957,29,0,0
2019-01-28 17:36:43.588379,13104140,6,2,2019-01-28 12:36:41, 저는 바닥에서 잡니다. ,1975,18,0,0
2019-01-28 18:36:48.688270,13104140,6,2,2019-01-28 12:36:41, 저는 바닥에서 잡니다. ,1991,16,0,0
2019-01-28 19:36:53.750805,13104140,6,2,2019-01-28 12:36:41, 저는 바닥에서 잡니다. ,2002,11,0,0
2019-01-28 20:36:45.822686,13104140,6,2,2019-01-28 12:36:41, 저는 바닥에서 잡니다. ,2010,8,0,0
2019-01-28 21:36:50.990323,13104140,6,2,2019-01-28 12:36:41, 저는 바닥에서 잡니다. ,2016,6,0,0
2019-01-28 22:36:43.100760,13104140,6,2,2019-01-28 12:36:41, 저는 바닥에서 잡니다. ,2020,4,0,0
2019-01-28 23:36:48.189816,13104140,6,2,2019-01-28 12:36:41, 저는 바닥에서 잡니다. ,2021,1,0,0
2019-01-29 00:36:53.204458,13104140,6,2,2019-01-28 12:36:41, 저는 바닥에서 잡니다. ,2026,5,0,0
2019-01-29 01:36:45.269944,13104140,6,2,2019-01-28 12:36:41, 저는 바닥에서 잡니다. ,2029,3,0,0
2019-01-29 02:36:50.328162,13104140,6,2,2019-01-28 12:36:41, 저는 바닥에서 잡니다. ,2034,5,0,0
2019-01-29 03:36:42.622434,13104140,6,2,2019-01-28 12:36:41, 저는 바닥에서 잡니다. ,2038,4,0,0
2019-01-29 04:36:47.712179,13104140,6,2,2019-01-28 12:36:41, 저는 바닥에서 잡니다. ,2039,1,0,0
2019-01-29 05:36:52.946963,13104140,6,2,2019-01-28 12:36:41, 저는 바닥에서 잡니다. ,2044,5,0,0
2019-01-29 06:36:45.259200,13104140,6,2,2019-01-28 12:36:41, 저는 바닥에서 잡니다. ,2045,1,0,0
2019-01-29 07:36:50.374437,13104140,6,2,2019-01-28 12:36:41, 저는 바닥에서 잡니다. ,2047,2,0,0
2019-01-29 08:36:42.447520,13104140,6,2,2019-01-28 12:36:41, 저는 바닥에서 잡니다. ,2049,2,0,0
2019-01-29 09:36:47.509430,13104140,6,2,2019-01-28 12:36:41, 저는 바닥에서 잡니다. ,2052,3,0,0
2019-01-29 10:36:52.626719,13104140,6,2,2019-01-28 12:36:41, 저는 바닥에서 잡니다. ,2053,1,0,0
2019-01-29 11:36:44.734178,13104140,6,2,2019-01-28 12:36:41, 저는 바닥에서 잡니다. ,2054,1,0,0
2019-01-29 12:36:49.997993,13104140,6,2,2019-01-28 12:36:41, 저는 바닥에서 잡니다. ,2056,2,0,0
