check_time,id,post_reply,post_symph,post_time,post_title,post_view,post_view_diff,post_reply_diff,post_symph_diff
2019-01-27 13:56:50.883442,13100858,5,0,2019-01-27 12:56:40, 복숭아 뼈쪽 다리가 간지러운 아내 ,3785,3785,5,0
2019-01-27 14:56:42.930549,13100858,6,0,2019-01-27 12:56:40, 복숭아 뼈쪽 다리가 간지러운 아내 ,4732,947,1,0
2019-01-27 15:56:48.011390,13100858,6,0,2019-01-27 12:56:40, 복숭아 뼈쪽 다리가 간지러운 아내 ,5238,506,0,0
2019-01-27 16:56:40.042606,13100858,6,0,2019-01-27 12:56:40, 복숭아 뼈쪽 다리가 간지러운 아내 ,5512,274,0,0
2019-01-27 17:56:45.311721,13100858,6,0,2019-01-27 12:56:40, 복숭아 뼈쪽 다리가 간지러운 아내 ,5699,187,0,0
2019-01-27 18:56:50.333985,13100858,6,0,2019-01-27 12:56:40, 복숭아 뼈쪽 다리가 간지러운 아내 ,5801,102,0,0
2019-01-27 19:56:42.383810,13100858,6,0,2019-01-27 12:56:40, 복숭아 뼈쪽 다리가 간지러운 아내 ,5890,89,0,0
2019-01-27 20:56:47.393589,13100858,6,0,2019-01-27 12:56:40, 복숭아 뼈쪽 다리가 간지러운 아내 ,5942,52,0,0
2019-01-27 21:56:52.460891,13100858,6,0,2019-01-27 12:56:40, 복숭아 뼈쪽 다리가 간지러운 아내 ,5993,51,0,0
2019-01-27 22:56:44.506983,13100858,6,0,2019-01-27 12:56:40, 복숭아 뼈쪽 다리가 간지러운 아내 ,6039,46,0,0
2019-01-27 23:56:49.551543,13100858,6,0,2019-01-27 12:56:40, 복숭아 뼈쪽 다리가 간지러운 아내 ,6066,27,0,0
2019-01-28 00:56:41.709922,13100858,6,0,2019-01-27 12:56:40, 복숭아 뼈쪽 다리가 간지러운 아내 ,6082,16,0,0
2019-01-28 01:56:47.150555,13100858,6,0,2019-01-27 12:56:40, 복숭아 뼈쪽 다리가 간지러운 아내 ,6091,9,0,0
2019-01-28 02:56:52.136846,13100858,6,0,2019-01-27 12:56:40, 복숭아 뼈쪽 다리가 간지러운 아내 ,6098,7,0,0
2019-01-28 03:56:44.136827,13100858,6,0,2019-01-27 12:56:40, 복숭아 뼈쪽 다리가 간지러운 아내 ,6101,3,0,0
2019-01-28 04:56:49.230945,13100858,6,0,2019-01-27 12:56:40, 복숭아 뼈쪽 다리가 간지러운 아내 ,6104,3,0,0
2019-01-28 05:56:41.241147,13100858,6,0,2019-01-27 12:56:40, 복숭아 뼈쪽 다리가 간지러운 아내 ,6106,2,0,0
2019-01-28 06:56:46.321259,13100858,6,0,2019-01-27 12:56:40, 복숭아 뼈쪽 다리가 간지러운 아내 ,6110,4,0,0
2019-01-28 07:56:51.413928,13100858,6,0,2019-01-27 12:56:40, 복숭아 뼈쪽 다리가 간지러운 아내 ,6120,10,0,0
2019-01-28 08:56:43.400072,13100858,6,0,2019-01-27 12:56:40, 복숭아 뼈쪽 다리가 간지러운 아내 ,6123,3,0,0
2019-01-28 09:56:48.373560,13100858,6,0,2019-01-27 12:56:40, 복숭아 뼈쪽 다리가 간지러운 아내 ,6127,4,0,0
2019-01-28 10:56:40.453056,13100858,6,0,2019-01-27 12:56:40, 복숭아 뼈쪽 다리가 간지러운 아내 ,6132,5,0,0
2019-01-28 11:56:45.456931,13100858,6,0,2019-01-27 12:56:40, 복숭아 뼈쪽 다리가 간지러운 아내 ,6135,3,0,0
2019-01-28 12:56:50.533616,13100858,6,0,2019-01-27 12:56:40, 복숭아 뼈쪽 다리가 간지러운 아내 ,6141,6,0,0
