check_time,id,post_reply,post_symph,post_time,post_title,post_view,post_view_diff,post_reply_diff,post_symph_diff
2019-01-25 13:42:04.219375,13093434,0,0,2019-01-25 12:42:01, 단식 국개의원 나으리들 메뉴 예상 ,437,437,0,0
2019-01-25 14:42:09.773475,13093434,0,0,2019-01-25 12:42:01, 단식 국개의원 나으리들 메뉴 예상 ,461,24,0,0
2019-01-25 15:42:02.068077,13093434,0,0,2019-01-25 12:42:01, 단식 국개의원 나으리들 메뉴 예상 ,467,6,0,0
2019-01-25 16:42:07.192475,13093434,0,0,2019-01-25 12:42:01, 단식 국개의원 나으리들 메뉴 예상 ,470,3,0,0
2019-01-25 17:42:12.862219,13093434,0,0,2019-01-25 12:42:01, 단식 국개의원 나으리들 메뉴 예상 ,475,5,0,0
2019-01-25 18:42:04.982487,13093434,0,0,2019-01-25 12:42:01, 단식 국개의원 나으리들 메뉴 예상 ,477,2,0,0
2019-01-25 19:42:09.999227,13093434,0,0,2019-01-25 12:42:01, 단식 국개의원 나으리들 메뉴 예상 ,479,2,0,0
2019-01-25 20:42:02.059841,13093434,0,0,2019-01-25 12:42:01, 단식 국개의원 나으리들 메뉴 예상 ,481,2,0,0
2019-01-25 21:42:07.431528,13093434,0,0,2019-01-25 12:42:01, 단식 국개의원 나으리들 메뉴 예상 ,483,2,0,0
2019-01-25 22:42:13.214488,13093434,0,0,2019-01-25 12:42:01, 단식 국개의원 나으리들 메뉴 예상 ,485,2,0,0
2019-01-25 23:42:05.879324,13093434,0,0,2019-01-25 12:42:01, 단식 국개의원 나으리들 메뉴 예상 ,486,1,0,0
2019-01-26 00:42:11.338455,13093434,0,0,2019-01-25 12:42:01, 단식 국개의원 나으리들 메뉴 예상 ,488,2,0,0
2019-01-26 01:42:04.480740,13093434,0,0,2019-01-25 12:42:01, 단식 국개의원 나으리들 메뉴 예상 ,489,1,0,0
2019-01-26 02:42:09.644211,13093434,0,0,2019-01-25 12:42:01, 단식 국개의원 나으리들 메뉴 예상 ,491,2,0,0
2019-01-26 03:42:01.725165,13093434,0,0,2019-01-25 12:42:01, 단식 국개의원 나으리들 메뉴 예상 ,493,2,0,0
2019-01-26 04:42:06.884896,13093434,0,0,2019-01-25 12:42:01, 단식 국개의원 나으리들 메뉴 예상 ,494,1,0,0
2019-01-26 05:42:12.009501,13093434,0,0,2019-01-25 12:42:01, 단식 국개의원 나으리들 메뉴 예상 ,495,1,0,0
2019-01-26 06:42:04.137264,13093434,0,0,2019-01-25 12:42:01, 단식 국개의원 나으리들 메뉴 예상 ,497,2,0,0
2019-01-26 07:42:09.236880,13093434,0,0,2019-01-25 12:42:01, 단식 국개의원 나으리들 메뉴 예상 ,498,1,0,0
2019-01-26 08:42:01.688163,13093434,0,0,2019-01-25 12:42:01, 단식 국개의원 나으리들 메뉴 예상 ,499,1,0,0
2019-01-26 09:42:06.827932,13093434,0,0,2019-01-25 12:42:01, 단식 국개의원 나으리들 메뉴 예상 ,500,1,0,0
2019-01-26 10:42:12.001434,13093434,0,0,2019-01-25 12:42:01, 단식 국개의원 나으리들 메뉴 예상 ,501,1,0,0
2019-01-26 11:42:04.088353,13093434,0,0,2019-01-25 12:42:01, 단식 국개의원 나으리들 메뉴 예상 ,503,2,0,0
2019-01-26 12:42:09.181075,13093434,0,0,2019-01-25 12:42:01, 단식 국개의원 나으리들 메뉴 예상 ,504,1,0,0
