check_time,id,post_reply,post_symph,post_time,post_title,post_view,post_view_diff,post_reply_diff,post_symph_diff
2019-01-25 13:02:03.051999,13093249,13,0,2019-01-25 12:02:03, 폴더 디스플레이 폰이 왜 필요한지 모르겠어요. ,491,491,13,0
2019-01-25 14:02:08.966756,13093249,13,0,2019-01-25 12:02:03, 폴더 디스플레이 폰이 왜 필요한지 모르겠어요. ,520,29,0,0
2019-01-25 15:02:14.202801,13093249,13,0,2019-01-25 12:02:03, 폴더 디스플레이 폰이 왜 필요한지 모르겠어요. ,534,14,0,0
2019-01-25 16:02:06.270637,13093249,13,0,2019-01-25 12:02:03, 폴더 디스플레이 폰이 왜 필요한지 모르겠어요. ,542,8,0,0
2019-01-25 17:02:12.052898,13093249,13,0,2019-01-25 12:02:03, 폴더 디스플레이 폰이 왜 필요한지 모르겠어요. ,552,10,0,0
2019-01-25 18:02:04.492138,13093249,13,0,2019-01-25 12:02:03, 폴더 디스플레이 폰이 왜 필요한지 모르겠어요. ,556,4,0,0
2019-01-25 19:02:09.992969,13093249,13,0,2019-01-25 12:02:03, 폴더 디스플레이 폰이 왜 필요한지 모르겠어요. ,560,4,0,0
2019-01-25 20:02:15.123608,13093249,13,0,2019-01-25 12:02:03, 폴더 디스플레이 폰이 왜 필요한지 모르겠어요. ,563,3,0,0
2019-01-25 21:02:07.210319,13093249,13,0,2019-01-25 12:02:03, 폴더 디스플레이 폰이 왜 필요한지 모르겠어요. ,565,2,0,0
2019-01-25 22:02:12.254945,13093249,13,0,2019-01-25 12:02:03, 폴더 디스플레이 폰이 왜 필요한지 모르겠어요. ,571,6,0,0
2019-01-25 23:02:04.239687,13093249,13,0,2019-01-25 12:02:03, 폴더 디스플레이 폰이 왜 필요한지 모르겠어요. ,572,1,0,0
2019-01-26 00:02:09.247206,13093249,13,0,2019-01-25 12:02:03, 폴더 디스플레이 폰이 왜 필요한지 모르겠어요. ,574,2,0,0
2019-01-26 01:02:05.454396,13093249,13,0,2019-01-25 12:02:03, 폴더 디스플레이 폰이 왜 필요한지 모르겠어요. ,576,2,0,0
2019-01-26 02:02:10.798396,13093249,13,0,2019-01-25 12:02:03, 폴더 디스플레이 폰이 왜 필요한지 모르겠어요. ,578,2,0,0
2019-01-26 03:02:03.176168,13093249,13,0,2019-01-25 12:02:03, 폴더 디스플레이 폰이 왜 필요한지 모르겠어요. ,580,2,0,0
2019-01-26 04:02:08.425118,13093249,13,0,2019-01-25 12:02:03, 폴더 디스플레이 폰이 왜 필요한지 모르겠어요. ,581,1,0,0
2019-01-26 05:02:13.582814,13093249,13,0,2019-01-25 12:02:03, 폴더 디스플레이 폰이 왜 필요한지 모르겠어요. ,582,1,0,0
2019-01-26 06:02:05.842018,13093249,13,0,2019-01-25 12:02:03, 폴더 디스플레이 폰이 왜 필요한지 모르겠어요. ,584,2,0,0
2019-01-26 07:02:11.117069,13093249,13,0,2019-01-25 12:02:03, 폴더 디스플레이 폰이 왜 필요한지 모르겠어요. ,585,1,0,0
2019-01-26 08:02:03.294660,13093249,13,0,2019-01-25 12:02:03, 폴더 디스플레이 폰이 왜 필요한지 모르겠어요. ,586,1,0,0
2019-01-26 09:02:08.372811,13093249,13,0,2019-01-25 12:02:03, 폴더 디스플레이 폰이 왜 필요한지 모르겠어요. ,587,1,0,0
2019-01-26 10:02:13.449799,13093249,13,0,2019-01-25 12:02:03, 폴더 디스플레이 폰이 왜 필요한지 모르겠어요. ,590,3,0,0
2019-01-26 11:02:05.519627,13093249,13,0,2019-01-25 12:02:03, 폴더 디스플레이 폰이 왜 필요한지 모르겠어요. ,591,1,0,0
2019-01-26 12:02:11.015352,13093249,13,0,2019-01-25 12:02:03, 폴더 디스플레이 폰이 왜 필요한지 모르겠어요. ,592,1,0,0
