check_time,id,post_reply,post_symph,post_time,post_title,post_view,post_view_diff,post_reply_diff,post_symph_diff
2019-01-25 13:22:29.847040,13093338,23,0,2019-01-25 12:22:21, 샐러드를 먹는데 살이 안 빠져요 ,1359,1359,23,0
2019-01-25 14:22:21.900125,13093338,24,0,2019-01-25 12:22:21, 샐러드를 먹는데 살이 안 빠져요 ,1517,158,1,0
2019-01-25 15:22:27.229801,13093338,24,0,2019-01-25 12:22:21, 샐러드를 먹는데 살이 안 빠져요 ,1602,85,0,0
2019-01-25 16:22:32.320499,13093338,25,0,2019-01-25 12:22:21, 샐러드를 먹는데 살이 안 빠져요 ,1668,66,1,0
2019-01-25 17:22:24.707230,13093338,25,0,2019-01-25 12:22:21, 샐러드를 먹는데 살이 안 빠져요 ,1706,38,0,0
2019-01-25 18:22:31.070559,13093338,25,0,2019-01-25 12:22:21, 샐러드를 먹는데 살이 안 빠져요 ,1744,38,0,0
2019-01-25 19:22:23.176451,13093338,25,0,2019-01-25 12:22:21, 샐러드를 먹는데 살이 안 빠져요 ,1770,26,0,0
2019-01-25 20:22:28.216423,13093338,25,0,2019-01-25 12:22:21, 샐러드를 먹는데 살이 안 빠져요 ,1785,15,0,0
2019-01-25 21:22:33.255846,13093338,25,0,2019-01-25 12:22:21, 샐러드를 먹는데 살이 안 빠져요 ,1796,11,0,0
2019-01-25 22:22:25.640537,13093338,25,0,2019-01-25 12:22:21, 샐러드를 먹는데 살이 안 빠져요 ,1807,11,0,0
2019-01-25 23:22:30.718851,13093338,25,0,2019-01-25 12:22:21, 샐러드를 먹는데 살이 안 빠져요 ,1809,2,0,0
2019-01-26 00:22:23.097074,13093338,25,0,2019-01-25 12:22:21, 샐러드를 먹는데 살이 안 빠져요 ,1812,3,0,0
2019-01-26 01:22:28.387263,13093338,25,0,2019-01-25 12:22:21, 샐러드를 먹는데 살이 안 빠져요 ,1816,4,0,0
2019-01-26 02:22:33.413669,13093338,25,0,2019-01-25 12:22:21, 샐러드를 먹는데 살이 안 빠져요 ,1819,3,0,0
2019-01-26 03:22:25.899916,13093338,25,0,2019-01-25 12:22:21, 샐러드를 먹는데 살이 안 빠져요 ,1821,2,0,0
2019-01-26 04:22:30.940602,13093338,25,0,2019-01-25 12:22:21, 샐러드를 먹는데 살이 안 빠져요 ,1823,2,0,0
2019-01-26 05:22:23.122690,13093338,25,0,2019-01-25 12:22:21, 샐러드를 먹는데 살이 안 빠져요 ,1824,1,0,0
2019-01-26 06:22:28.374091,13093338,25,0,2019-01-25 12:22:21, 샐러드를 먹는데 살이 안 빠져요 ,1826,2,0,0
2019-01-26 07:22:33.340509,13093338,25,0,2019-01-25 12:22:21, 샐러드를 먹는데 살이 안 빠져요 ,1828,2,0,0
2019-01-26 08:22:25.574368,13093338,25,0,2019-01-25 12:22:21, 샐러드를 먹는데 살이 안 빠져요 ,1830,2,0,0
2019-01-26 09:22:30.662074,13093338,25,0,2019-01-25 12:22:21, 샐러드를 먹는데 살이 안 빠져요 ,1830,0,0,0
2019-01-26 10:22:22.769875,13093338,25,0,2019-01-25 12:22:21, 샐러드를 먹는데 살이 안 빠져요 ,1831,1,0,0
2019-01-26 11:22:27.880217,13093338,25,0,2019-01-25 12:22:21, 샐러드를 먹는데 살이 안 빠져요 ,1832,1,0,0
2019-01-26 12:22:32.974176,13093338,25,0,2019-01-25 12:22:21, 샐러드를 먹는데 살이 안 빠져요 ,1833,1,0,0
