check_time,id,post_reply,post_symph,post_time,post_title,post_view,post_view_diff,post_reply_diff,post_symph_diff
2019-01-25 13:32:23.475723,13093388,1,1,2019-01-25 12:32:11, 마음도 울적해서 ,423,423,1,1
2019-01-25 14:32:15.672303,13093388,1,1,2019-01-25 12:32:11, 마음도 울적해서 ,447,24,0,0
2019-01-25 15:32:20.708396,13093388,1,1,2019-01-25 12:32:11, 마음도 울적해서 ,461,14,0,0
2019-01-25 16:32:12.733739,13093388,1,1,2019-01-25 12:32:11, 마음도 울적해서 ,468,7,0,0
2019-01-25 17:32:17.795792,13093388,1,1,2019-01-25 12:32:11, 마음도 울적해서 ,475,7,0,0
2019-01-25 18:32:23.100713,13093388,1,1,2019-01-25 12:32:11, 마음도 울적해서 ,477,2,0,0
2019-01-25 19:32:15.057266,13093388,1,1,2019-01-25 12:32:11, 마음도 울적해서 ,480,3,0,0
2019-01-25 20:32:20.152319,13093388,1,1,2019-01-25 12:32:11, 마음도 울적해서 ,482,2,0,0
2019-01-25 21:32:12.248555,13093388,1,1,2019-01-25 12:32:11, 마음도 울적해서 ,485,3,0,0
2019-01-25 22:32:17.403226,13093388,1,1,2019-01-25 12:32:11, 마음도 울적해서 ,487,2,0,0
2019-01-25 23:32:22.459888,13093388,1,1,2019-01-25 12:32:11, 마음도 울적해서 ,489,2,0,0
2019-01-26 00:32:14.539804,13093388,1,1,2019-01-25 12:32:11, 마음도 울적해서 ,490,1,0,0
2019-01-26 01:32:19.691174,13093388,1,1,2019-01-25 12:32:11, 마음도 울적해서 ,493,3,0,0
2019-01-26 02:32:11.842588,13093388,1,1,2019-01-25 12:32:11, 마음도 울적해서 ,495,2,0,0
2019-01-26 03:32:16.981609,13093388,1,1,2019-01-25 12:32:11, 마음도 울적해서 ,497,2,0,0
2019-01-26 04:32:22.052547,13093388,1,1,2019-01-25 12:32:11, 마음도 울적해서 ,498,1,0,0
2019-01-26 05:32:14.078956,13093388,1,1,2019-01-25 12:32:11, 마음도 울적해서 ,499,1,0,0
2019-01-26 06:32:19.498555,13093388,1,1,2019-01-25 12:32:11, 마음도 울적해서 ,501,2,0,0
2019-01-26 07:32:11.526435,13093388,1,1,2019-01-25 12:32:11, 마음도 울적해서 ,502,1,0,0
2019-01-26 08:32:16.716339,13093388,1,1,2019-01-25 12:32:11, 마음도 울적해서 ,503,1,0,0
2019-01-26 09:32:21.673846,13093388,1,1,2019-01-25 12:32:11, 마음도 울적해서 ,506,3,0,0
2019-01-26 10:32:13.769351,13093388,1,1,2019-01-25 12:32:11, 마음도 울적해서 ,507,1,0,0
2019-01-26 11:32:18.752786,13093388,1,1,2019-01-25 12:32:11, 마음도 울적해서 ,509,2,0,0
2019-01-26 12:32:23.957265,13093388,1,1,2019-01-25 12:32:11, 마음도 울적해서 ,510,1,0,0
