check_time,id,post_reply,post_symph,post_time,post_title,post_view,post_view_diff,post_reply_diff,post_symph_diff
2019-01-30 13:16:23.486391,13111521,5,0,2019-01-30 12:16:23, 해지방어가 갈수록 짜네요 ,1576,1576,5,0
2019-01-30 14:16:28.586721,13111521,5,0,2019-01-30 12:16:23, 해지방어가 갈수록 짜네요 ,1721,145,0,0
2019-01-30 15:16:33.723762,13111521,5,0,2019-01-30 12:16:23, 해지방어가 갈수록 짜네요 ,1763,42,0,0
2019-01-30 16:16:25.775387,13111521,5,0,2019-01-30 12:16:23, 해지방어가 갈수록 짜네요 ,1775,12,0,0
2019-01-30 17:16:31.006939,13111521,5,0,2019-01-30 12:16:23, 해지방어가 갈수록 짜네요 ,1784,9,0,0
2019-01-30 18:16:23.007615,13111521,5,0,2019-01-30 12:16:23, 해지방어가 갈수록 짜네요 ,1788,4,0,0
2019-01-30 19:16:28.113420,13111521,5,0,2019-01-30 12:16:23, 해지방어가 갈수록 짜네요 ,1791,3,0,0
2019-01-30 20:16:33.151163,13111521,5,0,2019-01-30 12:16:23, 해지방어가 갈수록 짜네요 ,1794,3,0,0
2019-01-30 21:16:25.173502,13111521,5,0,2019-01-30 12:16:23, 해지방어가 갈수록 짜네요 ,1798,4,0,0
2019-01-30 22:16:30.259071,13111521,5,0,2019-01-30 12:16:23, 해지방어가 갈수록 짜네요 ,1801,3,0,0
2019-01-30 23:16:35.339841,13111521,5,0,2019-01-30 12:16:23, 해지방어가 갈수록 짜네요 ,1805,4,0,0
2019-01-31 00:16:27.303855,13111521,5,0,2019-01-30 12:16:23, 해지방어가 갈수록 짜네요 ,1810,5,0,0
2019-01-31 01:16:32.355933,13111521,5,0,2019-01-30 12:16:23, 해지방어가 갈수록 짜네요 ,1813,3,0,0
2019-01-31 02:16:24.351119,13111521,5,0,2019-01-30 12:16:23, 해지방어가 갈수록 짜네요 ,1814,1,0,0
2019-01-31 03:16:29.587624,13111521,5,0,2019-01-30 12:16:23, 해지방어가 갈수록 짜네요 ,1817,3,0,0
2019-01-31 04:16:34.821233,13111521,5,0,2019-01-30 12:16:23, 해지방어가 갈수록 짜네요 ,1820,3,0,0
2019-01-31 05:16:26.962212,13111521,5,0,2019-01-30 12:16:23, 해지방어가 갈수록 짜네요 ,1822,2,0,0
2019-01-31 06:16:32.048972,13111521,5,0,2019-01-30 12:16:23, 해지방어가 갈수록 짜네요 ,1823,1,0,0
2019-01-31 07:16:24.099727,13111521,5,0,2019-01-30 12:16:23, 해지방어가 갈수록 짜네요 ,1824,1,0,0
2019-01-31 08:16:29.158184,13111521,5,0,2019-01-30 12:16:23, 해지방어가 갈수록 짜네요 ,1826,2,0,0
2019-01-31 09:16:34.238499,13111521,5,0,2019-01-30 12:16:23, 해지방어가 갈수록 짜네요 ,1828,2,0,0
2019-01-31 10:16:26.707519,13111521,5,0,2019-01-30 12:16:23, 해지방어가 갈수록 짜네요 ,1830,2,0,0
2019-01-31 11:16:31.858824,13111521,5,0,2019-01-30 12:16:23, 해지방어가 갈수록 짜네요 ,1831,1,0,0
2019-01-31 12:16:24.087662,13111521,5,0,2019-01-30 12:16:23, 해지방어가 갈수록 짜네요 ,1832,1,0,0
