check_time,id,post_reply,post_symph,post_time,post_title,post_view,post_view_diff,post_reply_diff,post_symph_diff
2019-01-29 13:36:40.559827,13107954,6,0,2019-01-29 12:36:40, 블랙베리 키원 사용 2일차입니다 ㅎㅎ ,1097,1097,6,0
2019-01-29 14:36:45.722969,13107954,6,0,2019-01-29 12:36:40, 블랙베리 키원 사용 2일차입니다 ㅎㅎ ,1229,132,0,0
2019-01-29 15:36:50.899032,13107954,6,0,2019-01-29 12:36:40, 블랙베리 키원 사용 2일차입니다 ㅎㅎ ,1272,43,0,0
2019-01-29 16:36:43.186267,13107954,6,0,2019-01-29 12:36:40, 블랙베리 키원 사용 2일차입니다 ㅎㅎ ,1304,32,0,0
2019-01-29 17:36:48.295794,13107954,6,0,2019-01-29 12:36:40, 블랙베리 키원 사용 2일차입니다 ㅎㅎ ,1330,26,0,0
2019-01-29 18:36:40.362782,13107954,6,0,2019-01-29 12:36:40, 블랙베리 키원 사용 2일차입니다 ㅎㅎ ,1343,13,0,0
2019-01-29 19:36:45.414389,13107954,6,0,2019-01-29 12:36:40, 블랙베리 키원 사용 2일차입니다 ㅎㅎ ,1348,5,0,0
2019-01-29 20:36:50.426422,13107954,6,0,2019-01-29 12:36:40, 블랙베리 키원 사용 2일차입니다 ㅎㅎ ,1359,11,0,0
2019-01-29 21:36:42.376456,13107954,6,0,2019-01-29 12:36:40, 블랙베리 키원 사용 2일차입니다 ㅎㅎ ,1372,13,0,0
2019-01-29 22:36:47.474554,13107954,6,0,2019-01-29 12:36:40, 블랙베리 키원 사용 2일차입니다 ㅎㅎ ,1389,17,0,0
2019-01-29 23:36:52.543782,13107954,6,0,2019-01-29 12:36:40, 블랙베리 키원 사용 2일차입니다 ㅎㅎ ,1404,15,0,0
2019-01-30 00:36:44.570114,13107954,6,0,2019-01-29 12:36:40, 블랙베리 키원 사용 2일차입니다 ㅎㅎ ,1411,7,0,0
2019-01-30 01:36:49.613380,13107954,6,0,2019-01-29 12:36:40, 블랙베리 키원 사용 2일차입니다 ㅎㅎ ,1416,5,0,0
2019-01-30 02:36:41.688226,13107954,6,0,2019-01-29 12:36:40, 블랙베리 키원 사용 2일차입니다 ㅎㅎ ,1425,9,0,0
2019-01-30 03:36:46.735168,13107954,6,0,2019-01-29 12:36:40, 블랙베리 키원 사용 2일차입니다 ㅎㅎ ,1435,10,0,0
2019-01-30 04:36:51.768404,13107954,6,0,2019-01-29 12:36:40, 블랙베리 키원 사용 2일차입니다 ㅎㅎ ,1445,10,0,0
2019-01-30 05:36:43.878812,13107954,6,0,2019-01-29 12:36:40, 블랙베리 키원 사용 2일차입니다 ㅎㅎ ,1448,3,0,0
2019-01-30 06:36:48.966312,13107954,6,0,2019-01-29 12:36:40, 블랙베리 키원 사용 2일차입니다 ㅎㅎ ,1454,6,0,0
2019-01-30 07:36:41.267069,13107954,6,0,2019-01-29 12:36:40, 블랙베리 키원 사용 2일차입니다 ㅎㅎ ,1463,9,0,0
2019-01-30 08:36:46.506367,13107954,6,0,2019-01-29 12:36:40, 블랙베리 키원 사용 2일차입니다 ㅎㅎ ,1466,3,0,0
2019-01-30 09:36:51.570766,13107954,6,0,2019-01-29 12:36:40, 블랙베리 키원 사용 2일차입니다 ㅎㅎ ,1473,7,0,0
2019-01-30 10:36:43.589590,13107954,6,0,2019-01-29 12:36:40, 블랙베리 키원 사용 2일차입니다 ㅎㅎ ,1483,10,0,0
2019-01-30 11:36:48.668662,13107954,6,0,2019-01-29 12:36:40, 블랙베리 키원 사용 2일차입니다 ㅎㅎ ,1491,8,0,0
2019-01-30 12:36:40.805008,13107954,6,0,2019-01-29 12:36:40, 블랙베리 키원 사용 2일차입니다 ㅎㅎ ,1514,23,0,0
