check_time,id,post_reply,post_symph,post_time,post_title,post_view,post_view_diff,post_reply_diff,post_symph_diff
2019-01-25 13:11:32.546072,13093293,9,7,2019-01-25 12:11:31, 인간적으로 안느는 빚투 이딴 걸로 건들지 맙시다 ,1364,1364,9,7
2019-01-25 14:11:37.683870,13093293,9,7,2019-01-25 12:11:31, 인간적으로 안느는 빚투 이딴 걸로 건들지 맙시다 ,1441,77,0,0
2019-01-25 15:11:42.826241,13093293,9,7,2019-01-25 12:11:31, 인간적으로 안느는 빚투 이딴 걸로 건들지 맙시다 ,1463,22,0,0
2019-01-25 16:11:36.386476,13093293,9,7,2019-01-25 12:11:31, 인간적으로 안느는 빚투 이딴 걸로 건들지 맙시다 ,1485,22,0,0
2019-01-25 17:11:41.466210,13093293,9,8,2019-01-25 12:11:31, 인간적으로 안느는 빚투 이딴 걸로 건들지 맙시다 ,1498,13,0,1
2019-01-25 18:11:33.492954,13093293,9,8,2019-01-25 12:11:31, 인간적으로 안느는 빚투 이딴 걸로 건들지 맙시다 ,1507,9,0,0
2019-01-25 19:11:42.407286,13093293,9,8,2019-01-25 12:11:31, 인간적으로 안느는 빚투 이딴 걸로 건들지 맙시다 ,1511,4,0,0
2019-01-25 20:11:34.454268,13093293,9,8,2019-01-25 12:11:31, 인간적으로 안느는 빚투 이딴 걸로 건들지 맙시다 ,1513,2,0,0
2019-01-25 21:11:39.528912,13093293,9,8,2019-01-25 12:11:31, 인간적으로 안느는 빚투 이딴 걸로 건들지 맙시다 ,1522,9,0,0
2019-01-25 22:11:31.591252,13093293,9,8,2019-01-25 12:11:31, 인간적으로 안느는 빚투 이딴 걸로 건들지 맙시다 ,1526,4,0,0
2019-01-25 23:11:36.857277,13093293,9,8,2019-01-25 12:11:31, 인간적으로 안느는 빚투 이딴 걸로 건들지 맙시다 ,1528,2,0,0
2019-01-26 00:11:41.964866,13093293,9,8,2019-01-25 12:11:31, 인간적으로 안느는 빚투 이딴 걸로 건들지 맙시다 ,1534,6,0,0
2019-01-26 01:11:33.983687,13093293,9,8,2019-01-25 12:11:31, 인간적으로 안느는 빚투 이딴 걸로 건들지 맙시다 ,1538,4,0,0
2019-01-26 02:11:39.075746,13093293,9,8,2019-01-25 12:11:31, 인간적으로 안느는 빚투 이딴 걸로 건들지 맙시다 ,1540,2,0,0
2019-01-26 03:11:31.385328,13093293,9,8,2019-01-25 12:11:31, 인간적으로 안느는 빚투 이딴 걸로 건들지 맙시다 ,1541,1,0,0
2019-01-26 04:11:36.453938,13093293,9,8,2019-01-25 12:11:31, 인간적으로 안느는 빚투 이딴 걸로 건들지 맙시다 ,1543,2,0,0
2019-01-26 05:11:41.543969,13093293,9,8,2019-01-25 12:11:31, 인간적으로 안느는 빚투 이딴 걸로 건들지 맙시다 ,1544,1,0,0
2019-01-26 06:11:33.666162,13093293,9,8,2019-01-25 12:11:31, 인간적으로 안느는 빚투 이딴 걸로 건들지 맙시다 ,1545,1,0,0
2019-01-26 07:11:38.804083,13093293,9,8,2019-01-25 12:11:31, 인간적으로 안느는 빚투 이딴 걸로 건들지 맙시다 ,1547,2,0,0
2019-01-26 08:11:43.934015,13093293,9,8,2019-01-25 12:11:31, 인간적으로 안느는 빚투 이딴 걸로 건들지 맙시다 ,1549,2,0,0
2019-01-26 09:11:36.472427,13093293,9,8,2019-01-25 12:11:31, 인간적으로 안느는 빚투 이딴 걸로 건들지 맙시다 ,1553,4,0,0
2019-01-26 10:11:41.595577,13093293,9,8,2019-01-25 12:11:31, 인간적으로 안느는 빚투 이딴 걸로 건들지 맙시다 ,1557,4,0,0
2019-01-26 11:11:33.672243,13093293,9,8,2019-01-25 12:11:31, 인간적으로 안느는 빚투 이딴 걸로 건들지 맙시다 ,1558,1,0,0
2019-01-26 12:11:38.741693,13093293,9,8,2019-01-25 12:11:31, 인간적으로 안느는 빚투 이딴 걸로 건들지 맙시다 ,1560,2,0,0
