check_time,id,post_reply,post_symph,post_time,post_title,post_view,post_view_diff,post_reply_diff,post_symph_diff
2019-01-28 13:46:56.306016,13104169,3,0,2019-01-28 12:46:56, 내 냄새를 좋아하는... 냥이나 멍 이라더군요? ,698,698,3,0
2019-01-28 14:47:01.334274,13104169,3,0,2019-01-28 12:46:56, 내 냄새를 좋아하는... 냥이나 멍 이라더군요? ,774,76,0,0
2019-01-28 15:47:06.327346,13104169,3,0,2019-01-28 12:46:56, 내 냄새를 좋아하는... 냥이나 멍 이라더군요? ,791,17,0,0
2019-01-28 16:46:58.342038,13104169,3,0,2019-01-28 12:46:56, 내 냄새를 좋아하는... 냥이나 멍 이라더군요? ,809,18,0,0
2019-01-28 17:47:03.401033,13104169,3,0,2019-01-28 12:46:56, 내 냄새를 좋아하는... 냥이나 멍 이라더군요? ,813,4,0,0
2019-01-28 18:47:08.466155,13104169,3,0,2019-01-28 12:46:56, 내 냄새를 좋아하는... 냥이나 멍 이라더군요? ,819,6,0,0
2019-01-28 19:47:00.493262,13104169,3,0,2019-01-28 12:46:56, 내 냄새를 좋아하는... 냥이나 멍 이라더군요? ,827,8,0,0
2019-01-28 20:47:06.637419,13104169,3,0,2019-01-28 12:46:56, 내 냄새를 좋아하는... 냥이나 멍 이라더군요? ,836,9,0,0
2019-01-28 21:46:58.678537,13104169,3,0,2019-01-28 12:46:56, 내 냄새를 좋아하는... 냥이나 멍 이라더군요? ,842,6,0,0
2019-01-28 22:47:04.436406,13104169,3,0,2019-01-28 12:46:56, 내 냄새를 좋아하는... 냥이나 멍 이라더군요? ,846,4,0,0
2019-01-28 23:46:56.485482,13104169,3,0,2019-01-28 12:46:56, 내 냄새를 좋아하는... 냥이나 멍 이라더군요? ,850,4,0,0
2019-01-29 00:47:01.830378,13104169,3,0,2019-01-28 12:46:56, 내 냄새를 좋아하는... 냥이나 멍 이라더군요? ,852,2,0,0
2019-01-29 01:47:06.889523,13104169,3,0,2019-01-28 12:46:56, 내 냄새를 좋아하는... 냥이나 멍 이라더군요? ,858,6,0,0
2019-01-29 02:46:58.988171,13104169,3,0,2019-01-28 12:46:56, 내 냄새를 좋아하는... 냥이나 멍 이라더군요? ,860,2,0,0
2019-01-29 03:47:04.135883,13104169,3,0,2019-01-28 12:46:56, 내 냄새를 좋아하는... 냥이나 멍 이라더군요? ,861,1,0,0
2019-01-29 04:46:56.221674,13104169,3,0,2019-01-28 12:46:56, 내 냄새를 좋아하는... 냥이나 멍 이라더군요? ,862,1,0,0
2019-01-29 05:47:01.805456,13104169,3,0,2019-01-28 12:46:56, 내 냄새를 좋아하는... 냥이나 멍 이라더군요? ,864,2,0,0
2019-01-29 06:47:06.808119,13104169,3,0,2019-01-28 12:46:56, 내 냄새를 좋아하는... 냥이나 멍 이라더군요? ,865,1,0,0
2019-01-29 07:46:58.812068,13104169,3,0,2019-01-28 12:46:56, 내 냄새를 좋아하는... 냥이나 멍 이라더군요? ,867,2,0,0
2019-01-29 08:47:04.019493,13104169,3,0,2019-01-28 12:46:56, 내 냄새를 좋아하는... 냥이나 멍 이라더군요? ,870,3,0,0
2019-01-29 09:46:56.167428,13104169,3,0,2019-01-28 12:46:56, 내 냄새를 좋아하는... 냥이나 멍 이라더군요? ,870,0,0,0
2019-01-29 10:47:01.271886,13104169,3,0,2019-01-28 12:46:56, 내 냄새를 좋아하는... 냥이나 멍 이라더군요? ,872,2,0,0
2019-01-29 11:47:06.407875,13104169,3,0,2019-01-28 12:46:56, 내 냄새를 좋아하는... 냥이나 멍 이라더군요? ,874,2,0,0
2019-01-29 12:46:58.528232,13104169,3,0,2019-01-28 12:46:56, 내 냄새를 좋아하는... 냥이나 멍 이라더군요? ,877,3,0,0
