check_time,id,post_reply,post_symph,post_time,post_title,post_view,post_view_diff,post_reply_diff,post_symph_diff
2019-01-30 13:12:35.893268,13111505,0,0,2019-01-30 12:12:27, [국방부] 한강하구 해도전달 관련‘남북군사실무접촉(1.30.)’개최 ,533,533,0,0
2019-01-30 14:12:27.912422,13111505,0,1,2019-01-30 12:12:27, [국방부] 한강하구 해도전달 관련‘남북군사실무접촉(1.30.)’개최 ,585,52,0,1
2019-01-30 15:12:33.341014,13111505,0,1,2019-01-30 12:12:27, [국방부] 한강하구 해도전달 관련‘남북군사실무접촉(1.30.)’개최 ,598,13,0,0
2019-01-30 16:12:38.461668,13111505,0,1,2019-01-30 12:12:27, [국방부] 한강하구 해도전달 관련‘남북군사실무접촉(1.30.)’개최 ,606,8,0,0
2019-01-30 17:12:30.546592,13111505,0,1,2019-01-30 12:12:27, [국방부] 한강하구 해도전달 관련‘남북군사실무접촉(1.30.)’개최 ,611,5,0,0
2019-01-30 18:12:35.666402,13111505,0,1,2019-01-30 12:12:27, [국방부] 한강하구 해도전달 관련‘남북군사실무접촉(1.30.)’개최 ,613,2,0,0
2019-01-30 19:12:27.766703,13111505,0,1,2019-01-30 12:12:27, [국방부] 한강하구 해도전달 관련‘남북군사실무접촉(1.30.)’개최 ,614,1,0,0
2019-01-30 20:12:32.865606,13111505,0,1,2019-01-30 12:12:27, [국방부] 한강하구 해도전달 관련‘남북군사실무접촉(1.30.)’개최 ,618,4,0,0
2019-01-30 21:12:38.105307,13111505,0,1,2019-01-30 12:12:27, [국방부] 한강하구 해도전달 관련‘남북군사실무접촉(1.30.)’개최 ,620,2,0,0
2019-01-30 22:12:30.416155,13111505,0,1,2019-01-30 12:12:27, [국방부] 한강하구 해도전달 관련‘남북군사실무접촉(1.30.)’개최 ,621,1,0,0
2019-01-30 23:12:36.122144,13111505,0,1,2019-01-30 12:12:27, [국방부] 한강하구 해도전달 관련‘남북군사실무접촉(1.30.)’개최 ,622,1,0,0
2019-01-31 00:12:28.120075,13111505,0,1,2019-01-30 12:12:27, [국방부] 한강하구 해도전달 관련‘남북군사실무접촉(1.30.)’개최 ,623,1,0,0
2019-01-31 01:12:33.559351,13111505,0,1,2019-01-30 12:12:27, [국방부] 한강하구 해도전달 관련‘남북군사실무접촉(1.30.)’개최 ,627,4,0,0
2019-01-31 02:12:39.152528,13111505,0,1,2019-01-30 12:12:27, [국방부] 한강하구 해도전달 관련‘남북군사실무접촉(1.30.)’개최 ,629,2,0,0
2019-01-31 03:12:31.237316,13111505,0,1,2019-01-30 12:12:27, [국방부] 한강하구 해도전달 관련‘남북군사실무접촉(1.30.)’개최 ,630,1,0,0
2019-01-31 04:12:36.970686,13111505,0,1,2019-01-30 12:12:27, [국방부] 한강하구 해도전달 관련‘남북군사실무접촉(1.30.)’개최 ,632,2,0,0
2019-01-31 05:12:29.171381,13111505,0,1,2019-01-30 12:12:27, [국방부] 한강하구 해도전달 관련‘남북군사실무접촉(1.30.)’개최 ,636,4,0,0
2019-01-31 06:12:34.572547,13111505,0,1,2019-01-30 12:12:27, [국방부] 한강하구 해도전달 관련‘남북군사실무접촉(1.30.)’개최 ,636,0,0,0
2019-01-31 07:12:39.647788,13111505,0,1,2019-01-30 12:12:27, [국방부] 한강하구 해도전달 관련‘남북군사실무접촉(1.30.)’개최 ,637,1,0,0
2019-01-31 08:12:31.835567,13111505,0,1,2019-01-30 12:12:27, [국방부] 한강하구 해도전달 관련‘남북군사실무접촉(1.30.)’개최 ,638,1,0,0
2019-01-31 09:12:37.248980,13111505,0,1,2019-01-30 12:12:27, [국방부] 한강하구 해도전달 관련‘남북군사실무접촉(1.30.)’개최 ,640,2,0,0
2019-01-31 10:12:29.303702,13111505,0,1,2019-01-30 12:12:27, [국방부] 한강하구 해도전달 관련‘남북군사실무접촉(1.30.)’개최 ,640,0,0,0
2019-01-31 11:12:34.391086,13111505,0,1,2019-01-30 12:12:27, [국방부] 한강하구 해도전달 관련‘남북군사실무접촉(1.30.)’개최 ,641,1,0,0
2019-01-31 12:12:39.466434,13111505,0,1,2019-01-30 12:12:27, [국방부] 한강하구 해도전달 관련‘남북군사실무접촉(1.30.)’개최 ,643,2,0,0
