check_time,id,post_reply,post_symph,post_time,post_title,post_view,post_view_diff,post_reply_diff,post_symph_diff
2019-01-24 13:52:03.678386,13089141,16,0,2019-01-24 12:51:56, 플스4 조만간 평화로운 나라에 엄청 나올 것 같은 느낌 ,1941,1941,16,0
2019-01-24 14:52:08.936187,13089141,16,0,2019-01-24 12:51:56, 플스4 조만간 평화로운 나라에 엄청 나올 것 같은 느낌 ,2051,110,0,0
2019-01-24 15:52:01.184334,13089141,16,0,2019-01-24 12:51:56, 플스4 조만간 평화로운 나라에 엄청 나올 것 같은 느낌 ,2083,32,0,0
2019-01-24 16:52:06.467452,13089141,16,0,2019-01-24 12:51:56, 플스4 조만간 평화로운 나라에 엄청 나올 것 같은 느낌 ,2094,11,0,0
2019-01-24 17:51:59.077477,13089141,16,0,2019-01-24 12:51:56, 플스4 조만간 평화로운 나라에 엄청 나올 것 같은 느낌 ,2103,9,0,0
2019-01-24 18:52:04.444146,13089141,16,0,2019-01-24 12:51:56, 플스4 조만간 평화로운 나라에 엄청 나올 것 같은 느낌 ,2109,6,0,0
2019-01-24 19:51:57.161085,13089141,16,0,2019-01-24 12:51:56, 플스4 조만간 평화로운 나라에 엄청 나올 것 같은 느낌 ,2117,8,0,0
2019-01-24 20:52:02.282526,13089141,16,0,2019-01-24 12:51:56, 플스4 조만간 평화로운 나라에 엄청 나올 것 같은 느낌 ,2120,3,0,0
2019-01-24 21:52:07.292241,13089141,16,0,2019-01-24 12:51:56, 플스4 조만간 평화로운 나라에 엄청 나올 것 같은 느낌 ,2125,5,0,0
2019-01-24 22:51:59.292415,13089141,16,0,2019-01-24 12:51:56, 플스4 조만간 평화로운 나라에 엄청 나올 것 같은 느낌 ,2126,1,0,0
2019-01-24 23:52:04.353988,13089141,16,0,2019-01-24 12:51:56, 플스4 조만간 평화로운 나라에 엄청 나올 것 같은 느낌 ,2130,4,0,0
2019-01-25 00:51:56.538449,13089141,16,0,2019-01-24 12:51:56, 플스4 조만간 평화로운 나라에 엄청 나올 것 같은 느낌 ,2134,4,0,0
2019-01-25 01:52:01.663330,13089141,16,0,2019-01-24 12:51:56, 플스4 조만간 평화로운 나라에 엄청 나올 것 같은 느낌 ,2137,3,0,0
2019-01-25 02:52:06.808242,13089141,16,0,2019-01-24 12:51:56, 플스4 조만간 평화로운 나라에 엄청 나올 것 같은 느낌 ,2139,2,0,0
2019-01-25 03:51:58.874297,13089141,16,0,2019-01-24 12:51:56, 플스4 조만간 평화로운 나라에 엄청 나올 것 같은 느낌 ,2141,2,0,0
2019-01-25 04:52:03.906267,13089141,16,0,2019-01-24 12:51:56, 플스4 조만간 평화로운 나라에 엄청 나올 것 같은 느낌 ,2142,1,0,0
2019-01-25 05:52:08.883748,13089141,16,0,2019-01-24 12:51:56, 플스4 조만간 평화로운 나라에 엄청 나올 것 같은 느낌 ,2144,2,0,0
2019-01-25 06:52:00.997574,13089141,16,0,2019-01-24 12:51:56, 플스4 조만간 평화로운 나라에 엄청 나올 것 같은 느낌 ,2146,2,0,0
2019-01-25 07:52:06.151681,13089141,16,0,2019-01-24 12:51:56, 플스4 조만간 평화로운 나라에 엄청 나올 것 같은 느낌 ,2149,3,0,0
2019-01-25 08:51:58.162705,13089141,16,0,2019-01-24 12:51:56, 플스4 조만간 평화로운 나라에 엄청 나올 것 같은 느낌 ,2152,3,0,0
2019-01-25 09:52:03.213227,13089141,16,0,2019-01-24 12:51:56, 플스4 조만간 평화로운 나라에 엄청 나올 것 같은 느낌 ,2154,2,0,0
2019-01-25 10:52:08.210833,13089141,16,0,2019-01-24 12:51:56, 플스4 조만간 평화로운 나라에 엄청 나올 것 같은 느낌 ,2158,4,0,0
2019-01-25 11:52:01.395341,13089141,16,0,2019-01-24 12:51:56, 플스4 조만간 평화로운 나라에 엄청 나올 것 같은 느낌 ,2160,2,0,0
2019-01-25 12:52:06.507557,13089141,16,0,2019-01-24 12:51:56, 플스4 조만간 평화로운 나라에 엄청 나올 것 같은 느낌 ,2162,2,0,0
