check_time,id,post_reply,post_symph,post_time,post_title,post_view,post_view_diff,post_reply_diff,post_symph_diff
2019-01-30 13:06:42.693705,13111483,19,0,2019-01-30 12:06:33, 겉절이가 맛있는 돈까스집(?) ,2965,2965,19,0
2019-01-30 14:06:34.930003,13111483,19,0,2019-01-30 12:06:33, 겉절이가 맛있는 돈까스집(?) ,3300,335,0,0
2019-01-30 15:06:40.013915,13111483,19,0,2019-01-30 12:06:33, 겉절이가 맛있는 돈까스집(?) ,3421,121,0,0
2019-01-30 16:06:45.150143,13111483,19,0,2019-01-30 12:06:33, 겉절이가 맛있는 돈까스집(?) ,3488,67,0,0
2019-01-30 17:06:37.440649,13111483,19,0,2019-01-30 12:06:33, 겉절이가 맛있는 돈까스집(?) ,3524,36,0,0
2019-01-30 18:06:42.552966,13111483,19,0,2019-01-30 12:06:33, 겉절이가 맛있는 돈까스집(?) ,3553,29,0,0
2019-01-30 19:06:34.733835,13111483,20,0,2019-01-30 12:06:33, 겉절이가 맛있는 돈까스집(?) ,3566,13,1,0
2019-01-30 20:06:39.832004,13111483,20,0,2019-01-30 12:06:33, 겉절이가 맛있는 돈까스집(?) ,3581,15,0,0
2019-01-30 21:06:45.156718,13111483,20,0,2019-01-30 12:06:33, 겉절이가 맛있는 돈까스집(?) ,3591,10,0,0
2019-01-30 22:06:37.327164,13111483,20,0,2019-01-30 12:06:33, 겉절이가 맛있는 돈까스집(?) ,3595,4,0,0
2019-01-30 23:06:42.382504,13111483,20,0,2019-01-30 12:06:33, 겉절이가 맛있는 돈까스집(?) ,3600,5,0,0
2019-01-31 00:06:34.499119,13111483,21,0,2019-01-30 12:06:33, 겉절이가 맛있는 돈까스집(?) ,3605,5,1,0
2019-01-31 01:06:39.607392,13111483,21,0,2019-01-30 12:06:33, 겉절이가 맛있는 돈까스집(?) ,3610,5,0,0
2019-01-31 02:06:44.686452,13111483,21,0,2019-01-30 12:06:33, 겉절이가 맛있는 돈까스집(?) ,3613,3,0,0
2019-01-31 03:06:36.707273,13111483,21,0,2019-01-30 12:06:33, 겉절이가 맛있는 돈까스집(?) ,3614,1,0,0
2019-01-31 04:06:41.689268,13111483,21,0,2019-01-30 12:06:33, 겉절이가 맛있는 돈까스집(?) ,3616,2,0,0
2019-01-31 05:06:34.516354,13111483,21,0,2019-01-30 12:06:33, 겉절이가 맛있는 돈까스집(?) ,3620,4,0,0
2019-01-31 06:06:39.576059,13111483,21,0,2019-01-30 12:06:33, 겉절이가 맛있는 돈까스집(?) ,3621,1,0,0
2019-01-31 07:06:44.582412,13111483,21,0,2019-01-30 12:06:33, 겉절이가 맛있는 돈까스집(?) ,3623,2,0,0
2019-01-31 08:06:36.583672,13111483,21,0,2019-01-30 12:06:33, 겉절이가 맛있는 돈까스집(?) ,3625,2,0,0
2019-01-31 09:06:41.633602,13111483,21,0,2019-01-30 12:06:33, 겉절이가 맛있는 돈까스집(?) ,3628,3,0,0
2019-01-31 10:06:33.645127,13111483,21,0,2019-01-30 12:06:33, 겉절이가 맛있는 돈까스집(?) ,3630,2,0,0
2019-01-31 11:06:38.667344,13111483,21,0,2019-01-30 12:06:33, 겉절이가 맛있는 돈까스집(?) ,3632,2,0,0
2019-01-31 12:06:43.724501,13111483,21,0,2019-01-30 12:06:33, 겉절이가 맛있는 돈까스집(?) ,3633,1,0,0
