check_time,id,post_reply,post_symph,post_time,post_title,post_view,post_view_diff,post_reply_diff,post_symph_diff
2019-01-28 13:17:27.553227,13104067,6,0,2019-01-28 12:17:21, 19) 이희은 사장님의 뼈 때리는 동영상 ,5124,5124,6,0
2019-01-28 14:17:32.863752,13104067,6,0,2019-01-28 12:17:21, 19) 이희은 사장님의 뼈 때리는 동영상 ,6310,1186,0,0
2019-01-28 15:17:24.873202,13104067,6,0,2019-01-28 12:17:21, 19) 이희은 사장님의 뼈 때리는 동영상 ,7031,721,0,0
2019-01-28 16:17:29.996928,13104067,6,0,2019-01-28 12:17:21, 19) 이희은 사장님의 뼈 때리는 동영상 ,7379,348,0,0
2019-01-28 17:17:22.096089,13104067,6,0,2019-01-28 12:17:21, 19) 이희은 사장님의 뼈 때리는 동영상 ,7596,217,0,0
2019-01-28 18:17:27.124277,13104067,6,0,2019-01-28 12:17:21, 19) 이희은 사장님의 뼈 때리는 동영상 ,7730,134,0,0
2019-01-28 19:17:32.378957,13104067,6,0,2019-01-28 12:17:21, 19) 이희은 사장님의 뼈 때리는 동영상 ,7836,106,0,0
2019-01-28 20:17:24.328548,13104067,6,0,2019-01-28 12:17:21, 19) 이희은 사장님의 뼈 때리는 동영상 ,7887,51,0,0
2019-01-28 21:17:29.900469,13104067,6,0,2019-01-28 12:17:21, 19) 이희은 사장님의 뼈 때리는 동영상 ,7940,53,0,0
2019-01-28 22:17:21.928855,13104067,6,0,2019-01-28 12:17:21, 19) 이희은 사장님의 뼈 때리는 동영상 ,7976,36,0,0
2019-01-28 23:17:27.060375,13104067,6,0,2019-01-28 12:17:21, 19) 이희은 사장님의 뼈 때리는 동영상 ,8002,26,0,0
2019-01-29 00:17:32.361369,13104067,6,0,2019-01-28 12:17:21, 19) 이희은 사장님의 뼈 때리는 동영상 ,8022,20,0,0
2019-01-29 01:17:24.459535,13104067,6,0,2019-01-28 12:17:21, 19) 이희은 사장님의 뼈 때리는 동영상 ,8041,19,0,0
2019-01-29 02:17:29.790592,13104067,6,0,2019-01-28 12:17:21, 19) 이희은 사장님의 뼈 때리는 동영상 ,8054,13,0,0
2019-01-29 03:17:21.999841,13104067,6,0,2019-01-28 12:17:21, 19) 이희은 사장님의 뼈 때리는 동영상 ,8060,6,0,0
2019-01-29 04:17:26.987416,13104067,6,0,2019-01-28 12:17:21, 19) 이희은 사장님의 뼈 때리는 동영상 ,8064,4,0,0
2019-01-29 05:17:32.038806,13104067,6,0,2019-01-28 12:17:21, 19) 이희은 사장님의 뼈 때리는 동영상 ,8073,9,0,0
2019-01-29 06:17:24.138910,13104067,6,0,2019-01-28 12:17:21, 19) 이희은 사장님의 뼈 때리는 동영상 ,8078,5,0,0
2019-01-29 07:17:29.355262,13104067,6,0,2019-01-28 12:17:21, 19) 이희은 사장님의 뼈 때리는 동영상 ,8094,16,0,0
2019-01-29 08:17:21.449556,13104067,6,0,2019-01-28 12:17:21, 19) 이희은 사장님의 뼈 때리는 동영상 ,8102,8,0,0
2019-01-29 09:17:26.693754,13104067,6,0,2019-01-28 12:17:21, 19) 이희은 사장님의 뼈 때리는 동영상 ,8114,12,0,0
2019-01-29 10:17:31.695160,13104067,6,0,2019-01-28 12:17:21, 19) 이희은 사장님의 뼈 때리는 동영상 ,8123,9,0,0
2019-01-29 11:17:23.675601,13104067,6,0,2019-01-28 12:17:21, 19) 이희은 사장님의 뼈 때리는 동영상 ,8133,10,0,0
2019-01-29 12:17:28.734626,13104067,6,0,2019-01-28 12:17:21, 19) 이희은 사장님의 뼈 때리는 동영상 ,8148,15,0,0
