check_time,id,post_reply,post_symph,post_time,post_title,post_view,post_view_diff,post_reply_diff,post_symph_diff
2019-01-27 13:17:14.909668,13100762,11,0,2019-01-27 12:17:06, 손석희건이 이렇게 큰건인지.. ,1461,1461,11,0
2019-01-27 14:17:06.926384,13100762,12,0,2019-01-27 12:17:06, 손석희건이 이렇게 큰건인지.. ,1746,285,1,0
2019-01-27 15:17:11.992523,13100762,12,0,2019-01-27 12:17:06, 손석희건이 이렇게 큰건인지.. ,1882,136,0,0
2019-01-27 16:17:17.066101,13100762,12,0,2019-01-27 12:17:06, 손석희건이 이렇게 큰건인지.. ,1951,69,0,0
2019-01-27 17:17:09.156065,13100762,12,0,2019-01-27 12:17:06, 손석희건이 이렇게 큰건인지.. ,2003,52,0,0
2019-01-27 18:17:14.426933,13100762,12,0,2019-01-27 12:17:06, 손석희건이 이렇게 큰건인지.. ,2026,23,0,0
2019-01-27 19:17:06.417206,13100762,12,0,2019-01-27 12:17:06, 손석희건이 이렇게 큰건인지.. ,2040,14,0,0
2019-01-27 20:17:11.493372,13100762,12,0,2019-01-27 12:17:06, 손석희건이 이렇게 큰건인지.. ,2052,12,0,0
2019-01-27 21:17:16.546504,13100762,12,0,2019-01-27 12:17:06, 손석희건이 이렇게 큰건인지.. ,2064,12,0,0
2019-01-27 22:17:08.782928,13100762,12,0,2019-01-27 12:17:06, 손석희건이 이렇게 큰건인지.. ,2074,10,0,0
2019-01-27 23:17:13.846938,13100762,12,0,2019-01-27 12:17:06, 손석희건이 이렇게 큰건인지.. ,2081,7,0,0
2019-01-28 00:17:18.967259,13100762,12,0,2019-01-27 12:17:06, 손석희건이 이렇게 큰건인지.. ,2089,8,0,0
2019-01-28 01:17:10.966106,13100762,12,0,2019-01-27 12:17:06, 손석희건이 이렇게 큰건인지.. ,2096,7,0,0
2019-01-28 02:17:16.243043,13100762,12,0,2019-01-27 12:17:06, 손석희건이 이렇게 큰건인지.. ,2107,11,0,0
2019-01-28 03:17:08.242681,13100762,12,0,2019-01-27 12:17:06, 손석희건이 이렇게 큰건인지.. ,2110,3,0,0
2019-01-28 04:17:13.256778,13100762,12,0,2019-01-27 12:17:06, 손석희건이 이렇게 큰건인지.. ,2113,3,0,0
2019-01-28 05:17:18.297394,13100762,12,0,2019-01-27 12:17:06, 손석희건이 이렇게 큰건인지.. ,2115,2,0,0
2019-01-28 06:17:10.301527,13100762,12,0,2019-01-27 12:17:06, 손석희건이 이렇게 큰건인지.. ,2118,3,0,0
2019-01-28 07:17:15.336439,13100762,12,0,2019-01-27 12:17:06, 손석희건이 이렇게 큰건인지.. ,2120,2,0,0
2019-01-28 08:17:07.380330,13100762,12,0,2019-01-27 12:17:06, 손석희건이 이렇게 큰건인지.. ,2122,2,0,0
2019-01-28 09:17:12.399831,13100762,12,0,2019-01-27 12:17:06, 손석희건이 이렇게 큰건인지.. ,2131,9,0,0
2019-01-28 10:17:17.480279,13100762,12,0,2019-01-27 12:17:06, 손석희건이 이렇게 큰건인지.. ,2133,2,0,0
2019-01-28 11:17:09.588854,13100762,12,0,2019-01-27 12:17:06, 손석희건이 이렇게 큰건인지.. ,2137,4,0,0
2019-01-28 12:17:14.699067,13100762,12,0,2019-01-27 12:17:06, 손석희건이 이렇게 큰건인지.. ,2144,7,0,0
