check_time,id,post_reply,post_symph,post_time,post_title,post_view,post_view_diff,post_reply_diff,post_symph_diff
2019-01-24 13:16:58.229652,13089000,10,5,2019-01-24 12:16:48, 야호 35만원 벌었습니다. ,2961,2961,10,5
2019-01-24 14:16:50.258815,13089000,10,5,2019-01-24 12:16:48, 야호 35만원 벌었습니다. ,3239,278,0,0
2019-01-24 15:16:55.399473,13089000,10,5,2019-01-24 12:16:48, 야호 35만원 벌었습니다. ,3338,99,0,0
2019-01-24 16:17:00.522088,13089000,10,5,2019-01-24 12:16:48, 야호 35만원 벌었습니다. ,3385,47,0,0
2019-01-24 17:16:52.650763,13089000,10,5,2019-01-24 12:16:48, 야호 35만원 벌었습니다. ,3437,52,0,0
2019-01-24 18:16:57.784943,13089000,10,5,2019-01-24 12:16:48, 야호 35만원 벌었습니다. ,3487,50,0,0
2019-01-24 19:16:49.787281,13089000,10,5,2019-01-24 12:16:48, 야호 35만원 벌었습니다. ,3521,34,0,0
2019-01-24 20:16:54.870971,13089000,10,5,2019-01-24 12:16:48, 야호 35만원 벌었습니다. ,3543,22,0,0
2019-01-24 21:16:59.934215,13089000,10,5,2019-01-24 12:16:48, 야호 35만원 벌었습니다. ,3562,19,0,0
2019-01-24 22:16:51.971697,13089000,10,5,2019-01-24 12:16:48, 야호 35만원 벌었습니다. ,3570,8,0,0
2019-01-24 23:16:56.996466,13089000,10,5,2019-01-24 12:16:48, 야호 35만원 벌었습니다. ,3582,12,0,0
2019-01-25 00:16:49.077397,13089000,10,5,2019-01-24 12:16:48, 야호 35만원 벌었습니다. ,3593,11,0,0
2019-01-25 01:16:54.188573,13089000,10,5,2019-01-24 12:16:48, 야호 35만원 벌었습니다. ,3602,9,0,0
2019-01-25 02:16:59.263611,13089000,10,5,2019-01-24 12:16:48, 야호 35만원 벌었습니다. ,3605,3,0,0
2019-01-25 03:16:51.372916,13089000,10,5,2019-01-24 12:16:48, 야호 35만원 벌었습니다. ,3612,7,0,0
2019-01-25 04:16:56.467011,13089000,10,5,2019-01-24 12:16:48, 야호 35만원 벌었습니다. ,3615,3,0,0
2019-01-25 05:16:48.440270,13089000,10,5,2019-01-24 12:16:48, 야호 35만원 벌었습니다. ,3617,2,0,0
2019-01-25 06:16:53.403836,13089000,10,5,2019-01-24 12:16:48, 야호 35만원 벌었습니다. ,3619,2,0,0
2019-01-25 07:16:58.623569,13089000,10,5,2019-01-24 12:16:48, 야호 35만원 벌었습니다. ,3626,7,0,0
2019-01-25 08:16:50.610458,13089000,10,5,2019-01-24 12:16:48, 야호 35만원 벌었습니다. ,3629,3,0,0
2019-01-25 09:16:55.583963,13089000,10,5,2019-01-24 12:16:48, 야호 35만원 벌었습니다. ,3632,3,0,0
2019-01-25 10:17:00.611187,13089000,10,5,2019-01-24 12:16:48, 야호 35만원 벌었습니다. ,3634,2,0,0
2019-01-25 11:16:52.627212,13089000,10,5,2019-01-24 12:16:48, 야호 35만원 벌었습니다. ,3635,1,0,0
2019-01-25 12:16:57.716781,13089000,10,5,2019-01-24 12:16:48, 야호 35만원 벌었습니다. ,3638,3,0,0
