check_time,id,post_reply,post_symph,post_time,post_title,post_view,post_view_diff,post_reply_diff,post_symph_diff
2019-01-30 13:02:16.233609,13111467,0,0,2019-01-30 12:02:12," 설 선물을 주문했는데, 2개가 배송이 되었네요. ",483,483,0,0
2019-01-30 14:02:21.429573,13111467,0,0,2019-01-30 12:02:12," 설 선물을 주문했는데, 2개가 배송이 되었네요. ",534,51,0,0
2019-01-30 15:02:13.574399,13111467,0,0,2019-01-30 12:02:12," 설 선물을 주문했는데, 2개가 배송이 되었네요. ",547,13,0,0
2019-01-30 16:02:18.703052,13111467,0,0,2019-01-30 12:02:12," 설 선물을 주문했는데, 2개가 배송이 되었네요. ",558,11,0,0
2019-01-30 17:02:23.818849,13111467,0,0,2019-01-30 12:02:12," 설 선물을 주문했는데, 2개가 배송이 되었네요. ",562,4,0,0
2019-01-30 18:02:15.879544,13111467,0,0,2019-01-30 12:02:12," 설 선물을 주문했는데, 2개가 배송이 되었네요. ",566,4,0,0
2019-01-30 19:02:21.032915,13111467,0,0,2019-01-30 12:02:12," 설 선물을 주문했는데, 2개가 배송이 되었네요. ",568,2,0,0
2019-01-30 20:02:13.169345,13111467,0,0,2019-01-30 12:02:12," 설 선물을 주문했는데, 2개가 배송이 되었네요. ",569,1,0,0
2019-01-30 21:02:18.273184,13111467,0,0,2019-01-30 12:02:12," 설 선물을 주문했는데, 2개가 배송이 되었네요. ",574,5,0,0
2019-01-30 22:02:23.636636,13111467,0,0,2019-01-30 12:02:12," 설 선물을 주문했는데, 2개가 배송이 되었네요. ",576,2,0,0
2019-01-30 23:02:15.880454,13111467,0,0,2019-01-30 12:02:12," 설 선물을 주문했는데, 2개가 배송이 되었네요. ",578,2,0,0
2019-01-31 00:02:21.072718,13111467,0,0,2019-01-30 12:02:12," 설 선물을 주문했는데, 2개가 배송이 되었네요. ",581,3,0,0
2019-01-31 01:02:13.333716,13111467,0,0,2019-01-30 12:02:12," 설 선물을 주문했는데, 2개가 배송이 되었네요. ",583,2,0,0
2019-01-31 02:02:18.440086,13111467,0,0,2019-01-30 12:02:12," 설 선물을 주문했는데, 2개가 배송이 되었네요. ",584,1,0,0
2019-01-31 03:02:23.498131,13111467,0,0,2019-01-30 12:02:12," 설 선물을 주문했는데, 2개가 배송이 되었네요. ",585,1,0,0
2019-01-31 04:02:15.634674,13111467,0,0,2019-01-30 12:02:12," 설 선물을 주문했는데, 2개가 배송이 되었네요. ",587,2,0,0
2019-01-31 05:02:20.687180,13111467,0,0,2019-01-30 12:02:12," 설 선물을 주문했는데, 2개가 배송이 되었네요. ",589,2,0,0
2019-01-31 06:02:12.726416,13111467,0,0,2019-01-30 12:02:12," 설 선물을 주문했는데, 2개가 배송이 되었네요. ",590,1,0,0
2019-01-31 07:02:17.832831,13111467,0,0,2019-01-30 12:02:12," 설 선물을 주문했는데, 2개가 배송이 되었네요. ",591,1,0,0
2019-01-31 08:02:22.946397,13111467,0,0,2019-01-30 12:02:12," 설 선물을 주문했는데, 2개가 배송이 되었네요. ",593,2,0,0
2019-01-31 09:02:15.405015,13111467,0,0,2019-01-30 12:02:12," 설 선물을 주문했는데, 2개가 배송이 되었네요. ",595,2,0,0
2019-01-31 10:02:20.489297,13111467,0,0,2019-01-30 12:02:12," 설 선물을 주문했는데, 2개가 배송이 되었네요. ",596,1,0,0
2019-01-31 11:02:12.662216,13111467,0,0,2019-01-30 12:02:12," 설 선물을 주문했는데, 2개가 배송이 되었네요. ",598,2,0,0
2019-01-31 12:02:17.762046,13111467,0,0,2019-01-30 12:02:12," 설 선물을 주문했는데, 2개가 배송이 되었네요. ",600,2,0,0
