check_time,id,post_reply,post_symph,post_time,post_title,post_view,post_view_diff,post_reply_diff,post_symph_diff
2019-01-26 13:06:41.309996,13097616,6,0,2019-01-26 12:06:33, 결혼식 시작하기전에 식사드셔본적 있나요 ,874,874,6,0
2019-01-26 14:06:33.599302,13097616,6,0,2019-01-26 12:06:33, 결혼식 시작하기전에 식사드셔본적 있나요 ,969,95,0,0
2019-01-26 15:06:38.652474,13097616,6,0,2019-01-26 12:06:33, 결혼식 시작하기전에 식사드셔본적 있나요 ,1023,54,0,0
2019-01-26 16:06:43.733603,13097616,6,0,2019-01-26 12:06:33, 결혼식 시작하기전에 식사드셔본적 있나요 ,1053,30,0,0
2019-01-26 17:06:35.813519,13097616,6,0,2019-01-26 12:06:33, 결혼식 시작하기전에 식사드셔본적 있나요 ,1070,17,0,0
2019-01-26 18:06:41.050517,13097616,6,0,2019-01-26 12:06:33, 결혼식 시작하기전에 식사드셔본적 있나요 ,1083,13,0,0
2019-01-26 19:06:33.130484,13097616,6,0,2019-01-26 12:06:33, 결혼식 시작하기전에 식사드셔본적 있나요 ,1098,15,0,0
2019-01-26 20:06:38.256792,13097616,6,0,2019-01-26 12:06:33, 결혼식 시작하기전에 식사드셔본적 있나요 ,1105,7,0,0
2019-01-26 21:06:43.357555,13097616,6,0,2019-01-26 12:06:33, 결혼식 시작하기전에 식사드셔본적 있나요 ,1111,6,0,0
2019-01-26 22:06:35.406016,13097616,6,0,2019-01-26 12:06:33, 결혼식 시작하기전에 식사드셔본적 있나요 ,1115,4,0,0
2019-01-26 23:06:40.560855,13097616,6,0,2019-01-26 12:06:33, 결혼식 시작하기전에 식사드셔본적 있나요 ,1121,6,0,0
2019-01-27 00:06:45.711254,13097616,6,0,2019-01-26 12:06:33, 결혼식 시작하기전에 식사드셔본적 있나요 ,1123,2,0,0
2019-01-27 01:06:37.854417,13097616,6,0,2019-01-26 12:06:33, 결혼식 시작하기전에 식사드셔본적 있나요 ,1126,3,0,0
2019-01-27 02:06:42.966927,13097616,6,0,2019-01-26 12:06:33, 결혼식 시작하기전에 식사드셔본적 있나요 ,1131,5,0,0
2019-01-27 03:06:35.010757,13097616,6,0,2019-01-26 12:06:33, 결혼식 시작하기전에 식사드셔본적 있나요 ,1133,2,0,0
2019-01-27 04:06:40.007090,13097616,6,0,2019-01-26 12:06:33, 결혼식 시작하기전에 식사드셔본적 있나요 ,1134,1,0,0
2019-01-27 05:06:45.033367,13097616,6,0,2019-01-26 12:06:33, 결혼식 시작하기전에 식사드셔본적 있나요 ,1135,1,0,0
2019-01-27 06:06:37.097577,13097616,6,0,2019-01-26 12:06:33, 결혼식 시작하기전에 식사드셔본적 있나요 ,1137,2,0,0
2019-01-27 07:06:42.110760,13097616,6,0,2019-01-26 12:06:33, 결혼식 시작하기전에 식사드셔본적 있나요 ,1139,2,0,0
2019-01-27 08:06:35.524475,13097616,6,0,2019-01-26 12:06:33, 결혼식 시작하기전에 식사드셔본적 있나요 ,1140,1,0,0
2019-01-27 09:06:40.571759,13097616,6,0,2019-01-26 12:06:33, 결혼식 시작하기전에 식사드셔본적 있나요 ,1143,3,0,0
2019-01-27 10:06:45.623701,13097616,6,0,2019-01-26 12:06:33, 결혼식 시작하기전에 식사드셔본적 있나요 ,1144,1,0,0
2019-01-27 11:06:37.687076,13097616,6,0,2019-01-26 12:06:33, 결혼식 시작하기전에 식사드셔본적 있나요 ,1147,3,0,0
2019-01-27 12:06:42.759862,13097616,6,0,2019-01-26 12:06:33, 결혼식 시작하기전에 식사드셔본적 있나요 ,1147,0,0,0
