check_time,id,post_reply,post_symph,post_time,post_title,post_view,post_view_diff,post_reply_diff,post_symph_diff
2019-01-28 14:17:15.292315,13104289,35,0,2019-01-28 13:17:14, 자동차 스타트버튼모터 갈아야 한다는군요 ,1311,1311,35,0
2019-01-28 15:17:21.099185,13104289,35,0,2019-01-28 13:17:14, 자동차 스타트버튼모터 갈아야 한다는군요 ,1502,191,0,0
2019-01-28 16:17:26.285544,13104289,35,0,2019-01-28 13:17:14, 자동차 스타트버튼모터 갈아야 한다는군요 ,1619,117,0,0
2019-01-28 17:17:18.392161,13104289,35,0,2019-01-28 13:17:14, 자동차 스타트버튼모터 갈아야 한다는군요 ,1718,99,0,0
2019-01-28 18:17:23.645620,13104289,35,0,2019-01-28 13:17:14, 자동차 스타트버튼모터 갈아야 한다는군요 ,1807,89,0,0
2019-01-28 19:17:15.760855,13104289,35,0,2019-01-28 13:17:14, 자동차 스타트버튼모터 갈아야 한다는군요 ,1827,20,0,0
2019-01-28 20:17:20.788958,13104289,35,0,2019-01-28 13:17:14, 자동차 스타트버튼모터 갈아야 한다는군요 ,1838,11,0,0
2019-01-28 21:17:25.852899,13104289,35,0,2019-01-28 13:17:14, 자동차 스타트버튼모터 갈아야 한다는군요 ,1846,8,0,0
2019-01-28 22:17:17.883385,13104289,35,0,2019-01-28 13:17:14, 자동차 스타트버튼모터 갈아야 한다는군요 ,1854,8,0,0
2019-01-28 23:17:22.945059,13104289,35,0,2019-01-28 13:17:14, 자동차 스타트버튼모터 갈아야 한다는군요 ,1862,8,0,0
2019-01-29 00:17:15.095920,13104289,35,0,2019-01-28 13:17:14, 자동차 스타트버튼모터 갈아야 한다는군요 ,1866,4,0,0
2019-01-29 01:17:20.145015,13104289,35,0,2019-01-28 13:17:14, 자동차 스타트버튼모터 갈아야 한다는군요 ,1869,3,0,0
2019-01-29 02:17:25.217943,13104289,35,0,2019-01-28 13:17:14, 자동차 스타트버튼모터 갈아야 한다는군요 ,1872,3,0,0
2019-01-29 03:17:17.280227,13104289,35,0,2019-01-28 13:17:14, 자동차 스타트버튼모터 갈아야 한다는군요 ,1875,3,0,0
2019-01-29 04:17:22.339674,13104289,35,0,2019-01-28 13:17:14, 자동차 스타트버튼모터 갈아야 한다는군요 ,1877,2,0,0
2019-01-29 05:17:14.396409,13104289,35,0,2019-01-28 13:17:14, 자동차 스타트버튼모터 갈아야 한다는군요 ,1880,3,0,0
2019-01-29 06:17:19.477312,13104289,35,0,2019-01-28 13:17:14, 자동차 스타트버튼모터 갈아야 한다는군요 ,1881,1,0,0
2019-01-29 07:17:24.662064,13104289,35,0,2019-01-28 13:17:14, 자동차 스타트버튼모터 갈아야 한다는군요 ,1883,2,0,0
2019-01-29 08:17:16.812680,13104289,35,0,2019-01-28 13:17:14, 자동차 스타트버튼모터 갈아야 한다는군요 ,1884,1,0,0
2019-01-29 09:17:21.949678,13104289,35,0,2019-01-28 13:17:14, 자동차 스타트버튼모터 갈아야 한다는군요 ,1887,3,0,0
2019-01-29 10:17:14.259806,13104289,35,0,2019-01-28 13:17:14, 자동차 스타트버튼모터 갈아야 한다는군요 ,1890,3,0,0
2019-01-29 11:17:19.474323,13104289,35,0,2019-01-28 13:17:14, 자동차 스타트버튼모터 갈아야 한다는군요 ,1892,2,0,0
2019-01-29 12:17:25.784594,13104289,35,0,2019-01-28 13:17:14, 자동차 스타트버튼모터 갈아야 한다는군요 ,1893,1,0,0
2019-01-29 13:17:17.989776,13104289,35,0,2019-01-28 13:17:14, 자동차 스타트버튼모터 갈아야 한다는군요 ,1895,2,0,0
