check_time,id,post_reply,post_symph,post_time,post_title,post_view,post_view_diff,post_reply_diff,post_symph_diff
2019-01-27 14:47:09.191896,13101008,28,0,2019-01-27 13:47:08, (페미기사제목) 침실 옷방 남편서재 내방은 왜 없을까? ,2358,2358,28,0
2019-01-27 15:47:14.280828,13101008,29,0,2019-01-27 13:47:08, (페미기사제목) 침실 옷방 남편서재 내방은 왜 없을까? ,2915,557,1,0
2019-01-27 16:47:19.299686,13101008,30,0,2019-01-27 13:47:08, (페미기사제목) 침실 옷방 남편서재 내방은 왜 없을까? ,3211,296,1,0
2019-01-27 17:47:11.304524,13101008,30,0,2019-01-27 13:47:08, (페미기사제목) 침실 옷방 남편서재 내방은 왜 없을까? ,3388,177,0,0
2019-01-27 18:47:16.633077,13101008,30,0,2019-01-27 13:47:08, (페미기사제목) 침실 옷방 남편서재 내방은 왜 없을까? ,3472,84,0,0
2019-01-27 19:47:08.858413,13101008,30,0,2019-01-27 13:47:08, (페미기사제목) 침실 옷방 남편서재 내방은 왜 없을까? ,3541,69,0,0
2019-01-27 20:47:13.942573,13101008,30,0,2019-01-27 13:47:08, (페미기사제목) 침실 옷방 남편서재 내방은 왜 없을까? ,3588,47,0,0
2019-01-27 21:47:19.045529,13101008,30,0,2019-01-27 13:47:08, (페미기사제목) 침실 옷방 남편서재 내방은 왜 없을까? ,3617,29,0,0
2019-01-27 22:47:11.053574,13101008,30,0,2019-01-27 13:47:08, (페미기사제목) 침실 옷방 남편서재 내방은 왜 없을까? ,3643,26,0,0
2019-01-27 23:47:16.128563,13101008,30,0,2019-01-27 13:47:08, (페미기사제목) 침실 옷방 남편서재 내방은 왜 없을까? ,3667,24,0,0
2019-01-28 00:47:08.248043,13101008,30,0,2019-01-27 13:47:08, (페미기사제목) 침실 옷방 남편서재 내방은 왜 없을까? ,3679,12,0,0
2019-01-28 01:47:13.235128,13101008,30,0,2019-01-27 13:47:08, (페미기사제목) 침실 옷방 남편서재 내방은 왜 없을까? ,3688,9,0,0
2019-01-28 02:47:18.300608,13101008,30,0,2019-01-27 13:47:08, (페미기사제목) 침실 옷방 남편서재 내방은 왜 없을까? ,3690,2,0,0
2019-01-28 03:47:10.266138,13101008,30,0,2019-01-27 13:47:08, (페미기사제목) 침실 옷방 남편서재 내방은 왜 없을까? ,3693,3,0,0
2019-01-28 04:47:15.346252,13101008,30,0,2019-01-27 13:47:08, (페미기사제목) 침실 옷방 남편서재 내방은 왜 없을까? ,3696,3,0,0
2019-01-28 05:47:20.409193,13101008,30,0,2019-01-27 13:47:08, (페미기사제목) 침실 옷방 남편서재 내방은 왜 없을까? ,3701,5,0,0
2019-01-28 06:47:12.434593,13101008,30,0,2019-01-27 13:47:08, (페미기사제목) 침실 옷방 남편서재 내방은 왜 없을까? ,3704,3,0,0
2019-01-28 07:47:17.522224,13101008,29,0,2019-01-27 13:47:08, (페미기사제목) 침실 옷방 남편서재 내방은 왜 없을까? ,3708,4,-1,0
2019-01-28 08:47:09.595372,13101008,29,0,2019-01-27 13:47:08, (페미기사제목) 침실 옷방 남편서재 내방은 왜 없을까? ,3710,2,0,0
2019-01-28 09:47:14.636843,13101008,29,0,2019-01-27 13:47:08, (페미기사제목) 침실 옷방 남편서재 내방은 왜 없을까? ,3713,3,0,0
2019-01-28 10:47:19.611084,13101008,29,0,2019-01-27 13:47:08, (페미기사제목) 침실 옷방 남편서재 내방은 왜 없을까? ,3717,4,0,0
2019-01-28 11:47:11.684188,13101008,29,0,2019-01-27 13:47:08, (페미기사제목) 침실 옷방 남편서재 내방은 왜 없을까? ,3721,4,0,0
2019-01-28 12:47:16.698018,13101008,29,0,2019-01-27 13:47:08, (페미기사제목) 침실 옷방 남편서재 내방은 왜 없을까? ,3725,4,0,0
2019-01-28 13:47:09.177136,13101008,29,0,2019-01-27 13:47:08, (페미기사제목) 침실 옷방 남편서재 내방은 왜 없을까? ,3731,6,0,0
