check_time,id,post_reply,post_symph,post_time,post_title,post_view,post_view_diff,post_reply_diff,post_symph_diff
2019-01-27 14:56:23.861772,13101032,4,0,2019-01-27 13:56:19, 유용한사이트에 있는 2D캐릭터 만들기 재미지네요 ,704,704,4,0
2019-01-27 15:56:28.993356,13101032,6,0,2019-01-27 13:56:19, 유용한사이트에 있는 2D캐릭터 만들기 재미지네요 ,817,113,2,0
2019-01-27 16:56:21.045577,13101032,6,0,2019-01-27 13:56:19, 유용한사이트에 있는 2D캐릭터 만들기 재미지네요 ,864,47,0,0
2019-01-27 17:56:26.256344,13101032,6,0,2019-01-27 13:56:19, 유용한사이트에 있는 2D캐릭터 만들기 재미지네요 ,897,33,0,0
2019-01-27 18:56:31.345707,13101032,6,0,2019-01-27 13:56:19, 유용한사이트에 있는 2D캐릭터 만들기 재미지네요 ,912,15,0,0
2019-01-27 19:56:23.412297,13101032,6,0,2019-01-27 13:56:19, 유용한사이트에 있는 2D캐릭터 만들기 재미지네요 ,919,7,0,0
2019-01-27 20:56:28.575655,13101032,6,0,2019-01-27 13:56:19, 유용한사이트에 있는 2D캐릭터 만들기 재미지네요 ,921,2,0,0
2019-01-27 21:56:20.616003,13101032,6,0,2019-01-27 13:56:19, 유용한사이트에 있는 2D캐릭터 만들기 재미지네요 ,927,6,0,0
2019-01-27 22:56:25.684223,13101032,6,0,2019-01-27 13:56:19, 유용한사이트에 있는 2D캐릭터 만들기 재미지네요 ,932,5,0,0
2019-01-27 23:56:30.780329,13101032,6,0,2019-01-27 13:56:19, 유용한사이트에 있는 2D캐릭터 만들기 재미지네요 ,935,3,0,0
2019-01-28 00:56:22.886891,13101032,6,0,2019-01-27 13:56:19, 유용한사이트에 있는 2D캐릭터 만들기 재미지네요 ,938,3,0,0
2019-01-28 01:56:27.874096,13101032,6,0,2019-01-27 13:56:19, 유용한사이트에 있는 2D캐릭터 만들기 재미지네요 ,942,4,0,0
2019-01-28 02:56:19.900711,13101032,6,0,2019-01-27 13:56:19, 유용한사이트에 있는 2D캐릭터 만들기 재미지네요 ,947,5,0,0
2019-01-28 03:56:24.967916,13101032,6,0,2019-01-27 13:56:19, 유용한사이트에 있는 2D캐릭터 만들기 재미지네요 ,947,0,0,0
2019-01-28 04:56:29.980586,13101032,6,0,2019-01-27 13:56:19, 유용한사이트에 있는 2D캐릭터 만들기 재미지네요 ,949,2,0,0
2019-01-28 05:56:22.005932,13101032,6,0,2019-01-27 13:56:19, 유용한사이트에 있는 2D캐릭터 만들기 재미지네요 ,950,1,0,0
2019-01-28 06:56:27.041224,13101032,6,0,2019-01-27 13:56:19, 유용한사이트에 있는 2D캐릭터 만들기 재미지네요 ,952,2,0,0
2019-01-28 07:56:19.370212,13101032,6,0,2019-01-27 13:56:19, 유용한사이트에 있는 2D캐릭터 만들기 재미지네요 ,955,3,0,0
2019-01-28 08:56:24.446090,13101032,6,0,2019-01-27 13:56:19, 유용한사이트에 있는 2D캐릭터 만들기 재미지네요 ,957,2,0,0
2019-01-28 09:56:29.545475,13101032,6,0,2019-01-27 13:56:19, 유용한사이트에 있는 2D캐릭터 만들기 재미지네요 ,960,3,0,0
2019-01-28 10:56:21.608828,13101032,6,0,2019-01-27 13:56:19, 유용한사이트에 있는 2D캐릭터 만들기 재미지네요 ,962,2,0,0
2019-01-28 11:56:26.676433,13101032,6,0,2019-01-27 13:56:19, 유용한사이트에 있는 2D캐릭터 만들기 재미지네요 ,964,2,0,0
2019-01-28 12:56:31.743436,13101032,6,0,2019-01-27 13:56:19, 유용한사이트에 있는 2D캐릭터 만들기 재미지네요 ,967,3,0,0
2019-01-28 13:56:23.779415,13101032,6,0,2019-01-27 13:56:19, 유용한사이트에 있는 2D캐릭터 만들기 재미지네요 ,967,0,0,0
