check_time,id,post_reply,post_symph,post_time,post_title,post_view,post_view_diff,post_reply_diff,post_symph_diff
2019-01-24 14:12:03.999838,13089227,8,0,2019-01-24 13:11:51, 후방?)플스사신분들 섬란하세요 ,3600,3600,8,0
2019-01-24 15:11:56.343820,13089227,8,0,2019-01-24 13:11:51, 후방?)플스사신분들 섬란하세요 ,4092,492,0,0
2019-01-24 16:12:01.360350,13089227,8,0,2019-01-24 13:11:51, 후방?)플스사신분들 섬란하세요 ,4347,255,0,0
2019-01-24 17:11:53.607860,13089227,8,0,2019-01-24 13:11:51, 후방?)플스사신분들 섬란하세요 ,4547,200,0,0
2019-01-24 18:11:58.840800,13089227,8,0,2019-01-24 13:11:51, 후방?)플스사신분들 섬란하세요 ,4723,176,0,0
2019-01-24 19:12:03.948354,13089227,8,0,2019-01-24 13:11:51, 후방?)플스사신분들 섬란하세요 ,4847,124,0,0
2019-01-24 20:11:56.063035,13089227,8,0,2019-01-24 13:11:51, 후방?)플스사신분들 섬란하세요 ,4981,134,0,0
2019-01-24 21:12:01.237904,13089227,8,0,2019-01-24 13:11:51, 후방?)플스사신분들 섬란하세요 ,5084,103,0,0
2019-01-24 22:11:53.379868,13089227,8,0,2019-01-24 13:11:51, 후방?)플스사신분들 섬란하세요 ,5230,146,0,0
2019-01-24 23:11:58.433348,13089227,8,0,2019-01-24 13:11:51, 후방?)플스사신분들 섬란하세요 ,5374,144,0,0
2019-01-25 00:12:03.466808,13089227,8,0,2019-01-24 13:11:51, 후방?)플스사신분들 섬란하세요 ,5512,138,0,0
2019-01-25 01:11:55.507126,13089227,8,0,2019-01-24 13:11:51, 후방?)플스사신분들 섬란하세요 ,5628,116,0,0
2019-01-25 02:12:00.557562,13089227,8,0,2019-01-24 13:11:51, 후방?)플스사신분들 섬란하세요 ,5706,78,0,0
2019-01-25 03:11:52.625335,13089227,8,0,2019-01-24 13:11:51, 후방?)플스사신분들 섬란하세요 ,5745,39,0,0
2019-01-25 04:11:57.729535,13089227,8,0,2019-01-24 13:11:51, 후방?)플스사신분들 섬란하세요 ,5760,15,0,0
2019-01-25 05:12:02.729494,13089227,8,0,2019-01-24 13:11:51, 후방?)플스사신분들 섬란하세요 ,5779,19,0,0
2019-01-25 06:11:54.702854,13089227,8,0,2019-01-24 13:11:51, 후방?)플스사신분들 섬란하세요 ,5810,31,0,0
2019-01-25 07:11:59.726817,13089227,8,0,2019-01-24 13:11:51, 후방?)플스사신분들 섬란하세요 ,5877,67,0,0
2019-01-25 08:11:52.237914,13089227,8,0,2019-01-24 13:11:51, 후방?)플스사신분들 섬란하세요 ,5946,69,0,0
2019-01-25 09:11:57.282794,13089227,8,0,2019-01-24 13:11:51, 후방?)플스사신분들 섬란하세요 ,6008,62,0,0
2019-01-25 10:12:02.533473,13089227,8,0,2019-01-24 13:11:51, 후방?)플스사신분들 섬란하세요 ,6054,46,0,0
2019-01-25 11:11:56.235152,13089227,8,0,2019-01-24 13:11:51, 후방?)플스사신분들 섬란하세요 ,6087,33,0,0
2019-01-25 12:12:01.648101,13089227,8,0,2019-01-24 13:11:51, 후방?)플스사신분들 섬란하세요 ,6102,15,0,0
2019-01-25 13:11:54.217715,13089227,8,0,2019-01-24 13:11:51, 후방?)플스사신분들 섬란하세요 ,6134,32,0,0
