check_time,id,post_reply,post_symph,post_time,post_title,post_view,post_view_diff,post_reply_diff,post_symph_diff
2019-01-27 14:36:49.619069,13100970,6,0,2019-01-27 13:36:41, 예전 여친이랑 헤어지기 전 생리대 사다줬는데 ,2287,2287,6,0
2019-01-27 15:36:41.680917,13100970,6,0,2019-01-27 13:36:41, 예전 여친이랑 헤어지기 전 생리대 사다줬는데 ,2734,447,0,0
2019-01-27 16:36:46.824445,13100970,6,0,2019-01-27 13:36:41, 예전 여친이랑 헤어지기 전 생리대 사다줬는데 ,2952,218,0,0
2019-01-27 17:36:51.931931,13100970,6,0,2019-01-27 13:36:41, 예전 여친이랑 헤어지기 전 생리대 사다줬는데 ,3072,120,0,0
2019-01-27 18:36:44.026877,13100970,6,0,2019-01-27 13:36:41, 예전 여친이랑 헤어지기 전 생리대 사다줬는데 ,3152,80,0,0
2019-01-27 19:36:49.151218,13100970,6,0,2019-01-27 13:36:41, 예전 여친이랑 헤어지기 전 생리대 사다줬는데 ,3214,62,0,0
2019-01-27 20:36:41.125870,13100970,6,0,2019-01-27 13:36:41, 예전 여친이랑 헤어지기 전 생리대 사다줬는데 ,3255,41,0,0
2019-01-27 21:36:46.225691,13100970,6,0,2019-01-27 13:36:41, 예전 여친이랑 헤어지기 전 생리대 사다줬는데 ,3293,38,0,0
2019-01-27 22:36:51.229166,13100970,6,0,2019-01-27 13:36:41, 예전 여친이랑 헤어지기 전 생리대 사다줬는데 ,3317,24,0,0
2019-01-27 23:36:43.270535,13100970,6,0,2019-01-27 13:36:41, 예전 여친이랑 헤어지기 전 생리대 사다줬는데 ,3344,27,0,0
2019-01-28 00:36:48.373576,13100970,6,0,2019-01-27 13:36:41, 예전 여친이랑 헤어지기 전 생리대 사다줬는데 ,3358,14,0,0
2019-01-28 01:36:53.387477,13100970,6,0,2019-01-27 13:36:41, 예전 여친이랑 헤어지기 전 생리대 사다줬는데 ,3369,11,0,0
2019-01-28 02:36:45.431518,13100970,6,0,2019-01-27 13:36:41, 예전 여친이랑 헤어지기 전 생리대 사다줬는데 ,3376,7,0,0
2019-01-28 03:36:50.431669,13100970,6,0,2019-01-27 13:36:41, 예전 여친이랑 헤어지기 전 생리대 사다줬는데 ,3378,2,0,0
2019-01-28 04:36:42.746791,13100970,6,0,2019-01-27 13:36:41, 예전 여친이랑 헤어지기 전 생리대 사다줬는데 ,3380,2,0,0
2019-01-28 05:36:47.906355,13100970,6,0,2019-01-27 13:36:41, 예전 여친이랑 헤어지기 전 생리대 사다줬는데 ,3384,4,0,0
2019-01-28 06:36:53.021883,13100970,6,0,2019-01-27 13:36:41, 예전 여친이랑 헤어지기 전 생리대 사다줬는데 ,3386,2,0,0
2019-01-28 07:36:45.259039,13100970,6,0,2019-01-27 13:36:41, 예전 여친이랑 헤어지기 전 생리대 사다줬는데 ,3390,4,0,0
2019-01-28 08:36:50.369437,13100970,6,0,2019-01-27 13:36:41, 예전 여친이랑 헤어지기 전 생리대 사다줬는데 ,3393,3,0,0
2019-01-28 09:36:42.445960,13100970,6,0,2019-01-27 13:36:41, 예전 여친이랑 헤어지기 전 생리대 사다줬는데 ,3396,3,0,0
2019-01-28 10:36:47.434574,13100970,6,0,2019-01-27 13:36:41, 예전 여친이랑 헤어지기 전 생리대 사다줬는데 ,3401,5,0,0
2019-01-28 11:36:52.594710,13100970,6,0,2019-01-27 13:36:41, 예전 여친이랑 헤어지기 전 생리대 사다줬는데 ,3404,3,0,0
2019-01-28 12:36:44.641156,13100970,6,0,2019-01-27 13:36:41, 예전 여친이랑 헤어지기 전 생리대 사다줬는데 ,3409,5,0,0
2019-01-28 13:36:49.704626,13100970,6,0,2019-01-27 13:36:41, 예전 여친이랑 헤어지기 전 생리대 사다줬는데 ,3413,4,0,0
