check_time,id,post_reply,post_symph,post_time,post_title,post_view,post_view_diff,post_reply_diff,post_symph_diff
2019-01-30 14:21:48.817009,13111743,19,0,2019-01-30 13:21:45, 저도 예쁜 공유기 ,1931,1931,19,0
2019-01-30 15:21:53.808266,13111743,19,0,2019-01-30 13:21:45, 저도 예쁜 공유기 ,2022,91,0,0
2019-01-30 16:21:46.686377,13111743,19,0,2019-01-30 13:21:45, 저도 예쁜 공유기 ,2046,24,0,0
2019-01-30 17:21:51.958531,13111743,19,0,2019-01-30 13:21:45, 저도 예쁜 공유기 ,2053,7,0,0
2019-01-30 18:21:57.008030,13111743,19,0,2019-01-30 13:21:45, 저도 예쁜 공유기 ,2058,5,0,0
2019-01-30 19:21:49.023671,13111743,19,0,2019-01-30 13:21:45, 저도 예쁜 공유기 ,2065,7,0,0
2019-01-30 20:21:54.011042,13111743,19,0,2019-01-30 13:21:45, 저도 예쁜 공유기 ,2068,3,0,0
2019-01-30 21:21:46.052890,13111743,19,0,2019-01-30 13:21:45, 저도 예쁜 공유기 ,2071,3,0,0
2019-01-30 22:21:51.132996,13111743,19,0,2019-01-30 13:21:45, 저도 예쁜 공유기 ,2072,1,0,0
2019-01-30 23:21:56.209918,13111743,19,0,2019-01-30 13:21:45, 저도 예쁜 공유기 ,2078,6,0,0
2019-01-31 00:21:48.216858,13111743,19,0,2019-01-30 13:21:45, 저도 예쁜 공유기 ,2081,3,0,0
2019-01-31 01:21:53.307118,13111743,19,0,2019-01-30 13:21:45, 저도 예쁜 공유기 ,2090,9,0,0
2019-01-31 02:21:45.457850,13111743,19,0,2019-01-30 13:21:45, 저도 예쁜 공유기 ,2094,4,0,0
2019-01-31 03:21:50.576910,13111743,19,0,2019-01-30 13:21:45, 저도 예쁜 공유기 ,2095,1,0,0
2019-01-31 04:21:55.774273,13111743,19,0,2019-01-30 13:21:45, 저도 예쁜 공유기 ,2098,3,0,0
2019-01-31 05:21:47.926977,13111743,19,0,2019-01-30 13:21:45, 저도 예쁜 공유기 ,2100,2,0,0
2019-01-31 06:21:52.940498,13111743,19,0,2019-01-30 13:21:45, 저도 예쁜 공유기 ,2106,6,0,0
2019-01-31 07:21:57.993274,13111743,19,0,2019-01-30 13:21:45, 저도 예쁜 공유기 ,2109,3,0,0
2019-01-31 08:21:50.279536,13111743,19,0,2019-01-30 13:21:45, 저도 예쁜 공유기 ,2111,2,0,0
2019-01-31 09:21:55.369597,13111743,19,0,2019-01-30 13:21:45, 저도 예쁜 공유기 ,2115,4,0,0
2019-01-31 10:21:47.386623,13111743,19,0,2019-01-30 13:21:45, 저도 예쁜 공유기 ,2117,2,0,0
2019-01-31 11:21:52.400914,13111743,19,0,2019-01-30 13:21:45, 저도 예쁜 공유기 ,2120,3,0,0
2019-01-31 12:21:57.386880,13111743,19,0,2019-01-30 13:21:45, 저도 예쁜 공유기 ,2125,5,0,0
2019-01-31 13:21:49.367232,13111743,19,0,2019-01-30 13:21:45, 저도 예쁜 공유기 ,2127,2,0,0
