check_time,id,post_reply,post_symph,post_time,post_title,post_view,post_view_diff,post_reply_diff,post_symph_diff
2019-01-28 14:57:03.019905,13104434,5,1,2019-01-28 13:57:00, 오늘 북아일랜드 경찰의 긴급공지 '레드팬다가 가출했어요.'.jpg ,1516,1516,5,1
2019-01-28 15:57:08.240697,13104434,5,1,2019-01-28 13:57:00, 오늘 북아일랜드 경찰의 긴급공지 '레드팬다가 가출했어요.'.jpg ,1635,119,0,0
2019-01-28 16:57:00.342835,13104434,5,1,2019-01-28 13:57:00, 오늘 북아일랜드 경찰의 긴급공지 '레드팬다가 가출했어요.'.jpg ,1681,46,0,0
2019-01-28 17:57:05.352205,13104434,5,1,2019-01-28 13:57:00, 오늘 북아일랜드 경찰의 긴급공지 '레드팬다가 가출했어요.'.jpg ,1714,33,0,0
2019-01-28 18:57:10.425685,13104434,5,1,2019-01-28 13:57:00, 오늘 북아일랜드 경찰의 긴급공지 '레드팬다가 가출했어요.'.jpg ,1730,16,0,0
2019-01-28 19:57:02.470817,13104434,5,1,2019-01-28 13:57:00, 오늘 북아일랜드 경찰의 긴급공지 '레드팬다가 가출했어요.'.jpg ,1732,2,0,0
2019-01-28 20:57:07.593864,13104434,5,1,2019-01-28 13:57:00, 오늘 북아일랜드 경찰의 긴급공지 '레드팬다가 가출했어요.'.jpg ,1737,5,0,0
2019-01-28 21:57:12.734003,13104434,5,1,2019-01-28 13:57:00, 오늘 북아일랜드 경찰의 긴급공지 '레드팬다가 가출했어요.'.jpg ,1743,6,0,0
2019-01-28 22:57:04.764630,13104434,5,1,2019-01-28 13:57:00, 오늘 북아일랜드 경찰의 긴급공지 '레드팬다가 가출했어요.'.jpg ,1748,5,0,0
2019-01-28 23:57:09.823658,13104434,5,1,2019-01-28 13:57:00, 오늘 북아일랜드 경찰의 긴급공지 '레드팬다가 가출했어요.'.jpg ,1750,2,0,0
2019-01-29 00:57:02.083206,13104434,5,1,2019-01-28 13:57:00, 오늘 북아일랜드 경찰의 긴급공지 '레드팬다가 가출했어요.'.jpg ,1755,5,0,0
2019-01-29 01:57:07.171399,13104434,5,1,2019-01-28 13:57:00, 오늘 북아일랜드 경찰의 긴급공지 '레드팬다가 가출했어요.'.jpg ,1759,4,0,0
2019-01-29 02:57:12.289382,13104434,5,1,2019-01-28 13:57:00, 오늘 북아일랜드 경찰의 긴급공지 '레드팬다가 가출했어요.'.jpg ,1767,8,0,0
2019-01-29 03:57:04.587331,13104434,5,1,2019-01-28 13:57:00, 오늘 북아일랜드 경찰의 긴급공지 '레드팬다가 가출했어요.'.jpg ,1768,1,0,0
2019-01-29 04:57:09.700720,13104434,5,1,2019-01-28 13:57:00, 오늘 북아일랜드 경찰의 긴급공지 '레드팬다가 가출했어요.'.jpg ,1771,3,0,0
2019-01-29 05:57:01.817510,13104434,5,1,2019-01-28 13:57:00, 오늘 북아일랜드 경찰의 긴급공지 '레드팬다가 가출했어요.'.jpg ,1772,1,0,0
2019-01-29 06:57:07.124394,13104434,5,1,2019-01-28 13:57:00, 오늘 북아일랜드 경찰의 긴급공지 '레드팬다가 가출했어요.'.jpg ,1774,2,0,0
2019-01-29 07:57:12.239289,13104434,5,1,2019-01-28 13:57:00, 오늘 북아일랜드 경찰의 긴급공지 '레드팬다가 가출했어요.'.jpg ,1776,2,0,0
2019-01-29 08:57:04.311752,13104434,5,1,2019-01-28 13:57:00, 오늘 북아일랜드 경찰의 긴급공지 '레드팬다가 가출했어요.'.jpg ,1778,2,0,0
2019-01-29 09:57:09.445902,13104434,5,1,2019-01-28 13:57:00, 오늘 북아일랜드 경찰의 긴급공지 '레드팬다가 가출했어요.'.jpg ,1779,1,0,0
2019-01-29 10:57:01.970367,13104434,5,1,2019-01-28 13:57:00, 오늘 북아일랜드 경찰의 긴급공지 '레드팬다가 가출했어요.'.jpg ,1782,3,0,0
2019-01-29 11:57:07.016160,13104434,5,1,2019-01-28 13:57:00, 오늘 북아일랜드 경찰의 긴급공지 '레드팬다가 가출했어요.'.jpg ,1785,3,0,0
2019-01-29 12:57:12.357960,13104434,5,1,2019-01-28 13:57:00, 오늘 북아일랜드 경찰의 긴급공지 '레드팬다가 가출했어요.'.jpg ,1788,3,0,0
2019-01-29 13:57:04.473040,13104434,5,1,2019-01-28 13:57:00, 오늘 북아일랜드 경찰의 긴급공지 '레드팬다가 가출했어요.'.jpg ,1789,1,0,0
