check_time,id,post_reply,post_symph,post_time,post_title,post_view,post_view_diff,post_reply_diff,post_symph_diff
2019-01-24 14:56:57.624708,13089412,0,0,2019-01-24 13:56:48, 아이보ㅜ귀엽네요 ㅠㅠㅜ ,657,657,0,0
2019-01-24 15:56:49.694368,13089412,0,0,2019-01-24 13:56:48, 아이보ㅜ귀엽네요 ㅠㅠㅜ ,699,42,0,0
2019-01-24 16:56:54.774961,13089412,0,0,2019-01-24 13:56:48, 아이보ㅜ귀엽네요 ㅠㅠㅜ ,714,15,0,0
2019-01-24 17:56:59.796888,13089412,0,0,2019-01-24 13:56:48, 아이보ㅜ귀엽네요 ㅠㅠㅜ ,726,12,0,0
2019-01-24 18:56:51.847134,13089412,0,0,2019-01-24 13:56:48, 아이보ㅜ귀엽네요 ㅠㅠㅜ ,732,6,0,0
2019-01-24 19:56:57.019678,13089412,0,0,2019-01-24 13:56:48, 아이보ㅜ귀엽네요 ㅠㅠㅜ ,736,4,0,0
2019-01-24 20:56:49.276797,13089412,0,0,2019-01-24 13:56:48, 아이보ㅜ귀엽네요 ㅠㅠㅜ ,742,6,0,0
2019-01-24 21:56:54.394682,13089412,0,0,2019-01-24 13:56:48, 아이보ㅜ귀엽네요 ㅠㅠㅜ ,747,5,0,0
2019-01-24 22:56:59.436962,13089412,0,0,2019-01-24 13:56:48, 아이보ㅜ귀엽네요 ㅠㅠㅜ ,750,3,0,0
2019-01-24 23:56:51.430984,13089412,0,0,2019-01-24 13:56:48, 아이보ㅜ귀엽네요 ㅠㅠㅜ ,751,1,0,0
2019-01-25 00:56:56.508289,13089412,0,0,2019-01-24 13:56:48, 아이보ㅜ귀엽네요 ㅠㅠㅜ ,752,1,0,0
2019-01-25 01:56:48.595759,13089412,0,0,2019-01-24 13:56:48, 아이보ㅜ귀엽네요 ㅠㅠㅜ ,755,3,0,0
2019-01-25 02:56:53.735995,13089412,0,0,2019-01-24 13:56:48, 아이보ㅜ귀엽네요 ㅠㅠㅜ ,755,0,0,0
2019-01-25 03:56:58.825548,13089412,0,0,2019-01-24 13:56:48, 아이보ㅜ귀엽네요 ㅠㅠㅜ ,756,1,0,0
2019-01-25 04:56:50.935483,13089412,0,0,2019-01-24 13:56:48, 아이보ㅜ귀엽네요 ㅠㅠㅜ ,757,1,0,0
2019-01-25 05:56:56.275868,13089412,0,0,2019-01-24 13:56:48, 아이보ㅜ귀엽네요 ㅠㅠㅜ ,758,1,0,0
2019-01-25 06:56:48.412718,13089412,0,0,2019-01-24 13:56:48, 아이보ㅜ귀엽네요 ㅠㅠㅜ ,759,1,0,0
2019-01-25 07:56:53.534958,13089412,0,0,2019-01-24 13:56:48, 아이보ㅜ귀엽네요 ㅠㅠㅜ ,761,2,0,0
2019-01-25 08:56:58.934229,13089412,0,0,2019-01-24 13:56:48, 아이보ㅜ귀엽네요 ㅠㅠㅜ ,762,1,0,0
2019-01-25 09:56:51.057642,13089412,0,0,2019-01-24 13:56:48, 아이보ㅜ귀엽네요 ㅠㅠㅜ ,764,2,0,0
2019-01-25 10:56:56.033435,13089412,0,0,2019-01-24 13:56:48, 아이보ㅜ귀엽네요 ㅠㅠㅜ ,765,1,0,0
2019-01-25 11:56:48.027098,13089412,0,0,2019-01-24 13:56:48, 아이보ㅜ귀엽네요 ㅠㅠㅜ ,766,1,0,0
2019-01-25 12:56:53.065672,13089412,0,0,2019-01-24 13:56:48, 아이보ㅜ귀엽네요 ㅠㅠㅜ ,767,1,0,0
2019-01-25 13:56:58.424042,13089412,0,0,2019-01-24 13:56:48, 아이보ㅜ귀엽네요 ㅠㅠㅜ ,768,1,0,0
