check_time,id,post_reply,post_symph,post_time,post_title,post_view,post_view_diff,post_reply_diff,post_symph_diff
2019-01-26 14:37:24.510368,13097898,12,0,2019-01-26 13:37:12, 롯데리아로 아점 ,905,905,12,0
2019-01-26 15:37:16.583740,13097898,13,0,2019-01-26 13:37:12, 롯데리아로 아점 ,1102,197,1,0
2019-01-26 16:37:21.584463,13097898,13,0,2019-01-26 13:37:12, 롯데리아로 아점 ,1177,75,0,0
2019-01-26 17:37:13.610252,13097898,13,0,2019-01-26 13:37:12, 롯데리아로 아점 ,1218,41,0,0
2019-01-26 18:37:18.637054,13097898,13,0,2019-01-26 13:37:12, 롯데리아로 아점 ,1246,28,0,0
2019-01-26 19:37:23.690140,13097898,13,0,2019-01-26 13:37:12, 롯데리아로 아점 ,1261,15,0,0
2019-01-26 20:37:15.742799,13097898,13,0,2019-01-26 13:37:12, 롯데리아로 아점 ,1273,12,0,0
2019-01-26 21:37:20.782758,13097898,13,0,2019-01-26 13:37:12, 롯데리아로 아점 ,1280,7,0,0
2019-01-26 22:37:12.881899,13097898,13,0,2019-01-26 13:37:12, 롯데리아로 아점 ,1290,10,0,0
2019-01-26 23:37:18.024480,13097898,13,0,2019-01-26 13:37:12, 롯데리아로 아점 ,1296,6,0,0
2019-01-27 00:37:23.307461,13097898,13,0,2019-01-26 13:37:12, 롯데리아로 아점 ,1300,4,0,0
2019-01-27 01:37:15.307266,13097898,13,0,2019-01-26 13:37:12, 롯데리아로 아점 ,1302,2,0,0
2019-01-27 02:37:20.373657,13097898,13,0,2019-01-26 13:37:12, 롯데리아로 아점 ,1305,3,0,0
2019-01-27 03:37:12.399191,13097898,13,0,2019-01-26 13:37:12, 롯데리아로 아점 ,1308,3,0,0
2019-01-27 04:37:17.509044,13097898,13,0,2019-01-26 13:37:12, 롯데리아로 아점 ,1311,3,0,0
2019-01-27 05:37:22.600480,13097898,13,0,2019-01-26 13:37:12, 롯데리아로 아점 ,1313,2,0,0
2019-01-27 06:37:14.738392,13097898,13,0,2019-01-26 13:37:12, 롯데리아로 아점 ,1315,2,0,0
2019-01-27 07:37:19.907057,13097898,13,0,2019-01-26 13:37:12, 롯데리아로 아점 ,1317,2,0,0
2019-01-27 08:37:12.110174,13097898,13,0,2019-01-26 13:37:12, 롯데리아로 아점 ,1318,1,0,0
2019-01-27 09:37:17.373561,13097898,13,0,2019-01-26 13:37:12, 롯데리아로 아점 ,1320,2,0,0
2019-01-27 10:37:22.417812,13097898,13,0,2019-01-26 13:37:12, 롯데리아로 아점 ,1321,1,0,0
2019-01-27 11:37:14.630524,13097898,13,0,2019-01-26 13:37:12, 롯데리아로 아점 ,1323,2,0,0
2019-01-27 12:37:19.657325,13097898,13,0,2019-01-26 13:37:12, 롯데리아로 아점 ,1325,2,0,0
2019-01-27 13:37:24.693379,13097898,13,0,2019-01-26 13:37:12, 롯데리아로 아점 ,1326,1,0,0
