check_time,id,post_reply,post_symph,post_time,post_title,post_view,post_view_diff,post_reply_diff,post_symph_diff
2019-01-30 14:12:08.032375,13111704,8,1,2019-01-30 13:12:01, 사소한 배려 ,1071,1071,8,1
2019-01-30 15:12:13.712366,13111704,8,1,2019-01-30 13:12:01, 사소한 배려 ,1149,78,0,0
2019-01-30 16:12:06.032051,13111704,8,1,2019-01-30 13:12:01, 사소한 배려 ,1170,21,0,0
2019-01-30 17:12:11.084883,13111704,8,1,2019-01-30 13:12:01, 사소한 배려 ,1180,10,0,0
2019-01-30 18:12:03.087441,13111704,8,1,2019-01-30 13:12:01, 사소한 배려 ,1192,12,0,0
2019-01-30 19:12:08.320950,13111704,8,1,2019-01-30 13:12:01, 사소한 배려 ,1198,6,0,0
2019-01-30 20:12:13.353714,13111704,8,1,2019-01-30 13:12:01, 사소한 배려 ,1200,2,0,0
2019-01-30 21:12:05.411589,13111704,8,1,2019-01-30 13:12:01, 사소한 배려 ,1203,3,0,0
2019-01-30 22:12:10.558005,13111704,8,1,2019-01-30 13:12:01, 사소한 배려 ,1206,3,0,0
2019-01-30 23:12:02.634079,13111704,8,1,2019-01-30 13:12:01, 사소한 배려 ,1207,1,0,0
2019-01-31 00:12:07.777892,13111704,8,1,2019-01-30 13:12:01, 사소한 배려 ,1210,3,0,0
2019-01-31 01:12:12.882113,13111704,8,1,2019-01-30 13:12:01, 사소한 배려 ,1212,2,0,0
2019-01-31 02:12:04.999131,13111704,8,1,2019-01-30 13:12:01, 사소한 배려 ,1213,1,0,0
2019-01-31 03:12:10.094740,13111704,8,1,2019-01-30 13:12:01, 사소한 배려 ,1214,1,0,0
2019-01-31 04:12:02.404878,13111704,8,1,2019-01-30 13:12:01, 사소한 배려 ,1216,2,0,0
2019-01-31 05:12:07.359935,13111704,8,1,2019-01-30 13:12:01, 사소한 배려 ,1217,1,0,0
2019-01-31 06:12:12.549491,13111704,8,1,2019-01-30 13:12:01, 사소한 배려 ,1218,1,0,0
2019-01-31 07:12:04.712610,13111704,8,1,2019-01-30 13:12:01, 사소한 배려 ,1219,1,0,0
2019-01-31 08:12:10.530825,13111704,8,1,2019-01-30 13:12:01, 사소한 배려 ,1220,1,0,0
2019-01-31 09:12:02.636224,13111704,8,1,2019-01-30 13:12:01, 사소한 배려 ,1221,1,0,0
2019-01-31 10:12:07.921177,13111704,8,1,2019-01-30 13:12:01, 사소한 배려 ,1222,1,0,0
2019-01-31 11:12:12.960789,13111704,8,1,2019-01-30 13:12:01, 사소한 배려 ,1225,3,0,0
2019-01-31 12:12:04.982915,13111704,8,1,2019-01-30 13:12:01, 사소한 배려 ,1226,1,0,0
2019-01-31 13:12:09.984346,13111704,8,1,2019-01-30 13:12:01, 사소한 배려 ,1228,2,0,0
