check_time,id,post_reply,post_symph,post_time,post_title,post_view,post_view_diff,post_reply_diff,post_symph_diff
2019-01-26 14:26:14.877570,13097867,14,1,2019-01-26 13:26:14, 판교 행복주택 부럽네요 ,3231,3231,14,1
2019-01-26 15:26:20.169223,13097867,14,1,2019-01-26 13:26:14, 판교 행복주택 부럽네요 ,4006,775,0,0
2019-01-26 16:26:25.256288,13097867,14,1,2019-01-26 13:26:14, 판교 행복주택 부럽네요 ,4382,376,0,0
2019-01-26 17:26:17.356249,13097867,14,1,2019-01-26 13:26:14, 판교 행복주택 부럽네요 ,4656,274,0,0
2019-01-26 18:26:22.484007,13097867,14,1,2019-01-26 13:26:14, 판교 행복주택 부럽네요 ,4801,145,0,0
2019-01-26 19:26:14.619394,13097867,14,1,2019-01-26 13:26:14, 판교 행복주택 부럽네요 ,4929,128,0,0
2019-01-26 20:26:19.713336,13097867,14,1,2019-01-26 13:26:14, 판교 행복주택 부럽네요 ,5014,85,0,0
2019-01-26 21:26:24.833714,13097867,14,1,2019-01-26 13:26:14, 판교 행복주택 부럽네요 ,5079,65,0,0
2019-01-26 22:26:16.807255,13097867,14,1,2019-01-26 13:26:14, 판교 행복주택 부럽네요 ,5130,51,0,0
2019-01-26 23:26:21.846992,13097867,14,1,2019-01-26 13:26:14, 판교 행복주택 부럽네요 ,5185,55,0,0
2019-01-27 00:26:26.886649,13097867,14,1,2019-01-26 13:26:14, 판교 행복주택 부럽네요 ,5234,49,0,0
2019-01-27 01:26:18.901341,13097867,14,1,2019-01-26 13:26:14, 판교 행복주택 부럽네요 ,5252,18,0,0
2019-01-27 02:26:23.866691,13097867,14,1,2019-01-26 13:26:14, 판교 행복주택 부럽네요 ,5260,8,0,0
2019-01-27 03:26:15.851754,13097867,14,1,2019-01-26 13:26:14, 판교 행복주택 부럽네요 ,5265,5,0,0
2019-01-27 04:26:20.876447,13097867,14,1,2019-01-26 13:26:14, 판교 행복주택 부럽네요 ,5267,2,0,0
2019-01-27 05:26:25.802455,13097867,14,1,2019-01-26 13:26:14, 판교 행복주택 부럽네요 ,5271,4,0,0
2019-01-27 06:26:17.875261,13097867,14,1,2019-01-26 13:26:14, 판교 행복주택 부럽네요 ,5276,5,0,0
2019-01-27 07:26:23.131270,13097867,14,1,2019-01-26 13:26:14, 판교 행복주택 부럽네요 ,5278,2,0,0
2019-01-27 08:26:15.352560,13097867,14,1,2019-01-26 13:26:14, 판교 행복주택 부럽네요 ,5282,4,0,0
2019-01-27 09:26:20.492846,13097867,14,1,2019-01-26 13:26:14, 판교 행복주택 부럽네요 ,5287,5,0,0
2019-01-27 10:26:25.785748,13097867,14,1,2019-01-26 13:26:14, 판교 행복주택 부럽네요 ,5290,3,0,0
2019-01-27 11:26:18.255512,13097867,14,1,2019-01-26 13:26:14, 판교 행복주택 부럽네요 ,5297,7,0,0
2019-01-27 12:26:23.605525,13097867,14,1,2019-01-26 13:26:14, 판교 행복주택 부럽네요 ,5299,2,0,0
2019-01-27 13:26:16.006477,13097867,14,1,2019-01-26 13:26:14, 판교 행복주택 부럽네요 ,5302,3,0,0
