check_time,id,post_reply,post_symph,post_time,post_title,post_view,post_view_diff,post_reply_diff,post_symph_diff
2019-01-24 14:02:10.203793,13089188,17,0,2019-01-24 13:02:10, 나만의 냉장고 특가 내일로 연기 ㅋㅋㅋ ,2272,2272,17,0
2019-01-24 15:02:15.267636,13089188,17,0,2019-01-24 13:02:10, 나만의 냉장고 특가 내일로 연기 ㅋㅋㅋ ,2425,153,0,0
2019-01-24 16:02:20.631576,13089188,17,0,2019-01-24 13:02:10, 나만의 냉장고 특가 내일로 연기 ㅋㅋㅋ ,2485,60,0,0
2019-01-24 17:02:12.765480,13089188,17,0,2019-01-24 13:02:10, 나만의 냉장고 특가 내일로 연기 ㅋㅋㅋ ,2510,25,0,0
2019-01-24 18:02:17.827319,13089188,17,0,2019-01-24 13:02:10, 나만의 냉장고 특가 내일로 연기 ㅋㅋㅋ ,2523,13,0,0
2019-01-24 19:02:22.826822,13089188,17,0,2019-01-24 13:02:10, 나만의 냉장고 특가 내일로 연기 ㅋㅋㅋ ,2533,10,0,0
2019-01-24 20:02:14.845669,13089188,17,0,2019-01-24 13:02:10, 나만의 냉장고 특가 내일로 연기 ㅋㅋㅋ ,2536,3,0,0
2019-01-24 21:02:19.845730,13089188,17,0,2019-01-24 13:02:10, 나만의 냉장고 특가 내일로 연기 ㅋㅋㅋ ,2542,6,0,0
2019-01-24 22:02:11.886836,13089188,17,0,2019-01-24 13:02:10, 나만의 냉장고 특가 내일로 연기 ㅋㅋㅋ ,2549,7,0,0
2019-01-24 23:02:16.932959,13089188,17,0,2019-01-24 13:02:10, 나만의 냉장고 특가 내일로 연기 ㅋㅋㅋ ,2554,5,0,0
2019-01-25 00:02:21.956996,13089188,17,0,2019-01-24 13:02:10, 나만의 냉장고 특가 내일로 연기 ㅋㅋㅋ ,2557,3,0,0
2019-01-25 01:02:13.996240,13089188,17,0,2019-01-24 13:02:10, 나만의 냉장고 특가 내일로 연기 ㅋㅋㅋ ,2559,2,0,0
2019-01-25 02:02:19.073995,13089188,17,0,2019-01-24 13:02:10, 나만의 냉장고 특가 내일로 연기 ㅋㅋㅋ ,2560,1,0,0
2019-01-25 03:02:11.146848,13089188,17,0,2019-01-24 13:02:10, 나만의 냉장고 특가 내일로 연기 ㅋㅋㅋ ,2562,2,0,0
2019-01-25 04:02:16.227127,13089188,17,0,2019-01-24 13:02:10, 나만의 냉장고 특가 내일로 연기 ㅋㅋㅋ ,2564,2,0,0
2019-01-25 05:02:21.313366,13089188,17,0,2019-01-24 13:02:10, 나만의 냉장고 특가 내일로 연기 ㅋㅋㅋ ,2565,1,0,0
2019-01-25 06:02:13.419397,13089188,17,0,2019-01-24 13:02:10, 나만의 냉장고 특가 내일로 연기 ㅋㅋㅋ ,2566,1,0,0
2019-01-25 07:02:18.619924,13089188,17,0,2019-01-24 13:02:10, 나만의 냉장고 특가 내일로 연기 ㅋㅋㅋ ,2569,3,0,0
2019-01-25 08:02:10.650018,13089188,17,0,2019-01-24 13:02:10, 나만의 냉장고 특가 내일로 연기 ㅋㅋㅋ ,2572,3,0,0
2019-01-25 09:02:15.820549,13089188,17,0,2019-01-24 13:02:10, 나만의 냉장고 특가 내일로 연기 ㅋㅋㅋ ,2576,4,0,0
2019-01-25 10:02:20.867107,13089188,17,0,2019-01-24 13:02:10, 나만의 냉장고 특가 내일로 연기 ㅋㅋㅋ ,2578,2,0,0
2019-01-25 11:02:12.851228,13089188,17,0,2019-01-24 13:02:10, 나만의 냉장고 특가 내일로 연기 ㅋㅋㅋ ,2583,5,0,0
2019-01-25 12:02:17.820490,13089188,17,0,2019-01-24 13:02:10, 나만의 냉장고 특가 내일로 연기 ㅋㅋㅋ ,2588,5,0,0
2019-01-25 13:02:10.083611,13089188,17,0,2019-01-24 13:02:10, 나만의 냉장고 특가 내일로 연기 ㅋㅋㅋ ,2590,2,0,0
