check_time,id,post_reply,post_symph,post_time,post_title,post_view,post_view_diff,post_reply_diff,post_symph_diff
2019-01-24 14:32:02.172503,13089319,36,2,2019-01-24 13:32:02, 고양이뉴스 윾튜브 잡았다고 한뒤에 후원 계좌 열었네요 ,1532,1532,36,2
2019-01-24 15:32:07.372856,13089319,36,2,2019-01-24 13:32:02, 고양이뉴스 윾튜브 잡았다고 한뒤에 후원 계좌 열었네요 ,1716,184,0,0
2019-01-24 16:32:12.599566,13089319,37,2,2019-01-24 13:32:02, 고양이뉴스 윾튜브 잡았다고 한뒤에 후원 계좌 열었네요 ,1789,73,1,0
2019-01-24 17:32:04.705593,13089319,37,2,2019-01-24 13:32:02, 고양이뉴스 윾튜브 잡았다고 한뒤에 후원 계좌 열었네요 ,1856,67,0,0
2019-01-24 18:32:09.937546,13089319,38,2,2019-01-24 13:32:02, 고양이뉴스 윾튜브 잡았다고 한뒤에 후원 계좌 열었네요 ,1904,48,1,0
2019-01-24 19:32:02.060621,13089319,40,2,2019-01-24 13:32:02, 고양이뉴스 윾튜브 잡았다고 한뒤에 후원 계좌 열었네요 ,1947,43,2,0
2019-01-24 20:32:07.181124,13089319,40,2,2019-01-24 13:32:02, 고양이뉴스 윾튜브 잡았다고 한뒤에 후원 계좌 열었네요 ,1979,32,0,0
2019-01-24 21:32:12.253662,13089319,40,2,2019-01-24 13:32:02, 고양이뉴스 윾튜브 잡았다고 한뒤에 후원 계좌 열었네요 ,2019,40,0,0
2019-01-24 22:32:04.278981,13089319,41,3,2019-01-24 13:32:02, 고양이뉴스 윾튜브 잡았다고 한뒤에 후원 계좌 열었네요 ,2041,22,1,1
2019-01-24 23:32:10.219414,13089319,41,3,2019-01-24 13:32:02, 고양이뉴스 윾튜브 잡았다고 한뒤에 후원 계좌 열었네요 ,2060,19,0,0
2019-01-25 00:32:02.289666,13089319,41,3,2019-01-24 13:32:02, 고양이뉴스 윾튜브 잡았다고 한뒤에 후원 계좌 열었네요 ,2070,10,0,0
2019-01-25 01:32:07.370840,13089319,41,3,2019-01-24 13:32:02, 고양이뉴스 윾튜브 잡았다고 한뒤에 후원 계좌 열었네요 ,2084,14,0,0
2019-01-25 02:32:12.498946,13089319,41,3,2019-01-24 13:32:02, 고양이뉴스 윾튜브 잡았다고 한뒤에 후원 계좌 열었네요 ,2094,10,0,0
2019-01-25 03:32:04.790281,13089319,41,3,2019-01-24 13:32:02, 고양이뉴스 윾튜브 잡았다고 한뒤에 후원 계좌 열었네요 ,2097,3,0,0
2019-01-25 04:32:09.877100,13089319,41,3,2019-01-24 13:32:02, 고양이뉴스 윾튜브 잡았다고 한뒤에 후원 계좌 열었네요 ,2104,7,0,0
2019-01-25 05:32:02.097314,13089319,41,3,2019-01-24 13:32:02, 고양이뉴스 윾튜브 잡았다고 한뒤에 후원 계좌 열었네요 ,2107,3,0,0
2019-01-25 06:32:07.096797,13089319,41,3,2019-01-24 13:32:02, 고양이뉴스 윾튜브 잡았다고 한뒤에 후원 계좌 열었네요 ,2113,6,0,0
2019-01-25 07:32:12.379379,13089319,41,3,2019-01-24 13:32:02, 고양이뉴스 윾튜브 잡았다고 한뒤에 후원 계좌 열었네요 ,2120,7,0,0
2019-01-25 08:32:04.520577,13089319,41,3,2019-01-24 13:32:02, 고양이뉴스 윾튜브 잡았다고 한뒤에 후원 계좌 열었네요 ,2132,12,0,0
2019-01-25 09:32:09.861918,13089319,41,3,2019-01-24 13:32:02, 고양이뉴스 윾튜브 잡았다고 한뒤에 후원 계좌 열었네요 ,2140,8,0,0
2019-01-25 10:32:14.886438,13089319,41,3,2019-01-24 13:32:02, 고양이뉴스 윾튜브 잡았다고 한뒤에 후원 계좌 열었네요 ,2147,7,0,0
2019-01-25 11:32:06.910049,13089319,41,3,2019-01-24 13:32:02, 고양이뉴스 윾튜브 잡았다고 한뒤에 후원 계좌 열었네요 ,2155,8,0,0
2019-01-25 12:32:11.968714,13089319,41,3,2019-01-24 13:32:02, 고양이뉴스 윾튜브 잡았다고 한뒤에 후원 계좌 열었네요 ,2167,12,0,0
2019-01-25 13:32:03.964455,13089319,41,3,2019-01-24 13:32:02, 고양이뉴스 윾튜브 잡았다고 한뒤에 후원 계좌 열었네요 ,2168,1,0,0
