check_time,id,post_reply,post_symph,post_time,post_title,post_view,post_view_diff,post_reply_diff,post_symph_diff
2019-01-28 14:42:16.940445,13104383,26,2,2019-01-28 13:42:15, 킹덤 보며 불만이었던 점 ,1898,1898,26,2
2019-01-28 15:42:22.320571,13104383,26,2,2019-01-28 13:42:15, 킹덤 보며 불만이었던 점 ,2224,326,0,0
2019-01-28 16:42:27.340001,13104383,26,2,2019-01-28 13:42:15, 킹덤 보며 불만이었던 점 ,2439,215,0,0
2019-01-28 17:42:19.451238,13104383,26,2,2019-01-28 13:42:15, 킹덤 보며 불만이었던 점 ,2610,171,0,0
2019-01-28 18:42:24.587734,13104383,26,2,2019-01-28 13:42:15, 킹덤 보며 불만이었던 점 ,2729,119,0,0
2019-01-28 19:42:16.645723,13104383,26,2,2019-01-28 13:42:15, 킹덤 보며 불만이었던 점 ,2752,23,0,0
2019-01-28 20:42:21.787005,13104383,26,2,2019-01-28 13:42:15, 킹덤 보며 불만이었던 점 ,2775,23,0,0
2019-01-28 21:42:26.922941,13104383,26,2,2019-01-28 13:42:15, 킹덤 보며 불만이었던 점 ,2794,19,0,0
2019-01-28 22:42:19.158080,13104383,26,2,2019-01-28 13:42:15, 킹덤 보며 불만이었던 점 ,2810,16,0,0
2019-01-28 23:42:24.284119,13104383,26,2,2019-01-28 13:42:15, 킹덤 보며 불만이었던 점 ,2825,15,0,0
2019-01-29 00:42:16.385381,13104383,26,2,2019-01-28 13:42:15, 킹덤 보며 불만이었던 점 ,2833,8,0,0
2019-01-29 01:42:21.453498,13104383,26,2,2019-01-28 13:42:15, 킹덤 보며 불만이었던 점 ,2847,14,0,0
2019-01-29 02:42:26.439754,13104383,26,2,2019-01-28 13:42:15, 킹덤 보며 불만이었던 점 ,2852,5,0,0
2019-01-29 03:42:18.467183,13104383,26,2,2019-01-28 13:42:15, 킹덤 보며 불만이었던 점 ,2857,5,0,0
2019-01-29 04:42:23.492816,13104383,26,2,2019-01-28 13:42:15, 킹덤 보며 불만이었던 점 ,2862,5,0,0
2019-01-29 05:42:16.347476,13104383,26,2,2019-01-28 13:42:15, 킹덤 보며 불만이었던 점 ,2869,7,0,0
2019-01-29 06:42:21.360580,13104383,26,2,2019-01-28 13:42:15, 킹덤 보며 불만이었던 점 ,2871,2,0,0
2019-01-29 07:42:26.375418,13104383,26,2,2019-01-28 13:42:15, 킹덤 보며 불만이었던 점 ,2874,3,0,0
2019-01-29 08:42:18.296800,13104383,26,2,2019-01-28 13:42:15, 킹덤 보며 불만이었던 점 ,2883,9,0,0
2019-01-29 09:42:23.307300,13104383,26,2,2019-01-28 13:42:15, 킹덤 보며 불만이었던 점 ,2892,9,0,0
2019-01-29 10:42:15.308555,13104383,26,2,2019-01-28 13:42:15, 킹덤 보며 불만이었던 점 ,2900,8,0,0
2019-01-29 11:42:20.347209,13104383,26,2,2019-01-28 13:42:15, 킹덤 보며 불만이었던 점 ,2905,5,0,0
2019-01-29 12:42:25.598883,13104383,26,2,2019-01-28 13:42:15, 킹덤 보며 불만이었던 점 ,2912,7,0,0
2019-01-29 13:42:17.611251,13104383,26,2,2019-01-28 13:42:15, 킹덤 보며 불만이었던 점 ,2914,2,0,0
