check_time,id,post_reply,post_symph,post_time,post_title,post_view,post_view_diff,post_reply_diff,post_symph_diff
2019-01-25 14:51:17.273684,13093723,8,7,2019-01-25 13:51:14, 조선시대 정치 언어의 해석.jpg ,2848,2848,8,7
2019-01-25 15:51:22.429867,13093723,8,7,2019-01-25 13:51:14, 조선시대 정치 언어의 해석.jpg ,3137,289,0,0
2019-01-25 16:51:14.591170,13093723,8,7,2019-01-25 13:51:14, 조선시대 정치 언어의 해석.jpg ,3258,121,0,0
2019-01-25 17:51:19.640728,13093723,8,7,2019-01-25 13:51:14, 조선시대 정치 언어의 해석.jpg ,3348,90,0,0
2019-01-25 18:51:24.642358,13093723,8,7,2019-01-25 13:51:14, 조선시대 정치 언어의 해석.jpg ,3404,56,0,0
2019-01-25 19:51:16.829808,13093723,8,7,2019-01-25 13:51:14, 조선시대 정치 언어의 해석.jpg ,3445,41,0,0
2019-01-25 20:51:21.874361,13093723,8,7,2019-01-25 13:51:14, 조선시대 정치 언어의 해석.jpg ,3477,32,0,0
2019-01-25 21:51:26.929983,13093723,8,7,2019-01-25 13:51:14, 조선시대 정치 언어의 해석.jpg ,3511,34,0,0
2019-01-25 22:51:18.986101,13093723,8,8,2019-01-25 13:51:14, 조선시대 정치 언어의 해석.jpg ,3540,29,0,1
2019-01-25 23:51:24.120779,13093723,8,8,2019-01-25 13:51:14, 조선시대 정치 언어의 해석.jpg ,3557,17,0,0
2019-01-26 00:51:16.347633,13093723,8,8,2019-01-25 13:51:14, 조선시대 정치 언어의 해석.jpg ,3595,38,0,0
2019-01-26 01:51:21.360823,13093723,8,8,2019-01-25 13:51:14, 조선시대 정치 언어의 해석.jpg ,3601,6,0,0
2019-01-26 02:51:26.786054,13093723,8,8,2019-01-25 13:51:14, 조선시대 정치 언어의 해석.jpg ,3610,9,0,0
2019-01-26 03:51:18.833784,13093723,8,8,2019-01-25 13:51:14, 조선시대 정치 언어의 해석.jpg ,3617,7,0,0
2019-01-26 04:51:23.847050,13093723,8,8,2019-01-25 13:51:14, 조선시대 정치 언어의 해석.jpg ,3622,5,0,0
2019-01-26 05:51:15.874470,13093723,8,8,2019-01-25 13:51:14, 조선시대 정치 언어의 해석.jpg ,3624,2,0,0
2019-01-26 06:51:20.835440,13093723,8,8,2019-01-25 13:51:14, 조선시대 정치 언어의 해석.jpg ,3627,3,0,0
2019-01-26 07:51:25.873486,13093723,8,8,2019-01-25 13:51:14, 조선시대 정치 언어의 해석.jpg ,3635,8,0,0
2019-01-26 08:51:17.875131,13093723,8,8,2019-01-25 13:51:14, 조선시대 정치 언어의 해석.jpg ,3643,8,0,0
2019-01-26 09:51:22.967445,13093723,8,8,2019-01-25 13:51:14, 조선시대 정치 언어의 해석.jpg ,3653,10,0,0
2019-01-26 10:51:15.007830,13093723,8,8,2019-01-25 13:51:14, 조선시대 정치 언어의 해석.jpg ,3660,7,0,0
2019-01-26 11:51:20.154179,13093723,8,8,2019-01-25 13:51:14, 조선시대 정치 언어의 해석.jpg ,3668,8,0,0
2019-01-26 12:51:25.304129,13093723,8,8,2019-01-25 13:51:14, 조선시대 정치 언어의 해석.jpg ,3677,9,0,0
2019-01-26 13:51:17.409599,13093723,8,8,2019-01-25 13:51:14, 조선시대 정치 언어의 해석.jpg ,3682,5,0,0
