check_time,id,post_reply,post_symph,post_time,post_title,post_view,post_view_diff,post_reply_diff,post_symph_diff
2019-01-28 14:06:44.746033,13104247,4,0,2019-01-28 13:06:36, 역시 동숲은 =_+ 치명적이네요 ,1314,1314,4,0
2019-01-28 15:06:36.963086,13104247,4,0,2019-01-28 13:06:36, 역시 동숲은 =_+ 치명적이네요 ,1403,89,0,0
2019-01-28 16:06:42.098441,13104247,4,0,2019-01-28 13:06:36, 역시 동숲은 =_+ 치명적이네요 ,1437,34,0,0
2019-01-28 17:06:47.283758,13104247,4,0,2019-01-28 13:06:36, 역시 동숲은 =_+ 치명적이네요 ,1453,16,0,0
2019-01-28 18:06:39.409969,13104247,4,0,2019-01-28 13:06:36, 역시 동숲은 =_+ 치명적이네요 ,1460,7,0,0
2019-01-28 19:06:44.583149,13104247,4,0,2019-01-28 13:06:36, 역시 동숲은 =_+ 치명적이네요 ,1465,5,0,0
2019-01-28 20:06:36.748855,13104247,4,0,2019-01-28 13:06:36, 역시 동숲은 =_+ 치명적이네요 ,1472,7,0,0
2019-01-28 21:06:41.907180,13104247,4,0,2019-01-28 13:06:36, 역시 동숲은 =_+ 치명적이네요 ,1475,3,0,0
2019-01-28 22:06:47.278750,13104247,4,0,2019-01-28 13:06:36, 역시 동숲은 =_+ 치명적이네요 ,1479,4,0,0
2019-01-28 23:06:39.363483,13104247,4,0,2019-01-28 13:06:36, 역시 동숲은 =_+ 치명적이네요 ,1484,5,0,0
2019-01-29 00:06:44.516853,13104247,4,0,2019-01-28 13:06:36, 역시 동숲은 =_+ 치명적이네요 ,1488,4,0,0
2019-01-29 01:06:36.712336,13104247,4,0,2019-01-28 13:06:36, 역시 동숲은 =_+ 치명적이네요 ,1492,4,0,0
2019-01-29 02:06:41.821440,13104247,4,0,2019-01-28 13:06:36, 역시 동숲은 =_+ 치명적이네요 ,1498,6,0,0
2019-01-29 03:06:46.910974,13104247,4,0,2019-01-28 13:06:36, 역시 동숲은 =_+ 치명적이네요 ,1501,3,0,0
2019-01-29 04:06:38.913053,13104247,4,0,2019-01-28 13:06:36, 역시 동숲은 =_+ 치명적이네요 ,1502,1,0,0
2019-01-29 05:06:43.983689,13104247,4,0,2019-01-28 13:06:36, 역시 동숲은 =_+ 치명적이네요 ,1504,2,0,0
2019-01-29 06:06:36.094239,13104247,4,0,2019-01-28 13:06:36, 역시 동숲은 =_+ 치명적이네요 ,1505,1,0,0
2019-01-29 07:06:41.123406,13104247,4,0,2019-01-28 13:06:36, 역시 동숲은 =_+ 치명적이네요 ,1507,2,0,0
2019-01-29 08:06:46.253860,13104247,4,0,2019-01-28 13:06:36, 역시 동숲은 =_+ 치명적이네요 ,1510,3,0,0
2019-01-29 09:06:38.307228,13104247,4,0,2019-01-28 13:06:36, 역시 동숲은 =_+ 치명적이네요 ,1512,2,0,0
2019-01-29 10:06:43.420544,13104247,4,0,2019-01-28 13:06:36, 역시 동숲은 =_+ 치명적이네요 ,1514,2,0,0
2019-01-29 11:06:48.472714,13104247,4,0,2019-01-28 13:06:36, 역시 동숲은 =_+ 치명적이네요 ,1517,3,0,0
2019-01-29 12:06:40.570495,13104247,4,0,2019-01-28 13:06:36, 역시 동숲은 =_+ 치명적이네요 ,1518,1,0,0
2019-01-29 13:06:46.059377,13104247,4,0,2019-01-28 13:06:36, 역시 동숲은 =_+ 치명적이네요 ,1520,2,0,0
