check_time,id,post_reply,post_symph,post_time,post_title,post_view,post_view_diff,post_reply_diff,post_symph_diff
2019-01-25 14:22:41.236667,13093619,50,5,2019-01-25 13:22:29, 음식장사에 있어 좋은 식재료를 사용하는것 ,1681,1681,50,5
2019-01-25 15:22:33.306601,13093619,51,5,2019-01-25 13:22:29, 음식장사에 있어 좋은 식재료를 사용하는것 ,2006,325,1,0
2019-01-25 16:22:38.386588,13093619,52,5,2019-01-25 13:22:29, 음식장사에 있어 좋은 식재료를 사용하는것 ,2125,119,1,0
2019-01-25 17:22:30.378971,13093619,52,5,2019-01-25 13:22:29, 음식장사에 있어 좋은 식재료를 사용하는것 ,2188,63,0,0
2019-01-25 18:22:35.436694,13093619,52,5,2019-01-25 13:22:29, 음식장사에 있어 좋은 식재료를 사용하는것 ,2233,45,0,0
2019-01-25 19:22:40.993666,13093619,52,5,2019-01-25 13:22:29, 음식장사에 있어 좋은 식재료를 사용하는것 ,2270,37,0,0
2019-01-25 20:22:33.036308,13093619,52,5,2019-01-25 13:22:29, 음식장사에 있어 좋은 식재료를 사용하는것 ,2303,33,0,0
2019-01-25 21:22:38.096925,13093619,52,5,2019-01-25 13:22:29, 음식장사에 있어 좋은 식재료를 사용하는것 ,2331,28,0,0
2019-01-25 22:22:30.301436,13093619,52,5,2019-01-25 13:22:29, 음식장사에 있어 좋은 식재료를 사용하는것 ,2348,17,0,0
2019-01-25 23:22:35.802963,13093619,52,6,2019-01-25 13:22:29, 음식장사에 있어 좋은 식재료를 사용하는것 ,2370,22,0,1
2019-01-26 00:22:40.992497,13093619,52,6,2019-01-25 13:22:29, 음식장사에 있어 좋은 식재료를 사용하는것 ,2377,7,0,0
2019-01-26 01:22:33.083529,13093619,52,6,2019-01-25 13:22:29, 음식장사에 있어 좋은 식재료를 사용하는것 ,2385,8,0,0
2019-01-26 02:22:38.137994,13093619,52,6,2019-01-25 13:22:29, 음식장사에 있어 좋은 식재료를 사용하는것 ,2394,9,0,0
2019-01-26 03:22:30.177783,13093619,52,6,2019-01-25 13:22:29, 음식장사에 있어 좋은 식재료를 사용하는것 ,2400,6,0,0
2019-01-26 04:22:35.671116,13093619,52,6,2019-01-25 13:22:29, 음식장사에 있어 좋은 식재료를 사용하는것 ,2401,1,0,0
2019-01-26 05:22:40.868842,13093619,52,6,2019-01-25 13:22:29, 음식장사에 있어 좋은 식재료를 사용하는것 ,2402,1,0,0
2019-01-26 06:22:32.972809,13093619,52,6,2019-01-25 13:22:29, 음식장사에 있어 좋은 식재료를 사용하는것 ,2405,3,0,0
2019-01-26 07:22:38.022952,13093619,52,6,2019-01-25 13:22:29, 음식장사에 있어 좋은 식재료를 사용하는것 ,2407,2,0,0
2019-01-26 08:22:30.116466,13093619,52,6,2019-01-25 13:22:29, 음식장사에 있어 좋은 식재료를 사용하는것 ,2411,4,0,0
2019-01-26 09:22:35.294954,13093619,52,6,2019-01-25 13:22:29, 음식장사에 있어 좋은 식재료를 사용하는것 ,2413,2,0,0
2019-01-26 10:22:40.369452,13093619,52,6,2019-01-25 13:22:29, 음식장사에 있어 좋은 식재료를 사용하는것 ,2417,4,0,0
2019-01-26 11:22:32.462240,13093619,52,6,2019-01-25 13:22:29, 음식장사에 있어 좋은 식재료를 사용하는것 ,2419,2,0,0
2019-01-26 12:22:37.592089,13093619,52,6,2019-01-25 13:22:29, 음식장사에 있어 좋은 식재료를 사용하는것 ,2423,4,0,0
2019-01-26 13:22:29.741015,13093619,52,6,2019-01-25 13:22:29, 음식장사에 있어 좋은 식재료를 사용하는것 ,2428,5,0,0
