check_time,id,post_reply,post_symph,post_time,post_title,post_view,post_view_diff,post_reply_diff,post_symph_diff
2019-01-27 14:06:44.546818,13100883,6,0,2019-01-27 13:06:42, 금요일 저녁에 플스샀는데 정신차리니까 일요일입니다. ,983,983,6,0
2019-01-27 15:06:49.826100,13100883,6,0,2019-01-27 13:06:42, 금요일 저녁에 플스샀는데 정신차리니까 일요일입니다. ,1151,168,0,0
2019-01-27 16:06:42.059869,13100883,6,0,2019-01-27 13:06:42, 금요일 저녁에 플스샀는데 정신차리니까 일요일입니다. ,1203,52,0,0
2019-01-27 17:06:47.280365,13100883,6,0,2019-01-27 13:06:42, 금요일 저녁에 플스샀는데 정신차리니까 일요일입니다. ,1249,46,0,0
2019-01-27 18:06:52.440332,13100883,6,0,2019-01-27 13:06:42, 금요일 저녁에 플스샀는데 정신차리니까 일요일입니다. ,1282,33,0,0
2019-01-27 19:06:44.450624,13100883,6,0,2019-01-27 13:06:42, 금요일 저녁에 플스샀는데 정신차리니까 일요일입니다. ,1303,21,0,0
2019-01-27 20:06:49.695496,13100883,6,0,2019-01-27 13:06:42, 금요일 저녁에 플스샀는데 정신차리니까 일요일입니다. ,1318,15,0,0
2019-01-27 21:06:54.741844,13100883,6,0,2019-01-27 13:06:42, 금요일 저녁에 플스샀는데 정신차리니까 일요일입니다. ,1330,12,0,0
2019-01-27 22:06:46.807291,13100883,6,0,2019-01-27 13:06:42, 금요일 저녁에 플스샀는데 정신차리니까 일요일입니다. ,1340,10,0,0
2019-01-27 23:06:51.901799,13100883,6,0,2019-01-27 13:06:42, 금요일 저녁에 플스샀는데 정신차리니까 일요일입니다. ,1346,6,0,0
2019-01-28 00:06:43.910042,13100883,6,0,2019-01-27 13:06:42, 금요일 저녁에 플스샀는데 정신차리니까 일요일입니다. ,1355,9,0,0
2019-01-28 01:06:48.938540,13100883,6,0,2019-01-27 13:06:42, 금요일 저녁에 플스샀는데 정신차리니까 일요일입니다. ,1365,10,0,0
2019-01-28 02:06:54.093732,13100883,6,0,2019-01-27 13:06:42, 금요일 저녁에 플스샀는데 정신차리니까 일요일입니다. ,1367,2,0,0
2019-01-28 03:06:46.268290,13100883,6,0,2019-01-27 13:06:42, 금요일 저녁에 플스샀는데 정신차리니까 일요일입니다. ,1371,4,0,0
2019-01-28 04:06:51.358059,13100883,6,0,2019-01-27 13:06:42, 금요일 저녁에 플스샀는데 정신차리니까 일요일입니다. ,1371,0,0,0
2019-01-28 05:06:43.583934,13100883,6,0,2019-01-27 13:06:42, 금요일 저녁에 플스샀는데 정신차리니까 일요일입니다. ,1376,5,0,0
2019-01-28 06:06:48.861284,13100883,6,0,2019-01-27 13:06:42, 금요일 저녁에 플스샀는데 정신차리니까 일요일입니다. ,1379,3,0,0
2019-01-28 07:06:54.120531,13100883,6,0,2019-01-27 13:06:42, 금요일 저녁에 플스샀는데 정신차리니까 일요일입니다. ,1381,2,0,0
2019-01-28 08:06:46.691537,13100883,6,0,2019-01-27 13:06:42, 금요일 저녁에 플스샀는데 정신차리니까 일요일입니다. ,1383,2,0,0
2019-01-28 09:06:51.931617,13100883,6,0,2019-01-27 13:06:42, 금요일 저녁에 플스샀는데 정신차리니까 일요일입니다. ,1390,7,0,0
2019-01-28 10:06:44.237589,13100883,6,0,2019-01-27 13:06:42, 금요일 저녁에 플스샀는데 정신차리니까 일요일입니다. ,1397,7,0,0
2019-01-28 11:06:49.690626,13100883,6,0,2019-01-27 13:06:42, 금요일 저녁에 플스샀는데 정신차리니까 일요일입니다. ,1402,5,0,0
2019-01-28 12:06:54.885321,13100883,6,0,2019-01-27 13:06:42, 금요일 저녁에 플스샀는데 정신차리니까 일요일입니다. ,1405,3,0,0
2019-01-28 13:06:47.044051,13100883,6,0,2019-01-27 13:06:42, 금요일 저녁에 플스샀는데 정신차리니까 일요일입니다. ,1408,3,0,0
