check_time,id,post_reply,post_symph,post_time,post_title,post_view,post_view_diff,post_reply_diff,post_symph_diff
2019-01-26 14:06:39.872909,13097795,3,0,2019-01-26 13:06:35, 저랑 릴레이단식하실 파티원구합니다 ,215,215,3,0
2019-01-26 15:06:45.309723,13097795,3,0,2019-01-26 13:06:35, 저랑 릴레이단식하실 파티원구합니다 ,249,34,0,0
2019-01-26 16:06:37.308098,13097795,3,0,2019-01-26 13:06:35, 저랑 릴레이단식하실 파티원구합니다 ,269,20,0,0
2019-01-26 17:06:42.945769,13097795,3,0,2019-01-26 13:06:35, 저랑 릴레이단식하실 파티원구합니다 ,278,9,0,0
2019-01-26 18:06:35.548329,13097795,3,0,2019-01-26 13:06:35, 저랑 릴레이단식하실 파티원구합니다 ,284,6,0,0
2019-01-26 19:06:41.053348,13097795,3,0,2019-01-26 13:06:35, 저랑 릴레이단식하실 파티원구합니다 ,290,6,0,0
2019-01-26 20:06:46.432576,13097795,3,0,2019-01-26 13:06:35, 저랑 릴레이단식하실 파티원구합니다 ,293,3,0,0
2019-01-26 21:06:38.719404,13097795,3,0,2019-01-26 13:06:35, 저랑 릴레이단식하실 파티원구합니다 ,298,5,0,0
2019-01-26 22:06:44.248750,13097795,3,0,2019-01-26 13:06:35, 저랑 릴레이단식하실 파티원구합니다 ,301,3,0,0
2019-01-26 23:06:36.973417,13097795,3,0,2019-01-26 13:06:35, 저랑 릴레이단식하실 파티원구합니다 ,302,1,0,0
2019-01-27 00:06:42.557118,13097795,3,0,2019-01-26 13:06:35, 저랑 릴레이단식하실 파티원구합니다 ,303,1,0,0
2019-01-27 01:06:47.799109,13097795,3,0,2019-01-26 13:06:35, 저랑 릴레이단식하실 파티원구합니다 ,306,3,0,0
2019-01-27 02:06:39.873725,13097795,3,0,2019-01-26 13:06:35, 저랑 릴레이단식하실 파티원구합니다 ,308,2,0,0
2019-01-27 03:06:45.070516,13097795,3,0,2019-01-26 13:06:35, 저랑 릴레이단식하실 파티원구합니다 ,308,0,0,0
2019-01-27 04:06:37.070863,13097795,3,0,2019-01-26 13:06:35, 저랑 릴레이단식하실 파티원구합니다 ,309,1,0,0
2019-01-27 05:06:42.032452,13097795,3,0,2019-01-26 13:06:35, 저랑 릴레이단식하실 파티원구합니다 ,310,1,0,0
2019-01-27 06:06:47.002628,13097795,3,0,2019-01-26 13:06:35, 저랑 릴레이단식하실 파티원구합니다 ,312,2,0,0
2019-01-27 07:06:38.976400,13097795,3,0,2019-01-26 13:06:35, 저랑 릴레이단식하실 파티원구합니다 ,313,1,0,0
2019-01-27 08:06:44.835264,13097795,3,0,2019-01-26 13:06:35, 저랑 릴레이단식하실 파티원구합니다 ,314,1,0,0
2019-01-27 09:06:36.971463,13097795,3,0,2019-01-26 13:06:35, 저랑 릴레이단식하실 파티원구합니다 ,316,2,0,0
2019-01-27 10:06:41.931908,13097795,3,0,2019-01-26 13:06:35, 저랑 릴레이단식하실 파티원구합니다 ,317,1,0,0
2019-01-27 11:06:46.944540,13097795,3,0,2019-01-26 13:06:35, 저랑 릴레이단식하실 파티원구합니다 ,319,2,0,0
2019-01-27 12:06:38.971472,13097795,3,0,2019-01-26 13:06:35, 저랑 릴레이단식하실 파티원구합니다 ,320,1,0,0
2019-01-27 13:06:44.034773,13097795,3,0,2019-01-26 13:06:35, 저랑 릴레이단식하실 파티원구합니다 ,322,2,0,0
