check_time,id,post_reply,post_symph,post_time,post_title,post_view,post_view_diff,post_reply_diff,post_symph_diff
2019-01-28 14:36:36.380454,13104369,3,0,2019-01-28 13:36:31, 인터넷 대수제한은 패킷 변조로 합니다. ,1131,1131,3,0
2019-01-28 15:36:41.633762,13104369,3,0,2019-01-28 13:36:31, 인터넷 대수제한은 패킷 변조로 합니다. ,1210,79,0,0
2019-01-28 16:36:33.690490,13104369,3,0,2019-01-28 13:36:31, 인터넷 대수제한은 패킷 변조로 합니다. ,1233,23,0,0
2019-01-28 17:36:38.859029,13104369,3,0,2019-01-28 13:36:31, 인터넷 대수제한은 패킷 변조로 합니다. ,1246,13,0,0
2019-01-28 18:36:43.936518,13104369,3,0,2019-01-28 13:36:31, 인터넷 대수제한은 패킷 변조로 합니다. ,1256,10,0,0
2019-01-28 19:36:36.032873,13104369,3,0,2019-01-28 13:36:31, 인터넷 대수제한은 패킷 변조로 합니다. ,1263,7,0,0
2019-01-28 20:36:41.175826,13104369,3,0,2019-01-28 13:36:31, 인터넷 대수제한은 패킷 변조로 합니다. ,1267,4,0,0
2019-01-28 21:36:33.206187,13104369,3,0,2019-01-28 13:36:31, 인터넷 대수제한은 패킷 변조로 합니다. ,1272,5,0,0
2019-01-28 22:36:38.302672,13104369,3,0,2019-01-28 13:36:31, 인터넷 대수제한은 패킷 변조로 합니다. ,1277,5,0,0
2019-01-28 23:36:43.376459,13104369,3,0,2019-01-28 13:36:31, 인터넷 대수제한은 패킷 변조로 합니다. ,1278,1,0,0
2019-01-29 00:36:35.847034,13104369,3,0,2019-01-28 13:36:31, 인터넷 대수제한은 패킷 변조로 합니다. ,1281,3,0,0
2019-01-29 01:36:40.944864,13104369,3,0,2019-01-28 13:36:31, 인터넷 대수제한은 패킷 변조로 합니다. ,1282,1,0,0
2019-01-29 02:36:33.042089,13104369,3,0,2019-01-28 13:36:31, 인터넷 대수제한은 패킷 변조로 합니다. ,1287,5,0,0
2019-01-29 03:36:38.320536,13104369,3,0,2019-01-28 13:36:31, 인터넷 대수제한은 패킷 변조로 합니다. ,1288,1,0,0
2019-01-29 04:36:43.359979,13104369,3,0,2019-01-28 13:36:31, 인터넷 대수제한은 패킷 변조로 합니다. ,1289,1,0,0
2019-01-29 05:36:35.360268,13104369,3,0,2019-01-28 13:36:31, 인터넷 대수제한은 패킷 변조로 합니다. ,1291,2,0,0
2019-01-29 06:36:40.413958,13104369,3,0,2019-01-28 13:36:31, 인터넷 대수제한은 패킷 변조로 합니다. ,1292,1,0,0
2019-01-29 07:36:32.417507,13104369,3,0,2019-01-28 13:36:31, 인터넷 대수제한은 패킷 변조로 합니다. ,1293,1,0,0
2019-01-29 08:36:37.478481,13104369,3,0,2019-01-28 13:36:31, 인터넷 대수제한은 패킷 변조로 합니다. ,1296,3,0,0
2019-01-29 09:36:42.496339,13104369,3,0,2019-01-28 13:36:31, 인터넷 대수제한은 패킷 변조로 합니다. ,1298,2,0,0
2019-01-29 10:36:34.499625,13104369,3,0,2019-01-28 13:36:31, 인터넷 대수제한은 패킷 변조로 합니다. ,1300,2,0,0
2019-01-29 11:36:39.530055,13104369,3,0,2019-01-28 13:36:31, 인터넷 대수제한은 패킷 변조로 합니다. ,1302,2,0,0
2019-01-29 12:36:31.560140,13104369,3,0,2019-01-28 13:36:31, 인터넷 대수제한은 패킷 변조로 합니다. ,1304,2,0,0
2019-01-29 13:36:36.626643,13104369,3,0,2019-01-28 13:36:31, 인터넷 대수제한은 패킷 변조로 합니다. ,1305,1,0,0
