check_time,id,post_reply,post_symph,post_time,post_title,post_view,post_view_diff,post_reply_diff,post_symph_diff
2019-01-30 14:17:02.840388,13111725,6,0,2019-01-30 13:16:52, [오늘의 일기] 설 되기 전 M.2 업그레이드했습니다. ,798,798,6,0
2019-01-30 15:16:54.882293,13111725,6,0,2019-01-30 13:16:52, [오늘의 일기] 설 되기 전 M.2 업그레이드했습니다. ,839,41,0,0
2019-01-30 16:17:00.004315,13111725,6,0,2019-01-30 13:16:52, [오늘의 일기] 설 되기 전 M.2 업그레이드했습니다. ,847,8,0,0
2019-01-30 17:16:52.138711,13111725,6,0,2019-01-30 13:16:52, [오늘의 일기] 설 되기 전 M.2 업그레이드했습니다. ,858,11,0,0
2019-01-30 18:16:57.189856,13111725,6,0,2019-01-30 13:16:52, [오늘의 일기] 설 되기 전 M.2 업그레이드했습니다. ,865,7,0,0
2019-01-30 19:17:02.310863,13111725,6,0,2019-01-30 13:16:52, [오늘의 일기] 설 되기 전 M.2 업그레이드했습니다. ,867,2,0,0
2019-01-30 20:16:54.363126,13111725,6,0,2019-01-30 13:16:52, [오늘의 일기] 설 되기 전 M.2 업그레이드했습니다. ,870,3,0,0
2019-01-30 21:16:59.381967,13111725,6,0,2019-01-30 13:16:52, [오늘의 일기] 설 되기 전 M.2 업그레이드했습니다. ,874,4,0,0
2019-01-30 22:17:04.374133,13111725,6,0,2019-01-30 13:16:52, [오늘의 일기] 설 되기 전 M.2 업그레이드했습니다. ,875,1,0,0
2019-01-30 23:16:56.443173,13111725,6,0,2019-01-30 13:16:52, [오늘의 일기] 설 되기 전 M.2 업그레이드했습니다. ,876,1,0,0
2019-01-31 00:17:01.580919,13111725,6,0,2019-01-30 13:16:52, [오늘의 일기] 설 되기 전 M.2 업그레이드했습니다. ,877,1,0,0
2019-01-31 01:16:53.587354,13111725,6,0,2019-01-30 13:16:52, [오늘의 일기] 설 되기 전 M.2 업그레이드했습니다. ,881,4,0,0
2019-01-31 02:16:58.676762,13111725,6,0,2019-01-30 13:16:52, [오늘의 일기] 설 되기 전 M.2 업그레이드했습니다. ,882,1,0,0
2019-01-31 03:17:03.927387,13111725,6,0,2019-01-30 13:16:52, [오늘의 일기] 설 되기 전 M.2 업그레이드했습니다. ,883,1,0,0
2019-01-31 04:16:55.982351,13111725,6,0,2019-01-30 13:16:52, [오늘의 일기] 설 되기 전 M.2 업그레이드했습니다. ,885,2,0,0
2019-01-31 05:17:01.277801,13111725,6,0,2019-01-30 13:16:52, [오늘의 일기] 설 되기 전 M.2 업그레이드했습니다. ,887,2,0,0
2019-01-31 06:16:54.198618,13111725,6,0,2019-01-30 13:16:52, [오늘의 일기] 설 되기 전 M.2 업그레이드했습니다. ,889,2,0,0
2019-01-31 07:16:59.480493,13111725,6,0,2019-01-30 13:16:52, [오늘의 일기] 설 되기 전 M.2 업그레이드했습니다. ,890,1,0,0
2019-01-31 08:17:04.558254,13111725,6,0,2019-01-30 13:16:52, [오늘의 일기] 설 되기 전 M.2 업그레이드했습니다. ,892,2,0,0
2019-01-31 09:16:57.000409,13111725,6,0,2019-01-30 13:16:52, [오늘의 일기] 설 되기 전 M.2 업그레이드했습니다. ,894,2,0,0
2019-01-31 10:17:02.005656,13111725,6,0,2019-01-30 13:16:52, [오늘의 일기] 설 되기 전 M.2 업그레이드했습니다. ,895,1,0,0
2019-01-31 11:16:54.569642,13111725,6,0,2019-01-30 13:16:52, [오늘의 일기] 설 되기 전 M.2 업그레이드했습니다. ,896,1,0,0
2019-01-31 12:16:59.632604,13111725,6,0,2019-01-30 13:16:52, [오늘의 일기] 설 되기 전 M.2 업그레이드했습니다. ,897,1,0,0
2019-01-31 13:17:04.672148,13111725,6,0,2019-01-30 13:16:52, [오늘의 일기] 설 되기 전 M.2 업그레이드했습니다. ,899,2,0,0
