check_time,id,post_reply,post_symph,post_time,post_title,post_view,post_view_diff,post_reply_diff,post_symph_diff
2019-01-29 14:36:40.033791,13108194,4,2,2019-01-29 13:36:28, 5W 1H 원칙 ,1136,1136,4,2
2019-01-29 15:36:32.163844,13108194,4,2,2019-01-29 13:36:28, 5W 1H 원칙 ,1217,81,0,0
2019-01-29 16:36:37.209340,13108194,4,2,2019-01-29 13:36:28, 5W 1H 원칙 ,1255,38,0,0
2019-01-29 17:36:29.466873,13108194,4,2,2019-01-29 13:36:28, 5W 1H 원칙 ,1274,19,0,0
2019-01-29 18:36:34.504725,13108194,4,2,2019-01-29 13:36:28, 5W 1H 원칙 ,1285,11,0,0
2019-01-29 19:36:40.084674,13108194,4,2,2019-01-29 13:36:28, 5W 1H 원칙 ,1289,4,0,0
2019-01-29 20:36:32.296246,13108194,4,2,2019-01-29 13:36:28, 5W 1H 원칙 ,1297,8,0,0
2019-01-29 21:36:37.360913,13108194,4,2,2019-01-29 13:36:28, 5W 1H 원칙 ,1302,5,0,0
2019-01-29 22:36:29.515065,13108194,4,2,2019-01-29 13:36:28, 5W 1H 원칙 ,1306,4,0,0
2019-01-29 23:36:34.600035,13108194,4,2,2019-01-29 13:36:28, 5W 1H 원칙 ,1314,8,0,0
2019-01-30 00:36:39.673397,13108194,4,2,2019-01-29 13:36:28, 5W 1H 원칙 ,1320,6,0,0
2019-01-30 01:36:31.815314,13108194,4,2,2019-01-29 13:36:28, 5W 1H 원칙 ,1330,10,0,0
2019-01-30 02:36:37.017632,13108194,4,2,2019-01-29 13:36:28, 5W 1H 원칙 ,1333,3,0,0
2019-01-30 03:36:29.344238,13108194,4,2,2019-01-29 13:36:28, 5W 1H 원칙 ,1335,2,0,0
2019-01-30 04:36:34.410804,13108194,4,2,2019-01-29 13:36:28, 5W 1H 원칙 ,1339,4,0,0
2019-01-30 05:36:39.801326,13108194,4,2,2019-01-29 13:36:28, 5W 1H 원칙 ,1341,2,0,0
2019-01-30 06:36:32.076831,13108194,4,2,2019-01-29 13:36:28, 5W 1H 원칙 ,1342,1,0,0
2019-01-30 07:36:37.250944,13108194,4,2,2019-01-29 13:36:28, 5W 1H 원칙 ,1343,1,0,0
2019-01-30 08:36:30.060395,13108194,4,2,2019-01-29 13:36:28, 5W 1H 원칙 ,1352,9,0,0
2019-01-30 09:36:35.134153,13108194,4,3,2019-01-29 13:36:28, 5W 1H 원칙 ,1363,11,0,1
2019-01-30 10:36:40.213388,13108194,4,3,2019-01-29 13:36:28, 5W 1H 원칙 ,1371,8,0,0
2019-01-30 11:36:32.649833,13108194,4,3,2019-01-29 13:36:28, 5W 1H 원칙 ,1377,6,0,0
2019-01-30 12:36:38.112639,13108194,4,3,2019-01-29 13:36:28, 5W 1H 원칙 ,1380,3,0,0
2019-01-30 13:36:30.136795,13108194,4,3,2019-01-29 13:36:28, 5W 1H 원칙 ,1382,2,0,0
