check_time,id,post_reply,post_symph,post_time,post_title,post_view,post_view_diff,post_reply_diff,post_symph_diff
2019-01-28 14:51:44.595193,13104413,24,1,2019-01-28 13:51:33, 샤오미 보조배터리 20000mAh 3세대 도착했습니다. ,1952,1952,24,1
2019-01-28 15:51:36.722758,13104413,24,1,2019-01-28 13:51:33, 샤오미 보조배터리 20000mAh 3세대 도착했습니다. ,2125,173,0,0
2019-01-28 16:51:41.874625,13104413,24,1,2019-01-28 13:51:33, 샤오미 보조배터리 20000mAh 3세대 도착했습니다. ,2189,64,0,0
2019-01-28 17:51:33.912985,13104413,24,1,2019-01-28 13:51:33, 샤오미 보조배터리 20000mAh 3세대 도착했습니다. ,2227,38,0,0
2019-01-28 18:51:38.913575,13104413,24,1,2019-01-28 13:51:33, 샤오미 보조배터리 20000mAh 3세대 도착했습니다. ,2256,29,0,0
2019-01-28 19:51:43.927046,13104413,24,1,2019-01-28 13:51:33, 샤오미 보조배터리 20000mAh 3세대 도착했습니다. ,2279,23,0,0
2019-01-28 20:51:35.980220,13104413,24,1,2019-01-28 13:51:33, 샤오미 보조배터리 20000mAh 3세대 도착했습니다. ,2305,26,0,0
2019-01-28 21:51:41.013427,13104413,24,1,2019-01-28 13:51:33, 샤오미 보조배터리 20000mAh 3세대 도착했습니다. ,2323,18,0,0
2019-01-28 22:51:33.104558,13104413,24,1,2019-01-28 13:51:33, 샤오미 보조배터리 20000mAh 3세대 도착했습니다. ,2343,20,0,0
2019-01-28 23:51:38.222354,13104413,24,1,2019-01-28 13:51:33, 샤오미 보조배터리 20000mAh 3세대 도착했습니다. ,2353,10,0,0
2019-01-29 00:51:43.454312,13104413,24,1,2019-01-28 13:51:33, 샤오미 보조배터리 20000mAh 3세대 도착했습니다. ,2363,10,0,0
2019-01-29 01:51:35.467726,13104413,24,1,2019-01-28 13:51:33, 샤오미 보조배터리 20000mAh 3세대 도착했습니다. ,2366,3,0,0
2019-01-29 02:51:40.466670,13104413,24,1,2019-01-28 13:51:33, 샤오미 보조배터리 20000mAh 3세대 도착했습니다. ,2371,5,0,0
2019-01-29 03:51:45.467386,13104413,24,1,2019-01-28 13:51:33, 샤오미 보조배터리 20000mAh 3세대 도착했습니다. ,2374,3,0,0
2019-01-29 04:51:37.520257,13104413,24,1,2019-01-28 13:51:33, 샤오미 보조배터리 20000mAh 3세대 도착했습니다. ,2378,4,0,0
2019-01-29 05:51:42.546037,13104413,24,1,2019-01-28 13:51:33, 샤오미 보조배터리 20000mAh 3세대 도착했습니다. ,2380,2,0,0
2019-01-29 06:51:34.506740,13104413,24,1,2019-01-28 13:51:33, 샤오미 보조배터리 20000mAh 3세대 도착했습니다. ,2382,2,0,0
2019-01-29 07:51:39.546894,13104413,24,1,2019-01-28 13:51:33, 샤오미 보조배터리 20000mAh 3세대 도착했습니다. ,2386,4,0,0
2019-01-29 08:51:44.571106,13104413,24,1,2019-01-28 13:51:33, 샤오미 보조배터리 20000mAh 3세대 도착했습니다. ,2391,5,0,0
2019-01-29 09:51:36.584035,13104413,24,1,2019-01-28 13:51:33, 샤오미 보조배터리 20000mAh 3세대 도착했습니다. ,2392,1,0,0
2019-01-29 10:51:41.891652,13104413,24,1,2019-01-28 13:51:33, 샤오미 보조배터리 20000mAh 3세대 도착했습니다. ,2395,3,0,0
2019-01-29 11:51:33.950300,13104413,24,1,2019-01-28 13:51:33, 샤오미 보조배터리 20000mAh 3세대 도착했습니다. ,2399,4,0,0
2019-01-29 12:51:39.112577,13104413,24,1,2019-01-28 13:51:33, 샤오미 보조배터리 20000mAh 3세대 도착했습니다. ,2401,2,0,0
2019-01-29 13:51:44.225374,13104413,24,1,2019-01-28 13:51:33, 샤오미 보조배터리 20000mAh 3세대 도착했습니다. ,2402,1,0,0
