check_time,id,post_reply,post_symph,post_time,post_title,post_view,post_view_diff,post_reply_diff,post_symph_diff
2019-01-27 14:27:08.992435,13100944,4,0,2019-01-27 13:27:01, 릴레이 단식을 보고 깊음 깨달음을 얻은사람 ,792,792,4,0
2019-01-27 15:27:01.045613,13100944,4,0,2019-01-27 13:27:01, 릴레이 단식을 보고 깊음 깨달음을 얻은사람 ,891,99,0,0
2019-01-27 16:27:06.101836,13100944,4,0,2019-01-27 13:27:01, 릴레이 단식을 보고 깊음 깨달음을 얻은사람 ,937,46,0,0
2019-01-27 17:27:11.173629,13100944,4,0,2019-01-27 13:27:01, 릴레이 단식을 보고 깊음 깨달음을 얻은사람 ,954,17,0,0
2019-01-27 18:27:03.182907,13100944,4,0,2019-01-27 13:27:01, 릴레이 단식을 보고 깊음 깨달음을 얻은사람 ,975,21,0,0
2019-01-27 19:27:08.263565,13100944,5,0,2019-01-27 13:27:01, 릴레이 단식을 보고 깊음 깨달음을 얻은사람 ,988,13,1,0
2019-01-27 20:27:13.328083,13100944,5,0,2019-01-27 13:27:01, 릴레이 단식을 보고 깊음 깨달음을 얻은사람 ,992,4,0,0
2019-01-27 21:27:05.409863,13100944,5,0,2019-01-27 13:27:01, 릴레이 단식을 보고 깊음 깨달음을 얻은사람 ,998,6,0,0
2019-01-27 22:27:10.514405,13100944,5,0,2019-01-27 13:27:01, 릴레이 단식을 보고 깊음 깨달음을 얻은사람 ,1003,5,0,0
2019-01-27 23:27:02.623359,13100944,5,0,2019-01-27 13:27:01, 릴레이 단식을 보고 깊음 깨달음을 얻은사람 ,1006,3,0,0
2019-01-28 00:27:07.928404,13100944,5,0,2019-01-27 13:27:01, 릴레이 단식을 보고 깊음 깨달음을 얻은사람 ,1012,6,0,0
2019-01-28 01:27:13.285075,13100944,5,0,2019-01-27 13:27:01, 릴레이 단식을 보고 깊음 깨달음을 얻은사람 ,1014,2,0,0
2019-01-28 02:27:05.413168,13100944,5,0,2019-01-27 13:27:01, 릴레이 단식을 보고 깊음 깨달음을 얻은사람 ,1017,3,0,0
2019-01-28 03:27:10.453008,13100944,5,0,2019-01-27 13:27:01, 릴레이 단식을 보고 깊음 깨달음을 얻은사람 ,1020,3,0,0
2019-01-28 04:27:02.513577,13100944,5,0,2019-01-27 13:27:01, 릴레이 단식을 보고 깊음 깨달음을 얻은사람 ,1022,2,0,0
2019-01-28 05:27:07.532627,13100944,5,0,2019-01-27 13:27:01, 릴레이 단식을 보고 깊음 깨달음을 얻은사람 ,1023,1,0,0
2019-01-28 06:27:12.539702,13100944,5,0,2019-01-27 13:27:01, 릴레이 단식을 보고 깊음 깨달음을 얻은사람 ,1026,3,0,0
2019-01-28 07:27:05.009218,13100944,5,0,2019-01-27 13:27:01, 릴레이 단식을 보고 깊음 깨달음을 얻은사람 ,1028,2,0,0
2019-01-28 08:27:10.122831,13100944,5,0,2019-01-27 13:27:01, 릴레이 단식을 보고 깊음 깨달음을 얻은사람 ,1030,2,0,0
2019-01-28 09:27:02.146698,13100944,5,0,2019-01-27 13:27:01, 릴레이 단식을 보고 깊음 깨달음을 얻은사람 ,1031,1,0,0
2019-01-28 10:27:07.173167,13100944,5,0,2019-01-27 13:27:01, 릴레이 단식을 보고 깊음 깨달음을 얻은사람 ,1033,2,0,0
2019-01-28 11:27:12.209147,13100944,5,0,2019-01-27 13:27:01, 릴레이 단식을 보고 깊음 깨달음을 얻은사람 ,1036,3,0,0
2019-01-28 12:27:04.308806,13100944,5,0,2019-01-27 13:27:01, 릴레이 단식을 보고 깊음 깨달음을 얻은사람 ,1038,2,0,0
2019-01-28 13:27:09.501034,13100944,5,0,2019-01-27 13:27:01, 릴레이 단식을 보고 깊음 깨달음을 얻은사람 ,1040,2,0,0
