check_time,id,post_reply,post_symph,post_time,post_title,post_view,post_view_diff,post_reply_diff,post_symph_diff
2019-01-24 14:21:44.680297,13089275,4,0,2019-01-24 13:21:43, 인생은 현탐이라더니.. ,512,512,4,0
2019-01-24 15:21:49.834504,13089275,4,0,2019-01-24 13:21:43, 인생은 현탐이라더니.. ,562,50,0,0
2019-01-24 16:21:54.958820,13089275,4,0,2019-01-24 13:21:43, 인생은 현탐이라더니.. ,589,27,0,0
2019-01-24 17:21:46.980532,13089275,4,0,2019-01-24 13:21:43, 인생은 현탐이라더니.. ,598,9,0,0
2019-01-24 18:21:52.006202,13089275,4,0,2019-01-24 13:21:43, 인생은 현탐이라더니.. ,603,5,0,0
2019-01-24 19:21:44.067200,13089275,4,0,2019-01-24 13:21:43, 인생은 현탐이라더니.. ,610,7,0,0
2019-01-24 20:21:49.208333,13089275,4,0,2019-01-24 13:21:43, 인생은 현탐이라더니.. ,612,2,0,0
2019-01-24 21:21:54.422144,13089275,4,0,2019-01-24 13:21:43, 인생은 현탐이라더니.. ,614,2,0,0
2019-01-24 22:21:46.566786,13089275,4,0,2019-01-24 13:21:43, 인생은 현탐이라더니.. ,620,6,0,0
2019-01-24 23:21:51.697907,13089275,4,0,2019-01-24 13:21:43, 인생은 현탐이라더니.. ,622,2,0,0
2019-01-25 00:21:44.051659,13089275,4,0,2019-01-24 13:21:43, 인생은 현탐이라더니.. ,623,1,0,0
2019-01-25 01:21:49.178659,13089275,4,0,2019-01-24 13:21:43, 인생은 현탐이라더니.. ,627,4,0,0
2019-01-25 02:21:54.274024,13089275,4,0,2019-01-24 13:21:43, 인생은 현탐이라더니.. ,628,1,0,0
2019-01-25 03:21:46.406539,13089275,4,0,2019-01-24 13:21:43, 인생은 현탐이라더니.. ,631,3,0,0
2019-01-25 04:21:51.446430,13089275,4,0,2019-01-24 13:21:43, 인생은 현탐이라더니.. ,631,0,0,0
2019-01-25 05:21:43.519999,13089275,4,0,2019-01-24 13:21:43, 인생은 현탐이라더니.. ,632,1,0,0
2019-01-25 06:21:48.570514,13089275,4,0,2019-01-24 13:21:43, 인생은 현탐이라더니.. ,633,1,0,0
2019-01-25 07:21:53.820554,13089275,4,0,2019-01-24 13:21:43, 인생은 현탐이라더니.. ,635,2,0,0
2019-01-25 08:21:46.833807,13089275,4,0,2019-01-24 13:21:43, 인생은 현탐이라더니.. ,636,1,0,0
2019-01-25 09:21:52.116147,13089275,4,0,2019-01-24 13:21:43, 인생은 현탐이라더니.. ,637,1,0,0
2019-01-25 10:21:44.187049,13089275,4,0,2019-01-24 13:21:43, 인생은 현탐이라더니.. ,638,1,0,0
2019-01-25 11:21:49.259923,13089275,4,0,2019-01-24 13:21:43, 인생은 현탐이라더니.. ,640,2,0,0
2019-01-25 12:21:54.349668,13089275,4,0,2019-01-24 13:21:43, 인생은 현탐이라더니.. ,640,0,0,0
2019-01-25 13:21:46.439583,13089275,4,0,2019-01-24 13:21:43, 인생은 현탐이라더니.. ,641,1,0,0
