check_time,id,post_reply,post_symph,post_time,post_title,post_view,post_view_diff,post_reply_diff,post_symph_diff
2019-01-29 14:47:23.581234,13108231,25,0,2019-01-29 13:47:17, 똥꼬털 제모하는 방법.jpg ,5126,5126,25,0
2019-01-29 15:47:28.597892,13108231,25,0,2019-01-29 13:47:17, 똥꼬털 제모하는 방법.jpg ,6026,900,0,0
2019-01-29 16:47:20.621802,13108231,25,0,2019-01-29 13:47:17, 똥꼬털 제모하는 방법.jpg ,6547,521,0,0
2019-01-29 17:47:26.383255,13108231,25,0,2019-01-29 13:47:17, 똥꼬털 제모하는 방법.jpg ,6809,262,0,0
2019-01-29 18:47:18.491238,13108231,25,0,2019-01-29 13:47:17, 똥꼬털 제모하는 방법.jpg ,6944,135,0,0
2019-01-29 19:47:23.494355,13108231,25,0,2019-01-29 13:47:17, 똥꼬털 제모하는 방법.jpg ,7040,96,0,0
2019-01-29 20:47:28.450628,13108231,25,0,2019-01-29 13:47:17, 똥꼬털 제모하는 방법.jpg ,7103,63,0,0
2019-01-29 21:47:20.512558,13108231,25,0,2019-01-29 13:47:17, 똥꼬털 제모하는 방법.jpg ,7167,64,0,0
2019-01-29 22:47:25.637272,13108231,25,0,2019-01-29 13:47:17, 똥꼬털 제모하는 방법.jpg ,7230,63,0,0
2019-01-29 23:47:17.877339,13108231,25,0,2019-01-29 13:47:17, 똥꼬털 제모하는 방법.jpg ,7286,56,0,0
2019-01-30 00:47:22.952973,13108231,25,0,2019-01-29 13:47:17, 똥꼬털 제모하는 방법.jpg ,7342,56,0,0
2019-01-30 01:47:27.974975,13108231,25,0,2019-01-29 13:47:17, 똥꼬털 제모하는 방법.jpg ,7371,29,0,0
2019-01-30 02:47:20.301335,13108231,25,0,2019-01-29 13:47:17, 똥꼬털 제모하는 방법.jpg ,7378,7,0,0
2019-01-30 03:47:25.394355,13108231,25,0,2019-01-29 13:47:17, 똥꼬털 제모하는 방법.jpg ,7385,7,0,0
2019-01-30 04:47:17.493564,13108231,25,0,2019-01-29 13:47:17, 똥꼬털 제모하는 방법.jpg ,7387,2,0,0
2019-01-30 05:47:22.599700,13108231,25,0,2019-01-29 13:47:17, 똥꼬털 제모하는 방법.jpg ,7396,9,0,0
2019-01-30 06:47:27.712165,13108231,25,0,2019-01-29 13:47:17, 똥꼬털 제모하는 방법.jpg ,7401,5,0,0
2019-01-30 07:47:20.178649,13108231,25,0,2019-01-29 13:47:17, 똥꼬털 제모하는 방법.jpg ,7406,5,0,0
2019-01-30 08:47:25.245814,13108231,25,0,2019-01-29 13:47:17, 똥꼬털 제모하는 방법.jpg ,7414,8,0,0
2019-01-30 09:47:17.301309,13108231,25,0,2019-01-29 13:47:17, 똥꼬털 제모하는 방법.jpg ,7418,4,0,0
2019-01-30 10:47:22.299770,13108231,25,0,2019-01-29 13:47:17, 똥꼬털 제모하는 방법.jpg ,7426,8,0,0
2019-01-30 11:47:27.504588,13108231,25,0,2019-01-29 13:47:17, 똥꼬털 제모하는 방법.jpg ,7429,3,0,0
2019-01-30 12:47:20.207665,13108231,25,0,2019-01-29 13:47:17, 똥꼬털 제모하는 방법.jpg ,7433,4,0,0
2019-01-30 13:47:25.223787,13108231,25,0,2019-01-29 13:47:17, 똥꼬털 제모하는 방법.jpg ,7435,2,0,0
