check_time,id,post_reply,post_symph,post_time,post_title,post_view,post_view_diff,post_reply_diff,post_symph_diff
2019-01-24 14:17:09.415719,13089252,6,0,2019-01-24 13:16:57, 플스프로용 모니터 질렀습니다 ㅋㅋㅋ ,1297,1297,6,0
2019-01-24 15:17:01.517849,13089252,6,0,2019-01-24 13:16:57, 플스프로용 모니터 질렀습니다 ㅋㅋㅋ ,1388,91,0,0
2019-01-24 16:17:06.522517,13089252,6,0,2019-01-24 13:16:57, 플스프로용 모니터 질렀습니다 ㅋㅋㅋ ,1417,29,0,0
2019-01-24 17:16:58.630659,13089252,6,0,2019-01-24 13:16:57, 플스프로용 모니터 질렀습니다 ㅋㅋㅋ ,1430,13,0,0
2019-01-24 18:17:03.619234,13089252,6,0,2019-01-24 13:16:57, 플스프로용 모니터 질렀습니다 ㅋㅋㅋ ,1437,7,0,0
2019-01-24 19:17:09.308406,13089252,6,0,2019-01-24 13:16:57, 플스프로용 모니터 질렀습니다 ㅋㅋㅋ ,1447,10,0,0
2019-01-24 20:17:02.028575,13089252,6,0,2019-01-24 13:16:57, 플스프로용 모니터 질렀습니다 ㅋㅋㅋ ,1455,8,0,0
2019-01-24 21:17:07.927717,13089252,6,0,2019-01-24 13:16:57, 플스프로용 모니터 질렀습니다 ㅋㅋㅋ ,1461,6,0,0
2019-01-24 22:17:01.071581,13089252,6,0,2019-01-24 13:16:57, 플스프로용 모니터 질렀습니다 ㅋㅋㅋ ,1465,4,0,0
2019-01-24 23:17:06.433715,13089252,6,0,2019-01-24 13:16:57, 플스프로용 모니터 질렀습니다 ㅋㅋㅋ ,1469,4,0,0
2019-01-25 00:16:59.098931,13089252,6,0,2019-01-24 13:16:57, 플스프로용 모니터 질렀습니다 ㅋㅋㅋ ,1471,2,0,0
2019-01-25 01:17:04.447005,13089252,6,0,2019-01-24 13:16:57, 플스프로용 모니터 질렀습니다 ㅋㅋㅋ ,1475,4,0,0
2019-01-25 02:17:09.778209,13089252,6,0,2019-01-24 13:16:57, 플스프로용 모니터 질렀습니다 ㅋㅋㅋ ,1476,1,0,0
2019-01-25 03:17:02.034538,13089252,6,0,2019-01-24 13:16:57, 플스프로용 모니터 질렀습니다 ㅋㅋㅋ ,1480,4,0,0
2019-01-25 04:17:08.162408,13089252,6,0,2019-01-24 13:16:57, 플스프로용 모니터 질렀습니다 ㅋㅋㅋ ,1482,2,0,0
2019-01-25 05:17:00.246119,13089252,6,0,2019-01-24 13:16:57, 플스프로용 모니터 질렀습니다 ㅋㅋㅋ ,1483,1,0,0
2019-01-25 06:17:05.406146,13089252,6,0,2019-01-24 13:16:57, 플스프로용 모니터 질렀습니다 ㅋㅋㅋ ,1484,1,0,0
2019-01-25 07:16:57.454015,13089252,6,0,2019-01-24 13:16:57, 플스프로용 모니터 질렀습니다 ㅋㅋㅋ ,1486,2,0,0
2019-01-25 08:17:02.453664,13089252,6,0,2019-01-24 13:16:57, 플스프로용 모니터 질렀습니다 ㅋㅋㅋ ,1488,2,0,0
2019-01-25 09:16:59.835291,13089252,6,0,2019-01-24 13:16:57, 플스프로용 모니터 질렀습니다 ㅋㅋㅋ ,1490,2,0,0
2019-01-25 10:17:07.112470,13089252,6,0,2019-01-24 13:16:57, 플스프로용 모니터 질렀습니다 ㅋㅋㅋ ,1491,1,0,0
2019-01-25 11:16:59.677036,13089252,6,0,2019-01-24 13:16:57, 플스프로용 모니터 질렀습니다 ㅋㅋㅋ ,1494,3,0,0
2019-01-25 12:17:05.001143,13089252,6,0,2019-01-24 13:16:57, 플스프로용 모니터 질렀습니다 ㅋㅋㅋ ,1495,1,0,0
2019-01-25 13:17:09.968208,13089252,6,0,2019-01-24 13:16:57, 플스프로용 모니터 질렀습니다 ㅋㅋㅋ ,1496,1,0,0
