check_time,id,post_reply,post_symph,post_time,post_title,post_view,post_view_diff,post_reply_diff,post_symph_diff
2019-01-26 14:17:13.176511,13097837,10,3,2019-01-26 13:17:03, 일본 헬스장.jpg ,4412,4412,10,3
2019-01-26 15:17:05.247826,13097837,10,3,2019-01-26 13:17:03, 일본 헬스장.jpg ,5735,1323,0,0
2019-01-26 16:17:10.299838,13097837,10,4,2019-01-26 13:17:03, 일본 헬스장.jpg ,6636,901,0,1
2019-01-26 17:17:15.531787,13097837,10,4,2019-01-26 13:17:03, 일본 헬스장.jpg ,7015,379,0,0
2019-01-26 18:17:07.550711,13097837,10,4,2019-01-26 13:17:03, 일본 헬스장.jpg ,7254,239,0,0
2019-01-26 19:17:12.557809,13097837,10,4,2019-01-26 13:17:03, 일본 헬스장.jpg ,7444,190,0,0
2019-01-26 20:17:04.597337,13097837,10,4,2019-01-26 13:17:03, 일본 헬스장.jpg ,7573,129,0,0
2019-01-26 21:17:09.863450,13097837,10,4,2019-01-26 13:17:03, 일본 헬스장.jpg ,7662,89,0,0
2019-01-26 22:17:14.913409,13097837,10,4,2019-01-26 13:17:03, 일본 헬스장.jpg ,7746,84,0,0
2019-01-26 23:17:06.973887,13097837,10,4,2019-01-26 13:17:03, 일본 헬스장.jpg ,7833,87,0,0
2019-01-27 00:17:12.195669,13097837,10,4,2019-01-26 13:17:03, 일본 헬스장.jpg ,7910,77,0,0
2019-01-27 01:17:04.226245,13097837,10,4,2019-01-26 13:17:03, 일본 헬스장.jpg ,7965,55,0,0
2019-01-27 02:17:09.284988,13097837,10,4,2019-01-26 13:17:03, 일본 헬스장.jpg ,7990,25,0,0
2019-01-27 03:17:14.394064,13097837,10,4,2019-01-26 13:17:03, 일본 헬스장.jpg ,8006,16,0,0
2019-01-27 04:17:06.531053,13097837,10,4,2019-01-26 13:17:03, 일본 헬스장.jpg ,8021,15,0,0
2019-01-27 05:17:11.614008,13097837,10,4,2019-01-26 13:17:03, 일본 헬스장.jpg ,8030,9,0,0
2019-01-27 06:17:03.747696,13097837,10,4,2019-01-26 13:17:03, 일본 헬스장.jpg ,8040,10,0,0
2019-01-27 07:17:09.313399,13097837,10,4,2019-01-26 13:17:03, 일본 헬스장.jpg ,8050,10,0,0
2019-01-27 08:17:14.479436,13097837,10,4,2019-01-26 13:17:03, 일본 헬스장.jpg ,8069,19,0,0
2019-01-27 09:17:06.585826,13097837,10,4,2019-01-26 13:17:03, 일본 헬스장.jpg ,8090,21,0,0
2019-01-27 10:17:11.675845,13097837,10,4,2019-01-26 13:17:03, 일본 헬스장.jpg ,8109,19,0,0
2019-01-27 11:17:03.782172,13097837,10,4,2019-01-26 13:17:03, 일본 헬스장.jpg ,8147,38,0,0
2019-01-27 12:17:08.977226,13097837,10,4,2019-01-26 13:17:03, 일본 헬스장.jpg ,8158,11,0,0
2019-01-27 13:17:14.049370,13097837,10,4,2019-01-26 13:17:03, 일본 헬스장.jpg ,8168,10,0,0
