check_time,id,post_reply,post_symph,post_time,post_title,post_view,post_view_diff,post_reply_diff,post_symph_diff
2019-01-25 21:22:14.578809,13095172,0,0,2019-01-25 20:22:14, 축구할 시간이 다가오는데... 킹덤 재생 누르면 안되는데... ,445,445,0,0
2019-01-25 22:22:19.610113,13095172,0,0,2019-01-25 20:22:14, 축구할 시간이 다가오는데... 킹덤 재생 누르면 안되는데... ,485,40,0,0
2019-01-25 23:22:24.700755,13095172,0,0,2019-01-25 20:22:14, 축구할 시간이 다가오는데... 킹덤 재생 누르면 안되는데... ,499,14,0,0
2019-01-26 00:22:16.867333,13095172,0,0,2019-01-25 20:22:14, 축구할 시간이 다가오는데... 킹덤 재생 누르면 안되는데... ,502,3,0,0
2019-01-26 01:22:21.940140,13095172,0,0,2019-01-25 20:22:14, 축구할 시간이 다가오는데... 킹덤 재생 누르면 안되는데... ,512,10,0,0
2019-01-26 02:22:26.939614,13095172,0,0,2019-01-25 20:22:14, 축구할 시간이 다가오는데... 킹덤 재생 누르면 안되는데... ,520,8,0,0
2019-01-26 03:22:18.999438,13095172,0,0,2019-01-25 20:22:14, 축구할 시간이 다가오는데... 킹덤 재생 누르면 안되는데... ,523,3,0,0
2019-01-26 04:22:24.243441,13095172,0,0,2019-01-25 20:22:14, 축구할 시간이 다가오는데... 킹덤 재생 누르면 안되는데... ,526,3,0,0
2019-01-26 05:22:16.269110,13095172,0,0,2019-01-25 20:22:14, 축구할 시간이 다가오는데... 킹덤 재생 누르면 안되는데... ,528,2,0,0
2019-01-26 06:22:21.334201,13095172,0,0,2019-01-25 20:22:14, 축구할 시간이 다가오는데... 킹덤 재생 누르면 안되는데... ,529,1,0,0
2019-01-26 07:22:26.341202,13095172,0,0,2019-01-25 20:22:14, 축구할 시간이 다가오는데... 킹덤 재생 누르면 안되는데... ,531,2,0,0
2019-01-26 08:22:18.362162,13095172,0,0,2019-01-25 20:22:14, 축구할 시간이 다가오는데... 킹덤 재생 누르면 안되는데... ,532,1,0,0
2019-01-26 09:22:23.439371,13095172,0,0,2019-01-25 20:22:14, 축구할 시간이 다가오는데... 킹덤 재생 누르면 안되는데... ,533,1,0,0
2019-01-26 10:22:15.597045,13095172,0,0,2019-01-25 20:22:14, 축구할 시간이 다가오는데... 킹덤 재생 누르면 안되는데... ,538,5,0,0
2019-01-26 11:22:20.623116,13095172,0,0,2019-01-25 20:22:14, 축구할 시간이 다가오는데... 킹덤 재생 누르면 안되는데... ,543,5,0,0
2019-01-26 12:22:25.782137,13095172,0,0,2019-01-25 20:22:14, 축구할 시간이 다가오는데... 킹덤 재생 누르면 안되는데... ,545,2,0,0
2019-01-26 13:22:19.097106,13095172,0,0,2019-01-25 20:22:14, 축구할 시간이 다가오는데... 킹덤 재생 누르면 안되는데... ,549,4,0,0
2019-01-26 14:22:24.136934,13095172,0,0,2019-01-25 20:22:14, 축구할 시간이 다가오는데... 킹덤 재생 누르면 안되는데... ,551,2,0,0
2019-01-26 15:22:16.216359,13095172,0,0,2019-01-25 20:22:14, 축구할 시간이 다가오는데... 킹덤 재생 누르면 안되는데... ,554,3,0,0
2019-01-26 16:22:21.256371,13095172,0,0,2019-01-25 20:22:14, 축구할 시간이 다가오는데... 킹덤 재생 누르면 안되는데... ,556,2,0,0
2019-01-26 17:22:26.467544,13095172,0,0,2019-01-25 20:22:14, 축구할 시간이 다가오는데... 킹덤 재생 누르면 안되는데... ,559,3,0,0
2019-01-26 18:22:18.548497,13095172,0,0,2019-01-25 20:22:14, 축구할 시간이 다가오는데... 킹덤 재생 누르면 안되는데... ,560,1,0,0
2019-01-26 19:22:23.624307,13095172,0,0,2019-01-25 20:22:14, 축구할 시간이 다가오는데... 킹덤 재생 누르면 안되는데... ,564,4,0,0
2019-01-26 20:22:15.848436,13095172,0,0,2019-01-25 20:22:14, 축구할 시간이 다가오는데... 킹덤 재생 누르면 안되는데... ,567,3,0,0
