check_time,id,post_reply,post_symph,post_time,post_title,post_view,post_view_diff,post_reply_diff,post_symph_diff
2019-01-25 21:32:08.270327,13095192,5,0,2019-01-25 20:32:05, @@@: 꺄 초계기다 ,1351,1351,5,0
2019-01-25 22:32:13.301318,13095192,5,0,2019-01-25 20:32:05, @@@: 꺄 초계기다 ,1508,157,0,0
2019-01-25 23:32:05.360247,13095192,5,0,2019-01-25 20:32:05, @@@: 꺄 초계기다 ,1541,33,0,0
2019-01-26 00:32:10.526497,13095192,5,0,2019-01-25 20:32:05, @@@: 꺄 초계기다 ,1548,7,0,0
2019-01-26 01:32:15.613321,13095192,5,0,2019-01-25 20:32:05, @@@: 꺄 초계기다 ,1559,11,0,0
2019-01-26 02:32:07.602299,13095192,5,0,2019-01-25 20:32:05, @@@: 꺄 초계기다 ,1566,7,0,0
2019-01-26 03:32:12.621097,13095192,5,0,2019-01-25 20:32:05, @@@: 꺄 초계기다 ,1567,1,0,0
2019-01-26 04:32:17.957305,13095192,5,0,2019-01-25 20:32:05, @@@: 꺄 초계기다 ,1568,1,0,0
2019-01-26 05:32:10.786783,13095192,5,0,2019-01-25 20:32:05, @@@: 꺄 초계기다 ,1571,3,0,0
2019-01-26 06:32:15.801512,13095192,5,0,2019-01-25 20:32:05, @@@: 꺄 초계기다 ,1575,4,0,0
2019-01-26 07:32:07.814001,13095192,5,0,2019-01-25 20:32:05, @@@: 꺄 초계기다 ,1578,3,0,0
2019-01-26 08:32:13.012923,13095192,5,0,2019-01-25 20:32:05, @@@: 꺄 초계기다 ,1582,4,0,0
2019-01-26 09:32:05.029022,13095192,5,0,2019-01-25 20:32:05, @@@: 꺄 초계기다 ,1583,1,0,0
2019-01-26 10:32:10.331074,13095192,5,0,2019-01-25 20:32:05, @@@: 꺄 초계기다 ,1590,7,0,0
2019-01-26 11:32:15.668155,13095192,5,0,2019-01-25 20:32:05, @@@: 꺄 초계기다 ,1594,4,0,0
2019-01-26 12:32:07.984183,13095192,5,0,2019-01-25 20:32:05, @@@: 꺄 초계기다 ,1597,3,0,0
2019-01-26 13:32:13.071694,13095192,5,0,2019-01-25 20:32:05, @@@: 꺄 초계기다 ,1598,1,0,0
2019-01-26 14:32:05.099155,13095192,5,0,2019-01-25 20:32:05, @@@: 꺄 초계기다 ,1604,6,0,0
2019-01-26 15:32:10.187154,13095192,5,0,2019-01-25 20:32:05, @@@: 꺄 초계기다 ,1607,3,0,0
2019-01-26 16:32:15.203740,13095192,5,0,2019-01-25 20:32:05, @@@: 꺄 초계기다 ,1610,3,0,0
2019-01-26 17:32:07.256909,13095192,5,0,2019-01-25 20:32:05, @@@: 꺄 초계기다 ,1610,0,0,0
2019-01-26 18:32:12.579245,13095192,5,0,2019-01-25 20:32:05, @@@: 꺄 초계기다 ,1611,1,0,0
2019-01-26 19:32:17.610526,13095192,5,0,2019-01-25 20:32:05, @@@: 꺄 초계기다 ,1614,3,0,0
2019-01-26 20:32:09.611252,13095192,5,0,2019-01-25 20:32:05, @@@: 꺄 초계기다 ,1620,6,0,0
