check_time,id,post_reply,post_symph,post_time,post_title,post_view,post_view_diff,post_reply_diff,post_symph_diff
2019-01-27 21:57:00.709667,13102157,7,1,2019-01-27 20:57:00," 소개도, 여자분이 밥 사준다고 해도 귀찮고? 이렇게 혼자 사는걸까요? ",1368,1368,7,1
2019-01-27 22:57:05.843267,13102157,7,1,2019-01-27 20:57:00," 소개도, 여자분이 밥 사준다고 해도 귀찮고? 이렇게 혼자 사는걸까요? ",1590,222,0,0
2019-01-27 23:57:10.862509,13102157,7,1,2019-01-27 20:57:00," 소개도, 여자분이 밥 사준다고 해도 귀찮고? 이렇게 혼자 사는걸까요? ",1666,76,0,0
2019-01-28 00:57:02.919748,13102157,7,1,2019-01-27 20:57:00," 소개도, 여자분이 밥 사준다고 해도 귀찮고? 이렇게 혼자 사는걸까요? ",1695,29,0,0
2019-01-28 01:57:08.082919,13102157,7,1,2019-01-27 20:57:00," 소개도, 여자분이 밥 사준다고 해도 귀찮고? 이렇게 혼자 사는걸까요? ",1710,15,0,0
2019-01-28 02:57:00.257172,13102157,7,1,2019-01-27 20:57:00," 소개도, 여자분이 밥 사준다고 해도 귀찮고? 이렇게 혼자 사는걸까요? ",1722,12,0,0
2019-01-28 03:57:05.406148,13102157,7,1,2019-01-27 20:57:00," 소개도, 여자분이 밥 사준다고 해도 귀찮고? 이렇게 혼자 사는걸까요? ",1731,9,0,0
2019-01-28 04:57:10.637088,13102157,7,1,2019-01-27 20:57:00," 소개도, 여자분이 밥 사준다고 해도 귀찮고? 이렇게 혼자 사는걸까요? ",1735,4,0,0
2019-01-28 05:57:03.218792,13102157,7,1,2019-01-27 20:57:00," 소개도, 여자분이 밥 사준다고 해도 귀찮고? 이렇게 혼자 사는걸까요? ",1738,3,0,0
2019-01-28 06:57:08.280693,13102157,7,1,2019-01-27 20:57:00," 소개도, 여자분이 밥 사준다고 해도 귀찮고? 이렇게 혼자 사는걸까요? ",1750,12,0,0
2019-01-28 07:57:01.138556,13102157,7,1,2019-01-27 20:57:00," 소개도, 여자분이 밥 사준다고 해도 귀찮고? 이렇게 혼자 사는걸까요? ",1757,7,0,0
2019-01-28 08:57:07.080612,13102157,7,1,2019-01-27 20:57:00," 소개도, 여자분이 밥 사준다고 해도 귀찮고? 이렇게 혼자 사는걸까요? ",1778,21,0,0
2019-01-28 09:57:12.687686,13102157,7,1,2019-01-27 20:57:00," 소개도, 여자분이 밥 사준다고 해도 귀찮고? 이렇게 혼자 사는걸까요? ",1781,3,0,0
2019-01-28 10:57:04.956017,13102157,7,1,2019-01-27 20:57:00," 소개도, 여자분이 밥 사준다고 해도 귀찮고? 이렇게 혼자 사는걸까요? ",1791,10,0,0
2019-01-28 11:57:10.368613,13102157,7,1,2019-01-27 20:57:00," 소개도, 여자분이 밥 사준다고 해도 귀찮고? 이렇게 혼자 사는걸까요? ",1795,4,0,0
2019-01-28 12:57:02.782020,13102157,7,1,2019-01-27 20:57:00," 소개도, 여자분이 밥 사준다고 해도 귀찮고? 이렇게 혼자 사는걸까요? ",1800,5,0,0
2019-01-28 13:57:08.062110,13102157,7,1,2019-01-27 20:57:00," 소개도, 여자분이 밥 사준다고 해도 귀찮고? 이렇게 혼자 사는걸까요? ",1806,6,0,0
2019-01-28 14:57:00.231779,13102157,7,1,2019-01-27 20:57:00," 소개도, 여자분이 밥 사준다고 해도 귀찮고? 이렇게 혼자 사는걸까요? ",1809,3,0,0
2019-01-28 15:57:05.262919,13102157,7,1,2019-01-27 20:57:00," 소개도, 여자분이 밥 사준다고 해도 귀찮고? 이렇게 혼자 사는걸까요? ",1813,4,0,0
2019-01-28 16:57:10.315995,13102157,7,1,2019-01-27 20:57:00," 소개도, 여자분이 밥 사준다고 해도 귀찮고? 이렇게 혼자 사는걸까요? ",1816,3,0,0
2019-01-28 17:57:02.490380,13102157,7,1,2019-01-27 20:57:00," 소개도, 여자분이 밥 사준다고 해도 귀찮고? 이렇게 혼자 사는걸까요? ",1819,3,0,0
2019-01-28 18:57:07.629530,13102157,7,1,2019-01-27 20:57:00," 소개도, 여자분이 밥 사준다고 해도 귀찮고? 이렇게 혼자 사는걸까요? ",1822,3,0,0
2019-01-28 19:57:12.890813,13102157,7,1,2019-01-27 20:57:00," 소개도, 여자분이 밥 사준다고 해도 귀찮고? 이렇게 혼자 사는걸까요? ",1825,3,0,0
2019-01-28 20:57:05.334474,13102157,7,1,2019-01-27 20:57:00," 소개도, 여자분이 밥 사준다고 해도 귀찮고? 이렇게 혼자 사는걸까요? ",1827,2,0,0
