check_time,id,post_reply,post_symph,post_time,post_title,post_view,post_view_diff,post_reply_diff,post_symph_diff
2019-01-27 21:06:55.861597,13101996,11,0,2019-01-27 20:06:45, 보이차 좋아하세요?.. ,870,870,11,0
2019-01-27 22:06:47.996838,13101996,11,0,2019-01-27 20:06:45, 보이차 좋아하세요?.. ,1025,155,0,0
2019-01-27 23:06:53.471989,13101996,11,0,2019-01-27 20:06:45, 보이차 좋아하세요?.. ,1092,67,0,0
2019-01-28 00:06:45.494155,13101996,11,0,2019-01-27 20:06:45, 보이차 좋아하세요?.. ,1124,32,0,0
2019-01-28 01:06:50.787366,13101996,11,0,2019-01-27 20:06:45, 보이차 좋아하세요?.. ,1138,14,0,0
2019-01-28 02:06:55.795930,13101996,11,0,2019-01-27 20:06:45, 보이차 좋아하세요?.. ,1145,7,0,0
2019-01-28 03:06:47.769993,13101996,11,0,2019-01-27 20:06:45, 보이차 좋아하세요?.. ,1153,8,0,0
2019-01-28 04:06:52.992822,13101996,11,0,2019-01-27 20:06:45, 보이차 좋아하세요?.. ,1157,4,0,0
2019-01-28 05:06:45.037790,13101996,11,0,2019-01-27 20:06:45, 보이차 좋아하세요?.. ,1160,3,0,0
2019-01-28 06:06:50.137609,13101996,11,0,2019-01-27 20:06:45, 보이차 좋아하세요?.. ,1161,1,0,0
2019-01-28 07:06:55.144372,13101996,11,0,2019-01-27 20:06:45, 보이차 좋아하세요?.. ,1168,7,0,0
2019-01-28 08:06:47.118187,13101996,11,0,2019-01-27 20:06:45, 보이차 좋아하세요?.. ,1168,0,0,0
2019-01-28 09:06:52.341827,13101996,11,0,2019-01-27 20:06:45, 보이차 좋아하세요?.. ,1173,5,0,0
2019-01-28 10:06:57.939403,13101996,11,0,2019-01-27 20:06:45, 보이차 좋아하세요?.. ,1177,4,0,0
2019-01-28 11:06:50.027813,13101996,11,0,2019-01-27 20:06:45, 보이차 좋아하세요?.. ,1183,6,0,0
2019-01-28 12:06:55.853154,13101996,11,0,2019-01-27 20:06:45, 보이차 좋아하세요?.. ,1187,4,0,0
2019-01-28 13:06:48.313440,13101996,11,0,2019-01-27 20:06:45, 보이차 좋아하세요?.. ,1189,2,0,0
2019-01-28 14:06:53.600663,13101996,11,0,2019-01-27 20:06:45, 보이차 좋아하세요?.. ,1190,1,0,0
2019-01-28 15:06:45.879688,13101996,11,0,2019-01-27 20:06:45, 보이차 좋아하세요?.. ,1194,4,0,0
2019-01-28 16:06:50.942789,13101996,11,0,2019-01-27 20:06:45, 보이차 좋아하세요?.. ,1197,3,0,0
2019-01-28 17:06:55.891256,13101996,11,0,2019-01-27 20:06:45, 보이차 좋아하세요?.. ,1200,3,0,0
2019-01-28 18:06:48.179745,13101996,11,0,2019-01-27 20:06:45, 보이차 좋아하세요?.. ,1200,0,0,0
2019-01-28 19:06:53.211718,13101996,11,0,2019-01-27 20:06:45, 보이차 좋아하세요?.. ,1201,1,0,0
2019-01-28 20:06:45.419085,13101996,11,0,2019-01-27 20:06:45, 보이차 좋아하세요?.. ,1204,3,0,0
