check_time,id,post_reply,post_symph,post_time,post_title,post_view,post_view_diff,post_reply_diff,post_symph_diff
2019-01-30 21:51:45.446783,13114111,3,0,2019-01-30 20:51:36, 클량정도 규모면 운영진들이 있겠죠? ,471,471,3,0
2019-01-30 22:51:37.557110,13114111,3,0,2019-01-30 20:51:36, 클량정도 규모면 운영진들이 있겠죠? ,522,51,0,0
2019-01-30 23:51:42.625056,13114111,3,0,2019-01-30 20:51:36, 클량정도 규모면 운영진들이 있겠죠? ,544,22,0,0
2019-01-31 00:51:47.662690,13114111,3,0,2019-01-30 20:51:36, 클량정도 규모면 운영진들이 있겠죠? ,552,8,0,0
2019-01-31 01:51:39.694301,13114111,3,0,2019-01-30 20:51:36, 클량정도 규모면 운영진들이 있겠죠? ,558,6,0,0
2019-01-31 02:51:44.726694,13114111,3,0,2019-01-30 20:51:36, 클량정도 규모면 운영진들이 있겠죠? ,559,1,0,0
2019-01-31 03:51:36.754756,13114111,3,0,2019-01-30 20:51:36, 클량정도 규모면 운영진들이 있겠죠? ,565,6,0,0
2019-01-31 04:51:41.773527,13114111,3,0,2019-01-30 20:51:36, 클량정도 규모면 운영진들이 있겠죠? ,568,3,0,0
2019-01-31 05:51:46.993412,13114111,3,0,2019-01-30 20:51:36, 클량정도 규모면 운영진들이 있겠죠? ,568,0,0,0
2019-01-31 06:51:39.059323,13114111,3,0,2019-01-30 20:51:36, 클량정도 규모면 운영진들이 있겠죠? ,571,3,0,0
2019-01-31 07:51:44.140108,13114111,3,0,2019-01-30 20:51:36, 클량정도 규모면 운영진들이 있겠죠? ,573,2,0,0
2019-01-31 08:51:36.283913,13114111,3,0,2019-01-30 20:51:36, 클량정도 규모면 운영진들이 있겠죠? ,574,1,0,0
2019-01-31 09:51:41.375281,13114111,3,0,2019-01-30 20:51:36, 클량정도 규모면 운영진들이 있겠죠? ,578,4,0,0
2019-01-31 10:51:46.401148,13114111,3,0,2019-01-30 20:51:36, 클량정도 규모면 운영진들이 있겠죠? ,581,3,0,0
2019-01-31 11:51:38.443421,13114111,3,0,2019-01-30 20:51:36, 클량정도 규모면 운영진들이 있겠죠? ,587,6,0,0
2019-01-31 12:51:43.538343,13114111,3,0,2019-01-30 20:51:36, 클량정도 규모면 운영진들이 있겠죠? ,589,2,0,0
2019-01-31 13:51:48.739491,13114111,3,0,2019-01-30 20:51:36, 클량정도 규모면 운영진들이 있겠죠? ,592,3,0,0
2019-01-31 14:51:41.046649,13114111,3,0,2019-01-30 20:51:36, 클량정도 규모면 운영진들이 있겠죠? ,596,4,0,0
2019-01-31 15:51:46.035495,13114111,3,0,2019-01-30 20:51:36, 클량정도 규모면 운영진들이 있겠죠? ,597,1,0,0
2019-01-31 16:51:38.029929,13114111,3,0,2019-01-30 20:51:36, 클량정도 규모면 운영진들이 있겠죠? ,598,1,0,0
2019-01-31 17:51:43.136489,13114111,3,0,2019-01-30 20:51:36, 클량정도 규모면 운영진들이 있겠죠? ,599,1,0,0
2019-01-31 18:51:48.192117,13114111,3,0,2019-01-30 20:51:36, 클량정도 규모면 운영진들이 있겠죠? ,603,4,0,0
2019-01-31 19:51:40.457356,13114111,3,0,2019-01-30 20:51:36, 클량정도 규모면 운영진들이 있겠죠? ,605,2,0,0
2019-01-31 20:51:45.581481,13114111,3,0,2019-01-30 20:51:36, 클량정도 규모면 운영진들이 있겠죠? ,606,1,0,0
