check_time,id,post_reply,post_symph,post_time,post_title,post_view,post_view_diff,post_reply_diff,post_symph_diff
2019-01-25 21:51:55.658146,13095247,10,0,2019-01-25 20:51:44, 요즘 탄산수 음청 사먹네요 ,1822,1822,10,0
2019-01-25 22:51:47.870349,13095247,10,0,2019-01-25 20:51:44, 요즘 탄산수 음청 사먹네요 ,2041,219,0,0
2019-01-25 23:51:53.133002,13095247,10,0,2019-01-25 20:51:44, 요즘 탄산수 음청 사먹네요 ,2092,51,0,0
2019-01-26 00:51:45.176608,13095247,10,0,2019-01-25 20:51:44, 요즘 탄산수 음청 사먹네요 ,2106,14,0,0
2019-01-26 01:51:50.242651,13095247,10,0,2019-01-25 20:51:44, 요즘 탄산수 음청 사먹네요 ,2114,8,0,0
2019-01-26 02:51:55.307270,13095247,10,0,2019-01-25 20:51:44, 요즘 탄산수 음청 사먹네요 ,2119,5,0,0
2019-01-26 03:51:47.584942,13095247,10,0,2019-01-25 20:51:44, 요즘 탄산수 음청 사먹네요 ,2123,4,0,0
2019-01-26 04:51:52.649923,13095247,10,0,2019-01-25 20:51:44, 요즘 탄산수 음청 사먹네요 ,2128,5,0,0
2019-01-26 05:51:44.625150,13095247,10,0,2019-01-25 20:51:44, 요즘 탄산수 음청 사먹네요 ,2133,5,0,0
2019-01-26 06:51:49.610345,13095247,10,0,2019-01-25 20:51:44, 요즘 탄산수 음청 사먹네요 ,2137,4,0,0
2019-01-26 07:51:54.653595,13095247,10,0,2019-01-25 20:51:44, 요즘 탄산수 음청 사먹네요 ,2143,6,0,0
2019-01-26 08:51:46.782364,13095247,10,0,2019-01-25 20:51:44, 요즘 탄산수 음청 사먹네요 ,2144,1,0,0
2019-01-26 09:51:51.890494,13095247,10,0,2019-01-25 20:51:44, 요즘 탄산수 음청 사먹네요 ,2149,5,0,0
2019-01-26 10:51:44.067689,13095247,10,0,2019-01-25 20:51:44, 요즘 탄산수 음청 사먹네요 ,2155,6,0,0
2019-01-26 11:51:49.388971,13095247,10,0,2019-01-25 20:51:44, 요즘 탄산수 음청 사먹네요 ,2158,3,0,0
2019-01-26 12:51:54.564317,13095247,10,0,2019-01-25 20:51:44, 요즘 탄산수 음청 사먹네요 ,2160,2,0,0
2019-01-26 13:51:46.705531,13095247,10,0,2019-01-25 20:51:44, 요즘 탄산수 음청 사먹네요 ,2161,1,0,0
2019-01-26 14:51:51.848439,13095247,10,0,2019-01-25 20:51:44, 요즘 탄산수 음청 사먹네요 ,2163,2,0,0
2019-01-26 15:51:56.995547,13095247,10,0,2019-01-25 20:51:44, 요즘 탄산수 음청 사먹네요 ,2165,2,0,0
2019-01-26 16:51:49.226532,13095247,10,0,2019-01-25 20:51:44, 요즘 탄산수 음청 사먹네요 ,2167,2,0,0
2019-01-26 17:51:54.320630,13095247,10,0,2019-01-25 20:51:44, 요즘 탄산수 음청 사먹네요 ,2172,5,0,0
2019-01-26 18:51:46.353816,13095247,10,0,2019-01-25 20:51:44, 요즘 탄산수 음청 사먹네요 ,2175,3,0,0
2019-01-26 19:51:51.436675,13095247,10,0,2019-01-25 20:51:44, 요즘 탄산수 음청 사먹네요 ,2180,5,0,0
2019-01-26 20:51:56.527724,13095247,10,0,2019-01-25 20:51:44, 요즘 탄산수 음청 사먹네요 ,2185,5,0,0
