check_time,id,post_reply,post_symph,post_time,post_title,post_view,post_view_diff,post_reply_diff,post_symph_diff
2019-01-24 21:17:10.738417,13090898,19,0,2019-01-24 20:16:59, 아...신혼여행 못갈꺼같아요... ,1642,1642,19,0
2019-01-24 22:17:03.445747,13090898,19,0,2019-01-24 20:16:59, 아...신혼여행 못갈꺼같아요... ,1937,295,0,0
2019-01-24 23:17:08.893478,13090898,19,0,2019-01-24 20:16:59, 아...신혼여행 못갈꺼같아요... ,2043,106,0,0
2019-01-25 00:17:01.148226,13090898,19,0,2019-01-24 20:16:59, 아...신혼여행 못갈꺼같아요... ,2087,44,0,0
2019-01-25 01:17:06.417335,13090898,19,0,2019-01-24 20:16:59, 아...신혼여행 못갈꺼같아요... ,2108,21,0,0
2019-01-25 02:17:11.788629,13090898,19,0,2019-01-24 20:16:59, 아...신혼여행 못갈꺼같아요... ,2118,10,0,0
2019-01-25 03:17:04.208227,13090898,19,0,2019-01-24 20:16:59, 아...신혼여행 못갈꺼같아요... ,2126,8,0,0
2019-01-25 04:17:09.490350,13090898,19,0,2019-01-24 20:16:59, 아...신혼여행 못갈꺼같아요... ,2130,4,0,0
2019-01-25 05:17:01.528432,13090898,19,0,2019-01-24 20:16:59, 아...신혼여행 못갈꺼같아요... ,2134,4,0,0
2019-01-25 06:17:06.907830,13090898,19,0,2019-01-24 20:16:59, 아...신혼여행 못갈꺼같아요... ,2137,3,0,0
2019-01-25 07:16:59.022951,13090898,19,0,2019-01-24 20:16:59, 아...신혼여행 못갈꺼같아요... ,2141,4,0,0
2019-01-25 08:17:04.072762,13090898,19,0,2019-01-24 20:16:59, 아...신혼여행 못갈꺼같아요... ,2146,5,0,0
2019-01-25 09:16:59.609911,13090898,19,0,2019-01-24 20:16:59, 아...신혼여행 못갈꺼같아요... ,2151,5,0,0
2019-01-25 10:17:05.794155,13090898,19,0,2019-01-24 20:16:59, 아...신혼여행 못갈꺼같아요... ,2156,5,0,0
2019-01-25 11:17:11.219113,13090898,19,0,2019-01-24 20:16:59, 아...신혼여행 못갈꺼같아요... ,2165,9,0,0
2019-01-25 12:17:05.748960,13090898,19,0,2019-01-24 20:16:59, 아...신혼여행 못갈꺼같아요... ,2175,10,0,0
2019-01-25 13:17:11.153673,13090898,19,0,2019-01-24 20:16:59, 아...신혼여행 못갈꺼같아요... ,2186,11,0,0
2019-01-25 14:17:04.328219,13090898,19,0,2019-01-24 20:16:59, 아...신혼여행 못갈꺼같아요... ,2188,2,0,0
2019-01-25 15:17:09.717868,13090898,19,0,2019-01-24 20:16:59, 아...신혼여행 못갈꺼같아요... ,2196,8,0,0
2019-01-25 16:17:02.059677,13090898,19,0,2019-01-24 20:16:59, 아...신혼여행 못갈꺼같아요... ,2198,2,0,0
2019-01-25 17:17:07.206335,13090898,19,0,2019-01-24 20:16:59, 아...신혼여행 못갈꺼같아요... ,2199,1,0,0
2019-01-25 18:16:59.281731,13090898,19,0,2019-01-24 20:16:59, 아...신혼여행 못갈꺼같아요... ,2200,1,0,0
2019-01-25 19:17:04.403780,13090898,19,0,2019-01-24 20:16:59, 아...신혼여행 못갈꺼같아요... ,2203,3,0,0
2019-01-25 20:17:09.516290,13090898,19,0,2019-01-24 20:16:59, 아...신혼여행 못갈꺼같아요... ,2204,1,0,0
