check_time,id,post_reply,post_symph,post_time,post_title,post_view,post_view_diff,post_reply_diff,post_symph_diff
2019-01-24 21:47:15.324935,13091006,5,0,2019-01-24 20:47:12, 혼자 남산타워 올라갔다 왔습니다 ,503,503,5,0
2019-01-24 22:47:20.332950,13091006,5,0,2019-01-24 20:47:12, 혼자 남산타워 올라갔다 왔습니다 ,570,67,0,0
2019-01-24 23:47:12.423251,13091006,5,0,2019-01-24 20:47:12, 혼자 남산타워 올라갔다 왔습니다 ,590,20,0,0
2019-01-25 00:47:17.556069,13091006,5,0,2019-01-24 20:47:12, 혼자 남산타워 올라갔다 왔습니다 ,600,10,0,0
2019-01-25 01:47:22.583798,13091006,5,0,2019-01-24 20:47:12, 혼자 남산타워 올라갔다 왔습니다 ,604,4,0,0
2019-01-25 02:47:14.597805,13091006,5,0,2019-01-24 20:47:12, 혼자 남산타워 올라갔다 왔습니다 ,608,4,0,0
2019-01-25 03:47:19.557772,13091006,5,0,2019-01-24 20:47:12, 혼자 남산타워 올라갔다 왔습니다 ,610,2,0,0
2019-01-25 04:47:24.729611,13091006,5,0,2019-01-24 20:47:12, 혼자 남산타워 올라갔다 왔습니다 ,611,1,0,0
2019-01-25 05:47:16.808136,13091006,5,0,2019-01-24 20:47:12, 혼자 남산타워 올라갔다 왔습니다 ,613,2,0,0
2019-01-25 06:47:21.837737,13091006,5,0,2019-01-24 20:47:12, 혼자 남산타워 올라갔다 왔습니다 ,615,2,0,0
2019-01-25 07:47:13.854007,13091006,5,0,2019-01-24 20:47:12, 혼자 남산타워 올라갔다 왔습니다 ,621,6,0,0
2019-01-25 08:47:18.889041,13091006,5,0,2019-01-24 20:47:12, 혼자 남산타워 올라갔다 왔습니다 ,622,1,0,0
2019-01-25 09:47:23.987951,13091006,5,0,2019-01-24 20:47:12, 혼자 남산타워 올라갔다 왔습니다 ,626,4,0,0
2019-01-25 10:47:16.007013,13091006,5,0,2019-01-24 20:47:12, 혼자 남산타워 올라갔다 왔습니다 ,627,1,0,0
2019-01-25 11:47:21.087017,13091006,5,0,2019-01-24 20:47:12, 혼자 남산타워 올라갔다 왔습니다 ,631,4,0,0
2019-01-25 12:47:13.115995,13091006,5,0,2019-01-24 20:47:12, 혼자 남산타워 올라갔다 왔습니다 ,635,4,0,0
2019-01-25 13:47:18.270970,13091006,5,0,2019-01-24 20:47:12, 혼자 남산타워 올라갔다 왔습니다 ,636,1,0,0
2019-01-25 14:47:23.419917,13091006,5,0,2019-01-24 20:47:12, 혼자 남산타워 올라갔다 왔습니다 ,639,3,0,0
2019-01-25 15:47:15.523558,13091006,5,0,2019-01-24 20:47:12, 혼자 남산타워 올라갔다 왔습니다 ,640,1,0,0
2019-01-25 16:47:20.667086,13091006,5,0,2019-01-24 20:47:12, 혼자 남산타워 올라갔다 왔습니다 ,642,2,0,0
2019-01-25 17:47:12.807905,13091006,5,0,2019-01-24 20:47:12, 혼자 남산타워 올라갔다 왔습니다 ,643,1,0,0
2019-01-25 18:47:17.873830,13091006,5,0,2019-01-24 20:47:12, 혼자 남산타워 올라갔다 왔습니다 ,645,2,0,0
2019-01-25 19:47:22.914082,13091006,5,0,2019-01-24 20:47:12, 혼자 남산타워 올라갔다 왔습니다 ,648,3,0,0
2019-01-25 20:47:14.968034,13091006,5,0,2019-01-24 20:47:12, 혼자 남산타워 올라갔다 왔습니다 ,649,1,0,0
