check_time,id,post_reply,post_symph,post_time,post_title,post_view,post_view_diff,post_reply_diff,post_symph_diff
2019-01-24 21:57:09.202192,13091036,7,16,2019-01-24 20:57:09, 폭행은 솔직히 안믿는데 ,1418,1418,7,16
2019-01-24 22:57:14.317001,13091036,7,16,2019-01-24 20:57:09, 폭행은 솔직히 안믿는데 ,1649,231,0,0
2019-01-24 23:57:19.963498,13091036,7,16,2019-01-24 20:57:09, 폭행은 솔직히 안믿는데 ,1749,100,0,0
2019-01-25 00:57:12.107064,13091036,7,16,2019-01-24 20:57:09, 폭행은 솔직히 안믿는데 ,1817,68,0,0
2019-01-25 01:57:17.712614,13091036,7,16,2019-01-24 20:57:09, 폭행은 솔직히 안믿는데 ,1838,21,0,0
2019-01-25 02:57:09.800966,13091036,7,16,2019-01-24 20:57:09, 폭행은 솔직히 안믿는데 ,1860,22,0,0
2019-01-25 03:57:15.115994,13091036,7,16,2019-01-24 20:57:09, 폭행은 솔직히 안믿는데 ,1866,6,0,0
2019-01-25 04:57:20.126511,13091036,7,16,2019-01-24 20:57:09, 폭행은 솔직히 안믿는데 ,1875,9,0,0
2019-01-25 05:57:12.182169,13091036,7,16,2019-01-24 20:57:09, 폭행은 솔직히 안믿는데 ,1882,7,0,0
2019-01-25 06:57:17.348428,13091036,7,16,2019-01-24 20:57:09, 폭행은 솔직히 안믿는데 ,1897,15,0,0
2019-01-25 07:57:09.379240,13091036,7,16,2019-01-24 20:57:09, 폭행은 솔직히 안믿는데 ,1913,16,0,0
2019-01-25 08:57:14.639515,13091036,7,16,2019-01-24 20:57:09, 폭행은 솔직히 안믿는데 ,1932,19,0,0
2019-01-25 09:57:19.713581,13091036,7,16,2019-01-24 20:57:09, 폭행은 솔직히 안믿는데 ,1937,5,0,0
2019-01-25 10:57:11.954429,13091036,7,16,2019-01-24 20:57:09, 폭행은 솔직히 안믿는데 ,1947,10,0,0
2019-01-25 11:57:17.060412,13091036,7,16,2019-01-24 20:57:09, 폭행은 솔직히 안믿는데 ,1951,4,0,0
2019-01-25 12:57:09.170991,13091036,7,16,2019-01-24 20:57:09, 폭행은 솔직히 안믿는데 ,1958,7,0,0
2019-01-25 13:57:14.283488,13091036,7,16,2019-01-24 20:57:09, 폭행은 솔직히 안믿는데 ,1963,5,0,0
2019-01-25 14:57:19.359061,13091036,7,16,2019-01-24 20:57:09, 폭행은 솔직히 안믿는데 ,1972,9,0,0
2019-01-25 15:57:11.404453,13091036,7,16,2019-01-24 20:57:09, 폭행은 솔직히 안믿는데 ,1973,1,0,0
2019-01-25 16:57:16.441263,13091036,7,16,2019-01-24 20:57:09, 폭행은 솔직히 안믿는데 ,1975,2,0,0
2019-01-25 17:57:21.980364,13091036,7,16,2019-01-24 20:57:09, 폭행은 솔직히 안믿는데 ,1977,2,0,0
2019-01-25 18:57:14.080560,13091036,7,16,2019-01-24 20:57:09, 폭행은 솔직히 안믿는데 ,1981,4,0,0
2019-01-25 19:57:19.188010,13091036,7,16,2019-01-24 20:57:09, 폭행은 솔직히 안믿는데 ,1985,4,0,0
2019-01-25 20:57:11.271319,13091036,7,16,2019-01-24 20:57:09, 폭행은 솔직히 안믿는데 ,1987,2,0,0
