check_time,id,post_reply,post_symph,post_time,post_title,post_view,post_view_diff,post_reply_diff,post_symph_diff
2019-01-29 21:57:16.006080,13109695,1,0,2019-01-29 20:57:12, 소화도 잘 안되고 먹어도 그냥 나오는것 같아 고민했는데 ,330,330,1,0
2019-01-29 22:57:21.070486,13109695,1,0,2019-01-29 20:57:12, 소화도 잘 안되고 먹어도 그냥 나오는것 같아 고민했는데 ,371,41,0,0
2019-01-29 23:57:13.102451,13109695,1,0,2019-01-29 20:57:12, 소화도 잘 안되고 먹어도 그냥 나오는것 같아 고민했는데 ,383,12,0,0
2019-01-30 00:57:18.269091,13109695,1,0,2019-01-29 20:57:12, 소화도 잘 안되고 먹어도 그냥 나오는것 같아 고민했는데 ,398,15,0,0
2019-01-30 01:57:23.375684,13109695,1,0,2019-01-29 20:57:12, 소화도 잘 안되고 먹어도 그냥 나오는것 같아 고민했는데 ,404,6,0,0
2019-01-30 02:57:15.565770,13109695,1,0,2019-01-29 20:57:12, 소화도 잘 안되고 먹어도 그냥 나오는것 같아 고민했는데 ,407,3,0,0
2019-01-30 03:57:20.627071,13109695,1,0,2019-01-29 20:57:12, 소화도 잘 안되고 먹어도 그냥 나오는것 같아 고민했는데 ,408,1,0,0
2019-01-30 04:57:12.647011,13109695,1,0,2019-01-29 20:57:12, 소화도 잘 안되고 먹어도 그냥 나오는것 같아 고민했는데 ,413,5,0,0
2019-01-30 05:57:17.670489,13109695,1,0,2019-01-29 20:57:12, 소화도 잘 안되고 먹어도 그냥 나오는것 같아 고민했는데 ,414,1,0,0
2019-01-30 06:57:22.798759,13109695,1,0,2019-01-29 20:57:12, 소화도 잘 안되고 먹어도 그냥 나오는것 같아 고민했는데 ,416,2,0,0
2019-01-30 07:57:14.877181,13109695,1,0,2019-01-29 20:57:12, 소화도 잘 안되고 먹어도 그냥 나오는것 같아 고민했는데 ,421,5,0,0
2019-01-30 08:57:20.038874,13109695,1,0,2019-01-29 20:57:12, 소화도 잘 안되고 먹어도 그냥 나오는것 같아 고민했는데 ,426,5,0,0
2019-01-30 09:57:12.388027,13109695,1,0,2019-01-29 20:57:12, 소화도 잘 안되고 먹어도 그냥 나오는것 같아 고민했는데 ,428,2,0,0
2019-01-30 10:57:17.583805,13109695,1,0,2019-01-29 20:57:12, 소화도 잘 안되고 먹어도 그냥 나오는것 같아 고민했는데 ,432,4,0,0
2019-01-30 11:57:22.790100,13109695,1,0,2019-01-29 20:57:12, 소화도 잘 안되고 먹어도 그냥 나오는것 같아 고민했는데 ,433,1,0,0
2019-01-30 12:57:15.075838,13109695,1,0,2019-01-29 20:57:12, 소화도 잘 안되고 먹어도 그냥 나오는것 같아 고민했는데 ,438,5,0,0
2019-01-30 13:57:20.317471,13109695,1,0,2019-01-29 20:57:12, 소화도 잘 안되고 먹어도 그냥 나오는것 같아 고민했는데 ,440,2,0,0
2019-01-30 14:57:12.327024,13109695,1,0,2019-01-29 20:57:12, 소화도 잘 안되고 먹어도 그냥 나오는것 같아 고민했는데 ,441,1,0,0
2019-01-30 15:57:17.353098,13109695,1,0,2019-01-29 20:57:12, 소화도 잘 안되고 먹어도 그냥 나오는것 같아 고민했는데 ,442,1,0,0
2019-01-30 16:57:22.417403,13109695,1,0,2019-01-29 20:57:12, 소화도 잘 안되고 먹어도 그냥 나오는것 같아 고민했는데 ,444,2,0,0
2019-01-30 17:57:14.404192,13109695,1,0,2019-01-29 20:57:12, 소화도 잘 안되고 먹어도 그냥 나오는것 같아 고민했는데 ,445,1,0,0
2019-01-30 18:57:19.473749,13109695,1,0,2019-01-29 20:57:12, 소화도 잘 안되고 먹어도 그냥 나오는것 같아 고민했는데 ,447,2,0,0
2019-01-30 19:57:24.638223,13109695,1,0,2019-01-29 20:57:12, 소화도 잘 안되고 먹어도 그냥 나오는것 같아 고민했는데 ,448,1,0,0
2019-01-30 20:57:16.626090,13109695,1,0,2019-01-29 20:57:12, 소화도 잘 안되고 먹어도 그냥 나오는것 같아 고민했는데 ,450,2,0,0
