check_time,id,post_reply,post_symph,post_time,post_title,post_view,post_view_diff,post_reply_diff,post_symph_diff
2019-01-30 21:41:50.520627,13114086,6,18,2019-01-30 20:41:49," 서기호 '성창호는 양승태 키즈, 법조인조차 이해되지 않는 황당한 판결 내려' ",2260,2260,6,18
2019-01-30 22:41:55.580484,13114086,6,20,2019-01-30 20:41:49," 서기호 '성창호는 양승태 키즈, 법조인조차 이해되지 않는 황당한 판결 내려' ",2671,411,0,2
2019-01-30 23:42:00.558190,13114086,6,22,2019-01-30 20:41:49," 서기호 '성창호는 양승태 키즈, 법조인조차 이해되지 않는 황당한 판결 내려' ",2899,228,0,2
2019-01-31 00:41:52.538862,13114086,6,23,2019-01-30 20:41:49," 서기호 '성창호는 양승태 키즈, 법조인조차 이해되지 않는 황당한 판결 내려' ",3012,113,0,1
2019-01-31 01:41:57.693386,13114086,6,23,2019-01-30 20:41:49," 서기호 '성창호는 양승태 키즈, 법조인조차 이해되지 않는 황당한 판결 내려' ",3067,55,0,0
2019-01-31 02:41:49.688728,13114086,6,23,2019-01-30 20:41:49," 서기호 '성창호는 양승태 키즈, 법조인조차 이해되지 않는 황당한 판결 내려' ",3099,32,0,0
2019-01-31 03:41:54.718190,13114086,6,23,2019-01-30 20:41:49," 서기호 '성창호는 양승태 키즈, 법조인조차 이해되지 않는 황당한 판결 내려' ",3118,19,0,0
2019-01-31 04:41:59.690077,13114086,6,23,2019-01-30 20:41:49," 서기호 '성창호는 양승태 키즈, 법조인조차 이해되지 않는 황당한 판결 내려' ",3129,11,0,0
2019-01-31 05:41:51.716407,13114086,6,23,2019-01-30 20:41:49," 서기호 '성창호는 양승태 키즈, 법조인조차 이해되지 않는 황당한 판결 내려' ",3142,13,0,0
2019-01-31 06:41:56.749609,13114086,6,23,2019-01-30 20:41:49," 서기호 '성창호는 양승태 키즈, 법조인조차 이해되지 않는 황당한 판결 내려' ",3161,19,0,0
2019-01-31 07:42:01.816691,13114086,6,23,2019-01-30 20:41:49," 서기호 '성창호는 양승태 키즈, 법조인조차 이해되지 않는 황당한 판결 내려' ",3175,14,0,0
2019-01-31 08:41:53.895176,13114086,6,23,2019-01-30 20:41:49," 서기호 '성창호는 양승태 키즈, 법조인조차 이해되지 않는 황당한 판결 내려' ",3212,37,0,0
2019-01-31 09:41:59.074717,13114086,6,23,2019-01-30 20:41:49," 서기호 '성창호는 양승태 키즈, 법조인조차 이해되지 않는 황당한 판결 내려' ",3224,12,0,0
2019-01-31 10:41:51.121618,13114086,6,23,2019-01-30 20:41:49," 서기호 '성창호는 양승태 키즈, 법조인조차 이해되지 않는 황당한 판결 내려' ",3236,12,0,0
2019-01-31 11:41:56.298505,13114086,6,23,2019-01-30 20:41:49," 서기호 '성창호는 양승태 키즈, 법조인조차 이해되지 않는 황당한 판결 내려' ",3243,7,0,0
2019-01-31 12:42:01.794852,13114086,6,23,2019-01-30 20:41:49," 서기호 '성창호는 양승태 키즈, 법조인조차 이해되지 않는 황당한 판결 내려' ",3245,2,0,0
2019-01-31 13:41:53.852512,13114086,6,23,2019-01-30 20:41:49," 서기호 '성창호는 양승태 키즈, 법조인조차 이해되지 않는 황당한 판결 내려' ",3250,5,0,0
2019-01-31 14:41:58.949055,13114086,6,23,2019-01-30 20:41:49," 서기호 '성창호는 양승태 키즈, 법조인조차 이해되지 않는 황당한 판결 내려' ",3258,8,0,0
2019-01-31 15:41:51.028755,13114086,6,23,2019-01-30 20:41:49," 서기호 '성창호는 양승태 키즈, 법조인조차 이해되지 않는 황당한 판결 내려' ",3260,2,0,0
2019-01-31 16:41:56.122285,13114086,6,23,2019-01-30 20:41:49," 서기호 '성창호는 양승태 키즈, 법조인조차 이해되지 않는 황당한 판결 내려' ",3262,2,0,0
2019-01-31 17:42:01.264530,13114086,6,23,2019-01-30 20:41:49," 서기호 '성창호는 양승태 키즈, 법조인조차 이해되지 않는 황당한 판결 내려' ",3264,2,0,0
2019-01-31 18:41:53.388505,13114086,6,23,2019-01-30 20:41:49," 서기호 '성창호는 양승태 키즈, 법조인조차 이해되지 않는 황당한 판결 내려' ",3268,4,0,0
2019-01-31 19:41:58.626788,13114086,6,23,2019-01-30 20:41:49," 서기호 '성창호는 양승태 키즈, 법조인조차 이해되지 않는 황당한 판결 내려' ",3275,7,0,0
2019-01-31 20:41:50.689625,13114086,6,23,2019-01-30 20:41:49," 서기호 '성창호는 양승태 키즈, 법조인조차 이해되지 않는 황당한 판결 내려' ",3278,3,0,0
