check_time,id,post_reply,post_symph,post_time,post_title,post_view,post_view_diff,post_reply_diff,post_symph_diff
2019-01-30 21:16:46.505989,13113989,6,1,2019-01-30 20:16:36, 주운돈 맡기러 파출소 왔습니다. ,837,837,6,1
2019-01-30 22:16:38.859358,13113989,6,1,2019-01-30 20:16:36, 주운돈 맡기러 파출소 왔습니다. ,939,102,0,0
2019-01-30 23:16:44.320251,13113989,6,1,2019-01-30 20:16:36, 주운돈 맡기러 파출소 왔습니다. ,978,39,0,0
2019-01-31 00:16:36.399761,13113989,6,1,2019-01-30 20:16:36, 주운돈 맡기러 파출소 왔습니다. ,1003,25,0,0
2019-01-31 01:16:41.487307,13113989,6,1,2019-01-30 20:16:36, 주운돈 맡기러 파출소 왔습니다. ,1020,17,0,0
2019-01-31 02:16:46.564099,13113989,6,1,2019-01-30 20:16:36, 주운돈 맡기러 파출소 왔습니다. ,1028,8,0,0
2019-01-31 03:16:38.615869,13113989,6,1,2019-01-30 20:16:36, 주운돈 맡기러 파출소 왔습니다. ,1032,4,0,0
2019-01-31 04:16:43.621296,13113989,6,1,2019-01-30 20:16:36, 주운돈 맡기러 파출소 왔습니다. ,1036,4,0,0
2019-01-31 05:16:48.679789,13113989,6,1,2019-01-30 20:16:36, 주운돈 맡기러 파출소 왔습니다. ,1040,4,0,0
2019-01-31 06:16:40.704113,13113989,6,1,2019-01-30 20:16:36, 주운돈 맡기러 파출소 왔습니다. ,1040,0,0,0
2019-01-31 07:16:45.958255,13113989,6,1,2019-01-30 20:16:36, 주운돈 맡기러 파출소 왔습니다. ,1043,3,0,0
2019-01-31 08:16:38.100043,13113989,6,1,2019-01-30 20:16:36, 주운돈 맡기러 파출소 왔습니다. ,1045,2,0,0
2019-01-31 09:16:43.217682,13113989,6,1,2019-01-30 20:16:36, 주운돈 맡기러 파출소 왔습니다. ,1048,3,0,0
2019-01-31 10:16:48.345744,13113989,6,1,2019-01-30 20:16:36, 주운돈 맡기러 파출소 왔습니다. ,1049,1,0,0
2019-01-31 11:16:40.481945,13113989,6,1,2019-01-30 20:16:36, 주운돈 맡기러 파출소 왔습니다. ,1052,3,0,0
2019-01-31 12:16:45.621389,13113989,6,1,2019-01-30 20:16:36, 주운돈 맡기러 파출소 왔습니다. ,1053,1,0,0
2019-01-31 13:16:37.729075,13113989,6,1,2019-01-30 20:16:36, 주운돈 맡기러 파출소 왔습니다. ,1056,3,0,0
2019-01-31 14:16:42.811828,13113989,6,1,2019-01-30 20:16:36, 주운돈 맡기러 파출소 왔습니다. ,1057,1,0,0
2019-01-31 15:16:48.002051,13113989,6,1,2019-01-30 20:16:36, 주운돈 맡기러 파출소 왔습니다. ,1059,2,0,0
2019-01-31 16:16:40.193693,13113989,6,1,2019-01-30 20:16:36, 주운돈 맡기러 파출소 왔습니다. ,1063,4,0,0
2019-01-31 17:16:45.307302,13113989,6,1,2019-01-30 20:16:36, 주운돈 맡기러 파출소 왔습니다. ,1065,2,0,0
2019-01-31 18:16:37.414780,13113989,6,1,2019-01-30 20:16:36, 주운돈 맡기러 파출소 왔습니다. ,1068,3,0,0
2019-01-31 19:16:42.460336,13113989,6,1,2019-01-30 20:16:36, 주운돈 맡기러 파출소 왔습니다. ,1071,3,0,0
2019-01-31 20:16:47.499699,13113989,6,1,2019-01-30 20:16:36, 주운돈 맡기러 파출소 왔습니다. ,1072,1,0,0
