check_time,id,post_reply,post_symph,post_time,post_title,post_view,post_view_diff,post_reply_diff,post_symph_diff
2019-01-30 21:36:58.379938,13114066,4,1,2019-01-30 20:36:55, 화가나서 참을수가 없네요. 저 원래 욕하지않는데 오늘은 예외입니다. ,813,813,4,1
2019-01-30 22:37:03.455929,13114066,4,1,2019-01-30 20:36:55, 화가나서 참을수가 없네요. 저 원래 욕하지않는데 오늘은 예외입니다. ,888,75,0,0
2019-01-30 23:36:55.530535,13114066,4,1,2019-01-30 20:36:55, 화가나서 참을수가 없네요. 저 원래 욕하지않는데 오늘은 예외입니다. ,923,35,0,0
2019-01-31 00:37:00.742644,13114066,4,1,2019-01-30 20:36:55, 화가나서 참을수가 없네요. 저 원래 욕하지않는데 오늘은 예외입니다. ,943,20,0,0
2019-01-31 01:37:05.783580,13114066,4,1,2019-01-30 20:36:55, 화가나서 참을수가 없네요. 저 원래 욕하지않는데 오늘은 예외입니다. ,953,10,0,0
2019-01-31 02:36:57.824436,13114066,4,1,2019-01-30 20:36:55, 화가나서 참을수가 없네요. 저 원래 욕하지않는데 오늘은 예외입니다. ,956,3,0,0
2019-01-31 03:37:02.870077,13114066,4,1,2019-01-30 20:36:55, 화가나서 참을수가 없네요. 저 원래 욕하지않는데 오늘은 예외입니다. ,960,4,0,0
2019-01-31 04:36:55.095634,13114066,4,1,2019-01-30 20:36:55, 화가나서 참을수가 없네요. 저 원래 욕하지않는데 오늘은 예외입니다. ,964,4,0,0
2019-01-31 05:37:00.007737,13114066,4,1,2019-01-30 20:36:55, 화가나서 참을수가 없네요. 저 원래 욕하지않는데 오늘은 예외입니다. ,966,2,0,0
2019-01-31 06:37:05.027979,13114066,4,1,2019-01-30 20:36:55, 화가나서 참을수가 없네요. 저 원래 욕하지않는데 오늘은 예외입니다. ,968,2,0,0
2019-01-31 07:36:57.274456,13114066,4,1,2019-01-30 20:36:55, 화가나서 참을수가 없네요. 저 원래 욕하지않는데 오늘은 예외입니다. ,971,3,0,0
2019-01-31 08:37:02.360823,13114066,4,1,2019-01-30 20:36:55, 화가나서 참을수가 없네요. 저 원래 욕하지않는데 오늘은 예외입니다. ,974,3,0,0
2019-01-31 09:37:07.438400,13114066,4,1,2019-01-30 20:36:55, 화가나서 참을수가 없네요. 저 원래 욕하지않는데 오늘은 예외입니다. ,978,4,0,0
2019-01-31 10:36:59.507478,13114066,4,1,2019-01-30 20:36:55, 화가나서 참을수가 없네요. 저 원래 욕하지않는데 오늘은 예외입니다. ,979,1,0,0
2019-01-31 11:37:04.507292,13114066,4,1,2019-01-30 20:36:55, 화가나서 참을수가 없네요. 저 원래 욕하지않는데 오늘은 예외입니다. ,980,1,0,0
2019-01-31 12:36:56.686861,13114066,4,1,2019-01-30 20:36:55, 화가나서 참을수가 없네요. 저 원래 욕하지않는데 오늘은 예외입니다. ,981,1,0,0
2019-01-31 13:37:01.811333,13114066,4,1,2019-01-30 20:36:55, 화가나서 참을수가 없네요. 저 원래 욕하지않는데 오늘은 예외입니다. ,982,1,0,0
2019-01-31 14:37:06.833384,13114066,4,1,2019-01-30 20:36:55, 화가나서 참을수가 없네요. 저 원래 욕하지않는데 오늘은 예외입니다. ,984,2,0,0
2019-01-31 15:36:58.907937,13114066,4,1,2019-01-30 20:36:55, 화가나서 참을수가 없네요. 저 원래 욕하지않는데 오늘은 예외입니다. ,986,2,0,0
2019-01-31 16:37:04.037175,13114066,4,1,2019-01-30 20:36:55, 화가나서 참을수가 없네요. 저 원래 욕하지않는데 오늘은 예외입니다. ,988,2,0,0
2019-01-31 17:36:56.193079,13114066,4,1,2019-01-30 20:36:55, 화가나서 참을수가 없네요. 저 원래 욕하지않는데 오늘은 예외입니다. ,989,1,0,0
2019-01-31 18:37:01.304910,13114066,4,1,2019-01-30 20:36:55, 화가나서 참을수가 없네요. 저 원래 욕하지않는데 오늘은 예외입니다. ,991,2,0,0
2019-01-31 19:37:06.420093,13114066,4,1,2019-01-30 20:36:55, 화가나서 참을수가 없네요. 저 원래 욕하지않는데 오늘은 예외입니다. ,994,3,0,0
2019-01-31 20:36:58.628155,13114066,4,1,2019-01-30 20:36:55, 화가나서 참을수가 없네요. 저 원래 욕하지않는데 오늘은 예외입니다. ,997,3,0,0
