check_time,id,post_reply,post_symph,post_time,post_title,post_view,post_view_diff,post_reply_diff,post_symph_diff
2019-01-30 21:32:22.650140,13114050,5,1,2019-01-30 20:32:14, 강릉 KTX는 제 삶을 참 윤택하게 해주는군요 ,1222,1222,5,1
2019-01-30 22:32:14.729520,13114050,5,1,2019-01-30 20:32:14, 강릉 KTX는 제 삶을 참 윤택하게 해주는군요 ,1417,195,0,0
2019-01-30 23:32:19.703372,13114050,5,1,2019-01-30 20:32:14, 강릉 KTX는 제 삶을 참 윤택하게 해주는군요 ,1511,94,0,0
2019-01-31 00:32:24.732984,13114050,5,1,2019-01-30 20:32:14, 강릉 KTX는 제 삶을 참 윤택하게 해주는군요 ,1553,42,0,0
2019-01-31 01:32:16.849527,13114050,5,1,2019-01-30 20:32:14, 강릉 KTX는 제 삶을 참 윤택하게 해주는군요 ,1573,20,0,0
2019-01-31 02:32:22.090561,13114050,5,1,2019-01-30 20:32:14, 강릉 KTX는 제 삶을 참 윤택하게 해주는군요 ,1587,14,0,0
2019-01-31 03:32:14.193646,13114050,5,1,2019-01-30 20:32:14, 강릉 KTX는 제 삶을 참 윤택하게 해주는군요 ,1592,5,0,0
2019-01-31 04:32:19.420450,13114050,5,1,2019-01-30 20:32:14, 강릉 KTX는 제 삶을 참 윤택하게 해주는군요 ,1599,7,0,0
2019-01-31 05:32:24.466073,13114050,5,1,2019-01-30 20:32:14, 강릉 KTX는 제 삶을 참 윤택하게 해주는군요 ,1604,5,0,0
2019-01-31 06:32:16.653772,13114050,5,1,2019-01-30 20:32:14, 강릉 KTX는 제 삶을 참 윤택하게 해주는군요 ,1607,3,0,0
2019-01-31 07:32:21.689913,13114050,5,1,2019-01-30 20:32:14, 강릉 KTX는 제 삶을 참 윤택하게 해주는군요 ,1612,5,0,0
2019-01-31 08:32:26.833740,13114050,5,1,2019-01-30 20:32:14, 강릉 KTX는 제 삶을 참 윤택하게 해주는군요 ,1619,7,0,0
2019-01-31 09:32:18.886739,13114050,5,1,2019-01-30 20:32:14, 강릉 KTX는 제 삶을 참 윤택하게 해주는군요 ,1624,5,0,0
2019-01-31 10:32:23.981888,13114050,5,1,2019-01-30 20:32:14, 강릉 KTX는 제 삶을 참 윤택하게 해주는군요 ,1627,3,0,0
2019-01-31 11:32:16.289808,13114050,5,1,2019-01-30 20:32:14, 강릉 KTX는 제 삶을 참 윤택하게 해주는군요 ,1631,4,0,0
2019-01-31 12:32:21.399892,13114050,5,1,2019-01-30 20:32:14, 강릉 KTX는 제 삶을 참 윤택하게 해주는군요 ,1636,5,0,0
2019-01-31 13:32:26.527593,13114050,5,1,2019-01-30 20:32:14, 강릉 KTX는 제 삶을 참 윤택하게 해주는군요 ,1639,3,0,0
2019-01-31 14:32:18.599873,13114050,5,1,2019-01-30 20:32:14, 강릉 KTX는 제 삶을 참 윤택하게 해주는군요 ,1642,3,0,0
2019-01-31 15:32:23.685575,13114050,5,1,2019-01-30 20:32:14, 강릉 KTX는 제 삶을 참 윤택하게 해주는군요 ,1644,2,0,0
2019-01-31 16:32:15.798787,13114050,5,1,2019-01-30 20:32:14, 강릉 KTX는 제 삶을 참 윤택하게 해주는군요 ,1647,3,0,0
2019-01-31 17:32:20.992661,13114050,5,1,2019-01-30 20:32:14, 강릉 KTX는 제 삶을 참 윤택하게 해주는군요 ,1651,4,0,0
2019-01-31 18:32:26.032954,13114050,5,1,2019-01-30 20:32:14, 강릉 KTX는 제 삶을 참 윤택하게 해주는군요 ,1655,4,0,0
2019-01-31 19:32:18.084360,13114050,5,1,2019-01-30 20:32:14, 강릉 KTX는 제 삶을 참 윤택하게 해주는군요 ,1660,5,0,0
2019-01-31 20:32:23.128782,13114050,5,1,2019-01-30 20:32:14, 강릉 KTX는 제 삶을 참 윤택하게 해주는군요 ,1660,0,0,0
