check_time,id,post_reply,post_symph,post_time,post_title,post_view,post_view_diff,post_reply_diff,post_symph_diff
2019-01-27 21:27:19.812610,13102050,10,0,2019-01-27 20:27:08, 지인에게서 vive를 빌려왔습니다 ,1369,1369,10,0
2019-01-27 22:27:11.760489,13102050,10,0,2019-01-27 20:27:08, 지인에게서 vive를 빌려왔습니다 ,1595,226,0,0
2019-01-27 23:27:16.780452,13102050,10,0,2019-01-27 20:27:08, 지인에게서 vive를 빌려왔습니다 ,1683,88,0,0
2019-01-28 00:27:08.927229,13102050,10,0,2019-01-27 20:27:08, 지인에게서 vive를 빌려왔습니다 ,1731,48,0,0
2019-01-28 01:27:13.994612,13102050,10,0,2019-01-27 20:27:08, 지인에게서 vive를 빌려왔습니다 ,1744,13,0,0
2019-01-28 02:27:19.081288,13102050,10,0,2019-01-27 20:27:08, 지인에게서 vive를 빌려왔습니다 ,1755,11,0,0
2019-01-28 03:27:11.124902,13102050,10,0,2019-01-27 20:27:08, 지인에게서 vive를 빌려왔습니다 ,1761,6,0,0
2019-01-28 04:27:16.212600,13102050,10,0,2019-01-27 20:27:08, 지인에게서 vive를 빌려왔습니다 ,1766,5,0,0
2019-01-28 05:27:08.379197,13102050,10,0,2019-01-27 20:27:08, 지인에게서 vive를 빌려왔습니다 ,1768,2,0,0
2019-01-28 06:27:13.449603,13102050,10,0,2019-01-27 20:27:08, 지인에게서 vive를 빌려왔습니다 ,1770,2,0,0
2019-01-28 07:27:18.508663,13102050,10,0,2019-01-27 20:27:08, 지인에게서 vive를 빌려왔습니다 ,1777,7,0,0
2019-01-28 08:27:10.730008,13102050,10,0,2019-01-27 20:27:08, 지인에게서 vive를 빌려왔습니다 ,1780,3,0,0
2019-01-28 09:27:16.546662,13102050,10,0,2019-01-27 20:27:08, 지인에게서 vive를 빌려왔습니다 ,1783,3,0,0
2019-01-28 10:27:08.583562,13102050,10,0,2019-01-27 20:27:08, 지인에게서 vive를 빌려왔습니다 ,1788,5,0,0
2019-01-28 11:27:13.833426,13102050,10,0,2019-01-27 20:27:08, 지인에게서 vive를 빌려왔습니다 ,1794,6,0,0
2019-01-28 12:27:18.786308,13102050,10,0,2019-01-27 20:27:08, 지인에게서 vive를 빌려왔습니다 ,1796,2,0,0
2019-01-28 13:27:10.757396,13102050,10,0,2019-01-27 20:27:08, 지인에게서 vive를 빌려왔습니다 ,1799,3,0,0
2019-01-28 14:27:15.981005,13102050,10,0,2019-01-27 20:27:08, 지인에게서 vive를 빌려왔습니다 ,1803,4,0,0
2019-01-28 15:27:08.042650,13102050,10,0,2019-01-27 20:27:08, 지인에게서 vive를 빌려왔습니다 ,1808,5,0,0
2019-01-28 16:27:13.142677,13102050,10,0,2019-01-27 20:27:08, 지인에게서 vive를 빌려왔습니다 ,1810,2,0,0
2019-01-28 17:27:18.297322,13102050,10,0,2019-01-27 20:27:08, 지인에게서 vive를 빌려왔습니다 ,1812,2,0,0
2019-01-28 18:27:10.583815,13102050,10,0,2019-01-27 20:27:08, 지인에게서 vive를 빌려왔습니다 ,1813,1,0,0
2019-01-28 19:27:15.900711,13102050,10,0,2019-01-27 20:27:08, 지인에게서 vive를 빌려왔습니다 ,1814,1,0,0
2019-01-28 20:27:08.398922,13102050,10,0,2019-01-27 20:27:08, 지인에게서 vive를 빌려왔습니다 ,1815,1,0,0
