check_time,id,post_reply,post_symph,post_time,post_title,post_view,post_view_diff,post_reply_diff,post_symph_diff
2019-01-26 21:47:10.124517,13099033,2,0,2019-01-26 20:47:01, [어린이책 추천]초3도서 '경주'-경주를 좋아하시는 어른에게도 추천합니다 ,392,392,2,0
2019-01-26 22:47:02.148878,13099033,2,0,2019-01-26 20:47:01, [어린이책 추천]초3도서 '경주'-경주를 좋아하시는 어른에게도 추천합니다 ,462,70,0,0
2019-01-26 23:47:07.333666,13099033,2,0,2019-01-26 20:47:01, [어린이책 추천]초3도서 '경주'-경주를 좋아하시는 어른에게도 추천합니다 ,486,24,0,0
2019-01-27 00:47:12.545871,13099033,2,0,2019-01-26 20:47:01, [어린이책 추천]초3도서 '경주'-경주를 좋아하시는 어른에게도 추천합니다 ,495,9,0,0
2019-01-27 01:47:04.709814,13099033,2,0,2019-01-26 20:47:01, [어린이책 추천]초3도서 '경주'-경주를 좋아하시는 어른에게도 추천합니다 ,502,7,0,0
2019-01-27 02:47:09.859773,13099033,2,0,2019-01-26 20:47:01, [어린이책 추천]초3도서 '경주'-경주를 좋아하시는 어른에게도 추천합니다 ,505,3,0,0
2019-01-27 03:47:01.953588,13099033,2,0,2019-01-26 20:47:01, [어린이책 추천]초3도서 '경주'-경주를 좋아하시는 어른에게도 추천합니다 ,508,3,0,0
2019-01-27 04:47:07.052783,13099033,2,0,2019-01-26 20:47:01, [어린이책 추천]초3도서 '경주'-경주를 좋아하시는 어른에게도 추천합니다 ,511,3,0,0
2019-01-27 05:47:12.860741,13099033,2,0,2019-01-26 20:47:01, [어린이책 추천]초3도서 '경주'-경주를 좋아하시는 어른에게도 추천합니다 ,513,2,0,0
2019-01-27 06:47:04.944980,13099033,2,0,2019-01-26 20:47:01, [어린이책 추천]초3도서 '경주'-경주를 좋아하시는 어른에게도 추천합니다 ,515,2,0,0
2019-01-27 07:47:10.157986,13099033,2,0,2019-01-26 20:47:01, [어린이책 추천]초3도서 '경주'-경주를 좋아하시는 어른에게도 추천합니다 ,518,3,0,0
2019-01-27 08:47:02.243229,13099033,2,0,2019-01-26 20:47:01, [어린이책 추천]초3도서 '경주'-경주를 좋아하시는 어른에게도 추천합니다 ,519,1,0,0
2019-01-27 09:47:07.307237,13099033,2,0,2019-01-26 20:47:01, [어린이책 추천]초3도서 '경주'-경주를 좋아하시는 어른에게도 추천합니다 ,524,5,0,0
2019-01-27 10:47:12.373499,13099033,2,0,2019-01-26 20:47:01, [어린이책 추천]초3도서 '경주'-경주를 좋아하시는 어른에게도 추천합니다 ,525,1,0,0
2019-01-27 11:47:04.395866,13099033,2,0,2019-01-26 20:47:01, [어린이책 추천]초3도서 '경주'-경주를 좋아하시는 어른에게도 추천합니다 ,527,2,0,0
2019-01-27 12:47:09.524230,13099033,2,0,2019-01-26 20:47:01, [어린이책 추천]초3도서 '경주'-경주를 좋아하시는 어른에게도 추천합니다 ,529,2,0,0
2019-01-27 13:47:01.514440,13099033,2,0,2019-01-26 20:47:01, [어린이책 추천]초3도서 '경주'-경주를 좋아하시는 어른에게도 추천합니다 ,531,2,0,0
2019-01-27 14:47:06.786271,13099033,2,0,2019-01-26 20:47:01, [어린이책 추천]초3도서 '경주'-경주를 좋아하시는 어른에게도 추천합니다 ,532,1,0,0
2019-01-27 15:47:11.878691,13099033,2,0,2019-01-26 20:47:01, [어린이책 추천]초3도서 '경주'-경주를 좋아하시는 어른에게도 추천합니다 ,535,3,0,0
2019-01-27 16:47:04.112668,13099033,2,0,2019-01-26 20:47:01, [어린이책 추천]초3도서 '경주'-경주를 좋아하시는 어른에게도 추천합니다 ,537,2,0,0
2019-01-27 17:47:09.181894,13099033,2,0,2019-01-26 20:47:01, [어린이책 추천]초3도서 '경주'-경주를 좋아하시는 어른에게도 추천합니다 ,538,1,0,0
2019-01-27 18:47:01.457932,13099033,2,0,2019-01-26 20:47:01, [어린이책 추천]초3도서 '경주'-경주를 좋아하시는 어른에게도 추천합니다 ,541,3,0,0
2019-01-27 19:47:06.459299,13099033,2,0,2019-01-26 20:47:01, [어린이책 추천]초3도서 '경주'-경주를 좋아하시는 어른에게도 추천합니다 ,541,0,0,0
2019-01-27 20:47:11.488521,13099033,2,0,2019-01-26 20:47:01, [어린이책 추천]초3도서 '경주'-경주를 좋아하시는 어른에게도 추천합니다 ,542,1,0,0
