check_time,id,post_reply,post_symph,post_time,post_title,post_view,post_view_diff,post_reply_diff,post_symph_diff
2019-01-29 21:47:22.428068,13109660,7,0,2019-01-29 20:47:20, 새소게글 보고 질렀습니다.jpg ,1153,1153,7,0
2019-01-29 22:47:27.601972,13109660,7,0,2019-01-29 20:47:20, 새소게글 보고 질렀습니다.jpg ,1328,175,0,0
2019-01-29 23:47:32.645456,13109660,7,0,2019-01-29 20:47:20, 새소게글 보고 질렀습니다.jpg ,1392,64,0,0
2019-01-30 00:47:24.781899,13109660,7,0,2019-01-29 20:47:20, 새소게글 보고 질렀습니다.jpg ,1427,35,0,0
2019-01-30 01:47:29.898272,13109660,7,0,2019-01-29 20:47:20, 새소게글 보고 질렀습니다.jpg ,1448,21,0,0
2019-01-30 02:47:22.015913,13109660,7,0,2019-01-29 20:47:20, 새소게글 보고 질렀습니다.jpg ,1456,8,0,0
2019-01-30 03:47:27.157031,13109660,7,0,2019-01-29 20:47:20, 새소게글 보고 질렀습니다.jpg ,1459,3,0,0
2019-01-30 04:47:20.078207,13109660,7,0,2019-01-29 20:47:20, 새소게글 보고 질렀습니다.jpg ,1463,4,0,0
2019-01-30 05:47:25.222263,13109660,7,0,2019-01-29 20:47:20, 새소게글 보고 질렀습니다.jpg ,1469,6,0,0
2019-01-30 06:47:30.472836,13109660,7,0,2019-01-29 20:47:20, 새소게글 보고 질렀습니다.jpg ,1474,5,0,0
2019-01-30 07:47:22.827097,13109660,7,0,2019-01-29 20:47:20, 새소게글 보고 질렀습니다.jpg ,1478,4,0,0
2019-01-30 08:47:28.127343,13109660,7,0,2019-01-29 20:47:20, 새소게글 보고 질렀습니다.jpg ,1484,6,0,0
2019-01-30 09:47:20.770270,13109660,7,0,2019-01-29 20:47:20, 새소게글 보고 질렀습니다.jpg ,1494,10,0,0
2019-01-30 10:47:26.388942,13109660,7,0,2019-01-29 20:47:20, 새소게글 보고 질렀습니다.jpg ,1502,8,0,0
2019-01-30 11:47:31.664813,13109660,7,0,2019-01-29 20:47:20, 새소게글 보고 질렀습니다.jpg ,1507,5,0,0
2019-01-30 12:47:23.669654,13109660,7,0,2019-01-29 20:47:20, 새소게글 보고 질렀습니다.jpg ,1508,1,0,0
2019-01-30 13:47:29.005070,13109660,7,0,2019-01-29 20:47:20, 새소게글 보고 질렀습니다.jpg ,1511,3,0,0
2019-01-30 14:47:21.383807,13109660,7,0,2019-01-29 20:47:20, 새소게글 보고 질렀습니다.jpg ,1513,2,0,0
2019-01-30 15:47:26.622278,13109660,7,0,2019-01-29 20:47:20, 새소게글 보고 질렀습니다.jpg ,1514,1,0,0
2019-01-30 16:47:31.774502,13109660,7,0,2019-01-29 20:47:20, 새소게글 보고 질렀습니다.jpg ,1517,3,0,0
2019-01-30 17:47:23.830730,13109660,7,0,2019-01-29 20:47:20, 새소게글 보고 질렀습니다.jpg ,1518,1,0,0
2019-01-30 18:47:29.025650,13109660,7,0,2019-01-29 20:47:20, 새소게글 보고 질렀습니다.jpg ,1519,1,0,0
2019-01-30 19:47:21.185654,13109660,7,0,2019-01-29 20:47:20, 새소게글 보고 질렀습니다.jpg ,1521,2,0,0
2019-01-30 20:47:26.462787,13109660,7,0,2019-01-29 20:47:20, 새소게글 보고 질렀습니다.jpg ,1523,2,0,0
