check_time,id,post_reply,post_symph,post_time,post_title,post_view,post_view_diff,post_reply_diff,post_symph_diff
2019-01-30 21:11:56.441647,13113972,14,2,2019-01-30 20:11:48, 괴물들과 싸우려면 괴물이 되어야 하나요? ,943,943,14,2
2019-01-30 22:11:48.672130,13113972,14,2,2019-01-30 20:11:48, 괴물들과 싸우려면 괴물이 되어야 하나요? ,1047,104,0,0
2019-01-30 23:11:53.741878,13113972,14,2,2019-01-30 20:11:48, 괴물들과 싸우려면 괴물이 되어야 하나요? ,1095,48,0,0
2019-01-31 00:11:58.947457,13113972,14,2,2019-01-30 20:11:48, 괴물들과 싸우려면 괴물이 되어야 하나요? ,1127,32,0,0
2019-01-31 01:11:51.020068,13113972,14,2,2019-01-30 20:11:48, 괴물들과 싸우려면 괴물이 되어야 하나요? ,1143,16,0,0
2019-01-31 02:11:56.287940,13113972,14,2,2019-01-30 20:11:48, 괴물들과 싸우려면 괴물이 되어야 하나요? ,1147,4,0,0
2019-01-31 03:11:48.333669,13113972,14,2,2019-01-30 20:11:48, 괴물들과 싸우려면 괴물이 되어야 하나요? ,1153,6,0,0
2019-01-31 04:11:53.390910,13113972,14,2,2019-01-30 20:11:48, 괴물들과 싸우려면 괴물이 되어야 하나요? ,1157,4,0,0
2019-01-31 05:11:58.468617,13113972,14,2,2019-01-30 20:11:48, 괴물들과 싸우려면 괴물이 되어야 하나요? ,1161,4,0,0
2019-01-31 06:11:50.494440,13113972,14,2,2019-01-30 20:11:48, 괴물들과 싸우려면 괴물이 되어야 하나요? ,1162,1,0,0
2019-01-31 07:11:55.516237,13113972,14,2,2019-01-30 20:11:48, 괴물들과 싸우려면 괴물이 되어야 하나요? ,1164,2,0,0
2019-01-31 08:11:48.609716,13113972,14,2,2019-01-30 20:11:48, 괴물들과 싸우려면 괴물이 되어야 하나요? ,1171,7,0,0
2019-01-31 09:11:53.665636,13113972,14,2,2019-01-30 20:11:48, 괴물들과 싸우려면 괴물이 되어야 하나요? ,1175,4,0,0
2019-01-31 10:11:58.719000,13113972,14,2,2019-01-30 20:11:48, 괴물들과 싸우려면 괴물이 되어야 하나요? ,1181,6,0,0
2019-01-31 11:11:50.746813,13113972,14,2,2019-01-30 20:11:48, 괴물들과 싸우려면 괴물이 되어야 하나요? ,1184,3,0,0
2019-01-31 12:11:55.892532,13113972,14,2,2019-01-30 20:11:48, 괴물들과 싸우려면 괴물이 되어야 하나요? ,1187,3,0,0
2019-01-31 13:11:48.010055,13113972,14,2,2019-01-30 20:11:48, 괴물들과 싸우려면 괴물이 되어야 하나요? ,1190,3,0,0
2019-01-31 14:11:53.094994,13113972,14,2,2019-01-30 20:11:48, 괴물들과 싸우려면 괴물이 되어야 하나요? ,1192,2,0,0
2019-01-31 15:11:58.194693,13113972,14,2,2019-01-30 20:11:48, 괴물들과 싸우려면 괴물이 되어야 하나요? ,1197,5,0,0
2019-01-31 16:11:50.238711,13113972,14,2,2019-01-30 20:11:48, 괴물들과 싸우려면 괴물이 되어야 하나요? ,1198,1,0,0
2019-01-31 17:11:55.283905,13113972,14,2,2019-01-30 20:11:48, 괴물들과 싸우려면 괴물이 되어야 하나요? ,1200,2,0,0
2019-01-31 18:12:00.295554,13113972,14,2,2019-01-30 20:11:48, 괴물들과 싸우려면 괴물이 되어야 하나요? ,1201,1,0,0
2019-01-31 19:11:52.367337,13113972,14,2,2019-01-30 20:11:48, 괴물들과 싸우려면 괴물이 되어야 하나요? ,1204,3,0,0
2019-01-31 20:11:57.452384,13113972,14,2,2019-01-30 20:11:48, 괴물들과 싸우려면 괴물이 되어야 하나요? ,1206,2,0,0
