check_time,id,post_reply,post_symph,post_time,post_title,post_view,post_view_diff,post_reply_diff,post_symph_diff
2019-01-30 21:22:29.012882,13114017,0,2,2019-01-30 20:22:20, ▶◀[나무의 서] -안치환- ,266,266,0,2
2019-01-30 22:22:21.051179,13114017,0,2,2019-01-30 20:22:20, ▶◀[나무의 서] -안치환- ,303,37,0,0
2019-01-30 23:22:26.003309,13114017,0,2,2019-01-30 20:22:20, ▶◀[나무의 서] -안치환- ,316,13,0,0
2019-01-31 00:22:31.023824,13114017,1,2,2019-01-30 20:22:20, ▶◀[나무의 서] -안치환- ,327,11,1,0
2019-01-31 01:22:23.142111,13114017,1,2,2019-01-30 20:22:20, ▶◀[나무의 서] -안치환- ,330,3,0,0
2019-01-31 02:22:28.384518,13114017,1,2,2019-01-30 20:22:20, ▶◀[나무의 서] -안치환- ,332,2,0,0
2019-01-31 03:22:20.438852,13114017,1,2,2019-01-30 20:22:20, ▶◀[나무의 서] -안치환- ,335,3,0,0
2019-01-31 04:22:25.609979,13114017,1,2,2019-01-30 20:22:20, ▶◀[나무의 서] -안치환- ,338,3,0,0
2019-01-31 05:22:30.624004,13114017,1,2,2019-01-30 20:22:20, ▶◀[나무의 서] -안치환- ,341,3,0,0
2019-01-31 06:22:22.804622,13114017,1,2,2019-01-30 20:22:20, ▶◀[나무의 서] -안치환- ,342,1,0,0
2019-01-31 07:22:27.984448,13114017,1,2,2019-01-30 20:22:20, ▶◀[나무의 서] -안치환- ,345,3,0,0
2019-01-31 08:22:20.007604,13114017,1,2,2019-01-30 20:22:20, ▶◀[나무의 서] -안치환- ,347,2,0,0
2019-01-31 09:22:25.045412,13114017,1,2,2019-01-30 20:22:20, ▶◀[나무의 서] -안치환- ,349,2,0,0
2019-01-31 10:22:30.426858,13114017,1,2,2019-01-30 20:22:20, ▶◀[나무의 서] -안치환- ,350,1,0,0
2019-01-31 11:22:22.548704,13114017,1,2,2019-01-30 20:22:20, ▶◀[나무의 서] -안치환- ,352,2,0,0
2019-01-31 12:22:28.538574,13114017,1,2,2019-01-30 20:22:20, ▶◀[나무의 서] -안치환- ,353,1,0,0
2019-01-31 13:22:20.530522,13114017,1,2,2019-01-30 20:22:20, ▶◀[나무의 서] -안치환- ,354,1,0,0
2019-01-31 14:22:25.550171,13114017,1,2,2019-01-30 20:22:20, ▶◀[나무의 서] -안치환- ,356,2,0,0
2019-01-31 15:22:30.859397,13114017,1,2,2019-01-30 20:22:20, ▶◀[나무의 서] -안치환- ,358,2,0,0
2019-01-31 16:22:22.943951,13114017,1,2,2019-01-30 20:22:20, ▶◀[나무의 서] -안치환- ,360,2,0,0
2019-01-31 17:22:28.139964,13114017,1,2,2019-01-30 20:22:20, ▶◀[나무의 서] -안치환- ,360,0,0,0
2019-01-31 18:22:20.249001,13114017,1,2,2019-01-30 20:22:20, ▶◀[나무의 서] -안치환- ,362,2,0,0
2019-01-31 19:22:25.352630,13114017,1,2,2019-01-30 20:22:20, ▶◀[나무의 서] -안치환- ,365,3,0,0
2019-01-31 20:22:30.480130,13114017,1,2,2019-01-30 20:22:20, ▶◀[나무의 서] -안치환- ,369,4,0,0
