check_time,id,post_reply,post_symph,post_time,post_title,post_view,post_view_diff,post_reply_diff,post_symph_diff
2019-01-26 21:27:22.583753,13098987,1,0,2019-01-26 20:27:16, 변비 때문에 가끔 아락실을 먹는데... ,682,682,1,0
2019-01-26 22:27:27.597050,13098987,1,0,2019-01-26 20:27:16, 변비 때문에 가끔 아락실을 먹는데... ,809,127,0,0
2019-01-26 23:27:19.668603,13098987,1,0,2019-01-26 20:27:16, 변비 때문에 가끔 아락실을 먹는데... ,874,65,0,0
2019-01-27 00:27:24.735591,13098987,1,0,2019-01-26 20:27:16, 변비 때문에 가끔 아락실을 먹는데... ,896,22,0,0
2019-01-27 01:27:16.838364,13098987,1,0,2019-01-26 20:27:16, 변비 때문에 가끔 아락실을 먹는데... ,906,10,0,0
2019-01-27 02:27:21.803739,13098987,1,0,2019-01-26 20:27:16, 변비 때문에 가끔 아락실을 먹는데... ,915,9,0,0
2019-01-27 03:27:26.798946,13098987,1,0,2019-01-26 20:27:16, 변비 때문에 가끔 아락실을 먹는데... ,920,5,0,0
2019-01-27 04:27:18.900425,13098987,1,0,2019-01-26 20:27:16, 변비 때문에 가끔 아락실을 먹는데... ,924,4,0,0
2019-01-27 05:27:24.072914,13098987,1,0,2019-01-26 20:27:16, 변비 때문에 가끔 아락실을 먹는데... ,924,0,0,0
2019-01-27 06:27:16.181994,13098987,1,0,2019-01-26 20:27:16, 변비 때문에 가끔 아락실을 먹는데... ,925,1,0,0
2019-01-27 07:27:21.458084,13098987,1,0,2019-01-26 20:27:16, 변비 때문에 가끔 아락실을 먹는데... ,928,3,0,0
2019-01-27 08:27:26.528841,13098987,1,0,2019-01-26 20:27:16, 변비 때문에 가끔 아락실을 먹는데... ,929,1,0,0
2019-01-27 09:27:18.601004,13098987,1,0,2019-01-26 20:27:16, 변비 때문에 가끔 아락실을 먹는데... ,933,4,0,0
2019-01-27 10:27:23.589235,13098987,1,0,2019-01-26 20:27:16, 변비 때문에 가끔 아락실을 먹는데... ,939,6,0,0
2019-01-27 11:27:28.700548,13098987,1,0,2019-01-26 20:27:16, 변비 때문에 가끔 아락실을 먹는데... ,943,4,0,0
2019-01-27 12:27:20.792117,13098987,1,0,2019-01-26 20:27:16, 변비 때문에 가끔 아락실을 먹는데... ,949,6,0,0
2019-01-27 13:27:25.936636,13098987,1,0,2019-01-26 20:27:16, 변비 때문에 가끔 아락실을 먹는데... ,949,0,0,0
2019-01-27 14:27:18.082815,13098987,1,0,2019-01-26 20:27:16, 변비 때문에 가끔 아락실을 먹는데... ,951,2,0,0
2019-01-27 15:27:23.512676,13098987,1,0,2019-01-26 20:27:16, 변비 때문에 가끔 아락실을 먹는데... ,953,2,0,0
2019-01-27 16:27:28.882634,13098987,1,0,2019-01-26 20:27:16, 변비 때문에 가끔 아락실을 먹는데... ,955,2,0,0
2019-01-27 17:27:20.940399,13098987,1,0,2019-01-26 20:27:16, 변비 때문에 가끔 아락실을 먹는데... ,958,3,0,0
2019-01-27 18:27:26.020926,13098987,1,0,2019-01-26 20:27:16, 변비 때문에 가끔 아락실을 먹는데... ,961,3,0,0
2019-01-27 19:27:18.118424,13098987,1,0,2019-01-26 20:27:16, 변비 때문에 가끔 아락실을 먹는데... ,964,3,0,0
2019-01-27 20:27:23.218717,13098987,1,0,2019-01-26 20:27:16, 변비 때문에 가끔 아락실을 먹는데... ,966,2,0,0
