check_time,id,post_reply,post_symph,post_time,post_title,post_view,post_view_diff,post_reply_diff,post_symph_diff
2019-01-24 09:04:45.177210,13087906,6,0,2019-01-24 08:04:33, 그림 구경 오세요 .. 좋은 사이트 발견 .. ,1425,1425,6,0
2019-01-24 10:04:37.177252,13087906,7,0,2019-01-24 08:04:33, 그림 구경 오세요 .. 좋은 사이트 발견 .. ,1600,175,1,0
2019-01-24 11:04:42.244092,13087906,7,0,2019-01-24 08:04:33, 그림 구경 오세요 .. 좋은 사이트 발견 .. ,1633,33,0,0
2019-01-24 12:04:35.090496,13087906,7,0,2019-01-24 08:04:33, 그림 구경 오세요 .. 좋은 사이트 발견 .. ,1646,13,0,0
2019-01-24 13:04:40.152857,13087906,7,0,2019-01-24 08:04:33, 그림 구경 오세요 .. 좋은 사이트 발견 .. ,1653,7,0,0
2019-01-24 14:04:45.269714,13087906,7,0,2019-01-24 08:04:33, 그림 구경 오세요 .. 좋은 사이트 발견 .. ,1657,4,0,0
2019-01-24 15:04:37.322090,13087906,7,0,2019-01-24 08:04:33, 그림 구경 오세요 .. 좋은 사이트 발견 .. ,1663,6,0,0
2019-01-24 16:04:42.362148,13087906,7,0,2019-01-24 08:04:33, 그림 구경 오세요 .. 좋은 사이트 발견 .. ,1667,4,0,0
2019-01-24 17:04:34.391228,13087906,7,0,2019-01-24 08:04:33, 그림 구경 오세요 .. 좋은 사이트 발견 .. ,1669,2,0,0
2019-01-24 18:04:39.441373,13087906,7,0,2019-01-24 08:04:33, 그림 구경 오세요 .. 좋은 사이트 발견 .. ,1671,2,0,0
2019-01-24 19:04:44.507161,13087906,7,0,2019-01-24 08:04:33, 그림 구경 오세요 .. 좋은 사이트 발견 .. ,1672,1,0,0
2019-01-24 20:04:36.480565,13087906,7,0,2019-01-24 08:04:33, 그림 구경 오세요 .. 좋은 사이트 발견 .. ,1676,4,0,0
2019-01-24 21:04:41.458968,13087906,7,0,2019-01-24 08:04:33, 그림 구경 오세요 .. 좋은 사이트 발견 .. ,1678,2,0,0
2019-01-24 22:04:33.481519,13087906,7,0,2019-01-24 08:04:33, 그림 구경 오세요 .. 좋은 사이트 발견 .. ,1680,2,0,0
2019-01-24 23:04:38.541096,13087906,7,0,2019-01-24 08:04:33, 그림 구경 오세요 .. 좋은 사이트 발견 .. ,1681,1,0,0
2019-01-25 00:04:44.571750,13087906,7,0,2019-01-24 08:04:33, 그림 구경 오세요 .. 좋은 사이트 발견 .. ,1683,2,0,0
2019-01-25 01:04:36.808734,13087906,7,0,2019-01-24 08:04:33, 그림 구경 오세요 .. 좋은 사이트 발견 .. ,1686,3,0,0
2019-01-25 02:04:41.847801,13087906,7,0,2019-01-24 08:04:33, 그림 구경 오세요 .. 좋은 사이트 발견 .. ,1689,3,0,0
2019-01-25 03:04:33.800711,13087906,7,0,2019-01-24 08:04:33, 그림 구경 오세요 .. 좋은 사이트 발견 .. ,1690,1,0,0
2019-01-25 04:04:38.783259,13087906,7,0,2019-01-24 08:04:33, 그림 구경 오세요 .. 좋은 사이트 발견 .. ,1692,2,0,0
2019-01-25 05:04:43.821092,13087906,7,0,2019-01-24 08:04:33, 그림 구경 오세요 .. 좋은 사이트 발견 .. ,1693,1,0,0
2019-01-25 06:04:35.821559,13087906,7,0,2019-01-24 08:04:33, 그림 구경 오세요 .. 좋은 사이트 발견 .. ,1694,1,0,0
2019-01-25 07:04:40.834395,13087906,7,0,2019-01-24 08:04:33, 그림 구경 오세요 .. 좋은 사이트 발견 .. ,1695,1,0,0
2019-01-25 08:04:45.853474,13087906,7,0,2019-01-24 08:04:33, 그림 구경 오세요 .. 좋은 사이트 발견 .. ,1696,1,0,0
