check_time,id,post_reply,post_symph,post_time,post_title,post_view,post_view_diff,post_reply_diff,post_symph_diff
2019-01-24 09:16:09.820552,13087930,4,0,2019-01-24 08:16:02, 와~쿠팡 새벽배송이 왔어요. ,1377,1377,4,0
2019-01-24 10:16:14.908751,13087930,4,0,2019-01-24 08:16:02, 와~쿠팡 새벽배송이 왔어요. ,1510,133,0,0
2019-01-24 11:16:06.941377,13087930,5,0,2019-01-24 08:16:02, 와~쿠팡 새벽배송이 왔어요. ,1536,26,1,0
2019-01-24 12:16:11.973207,13087930,6,0,2019-01-24 08:16:02, 와~쿠팡 새벽배송이 왔어요. ,1546,10,1,0
2019-01-24 13:16:03.979031,13087930,6,0,2019-01-24 08:16:02, 와~쿠팡 새벽배송이 왔어요. ,1556,10,0,0
2019-01-24 14:16:08.966827,13087930,6,0,2019-01-24 08:16:02, 와~쿠팡 새벽배송이 왔어요. ,1563,7,0,0
2019-01-24 15:16:14.012982,13087930,6,0,2019-01-24 08:16:02, 와~쿠팡 새벽배송이 왔어요. ,1567,4,0,0
2019-01-24 16:16:06.243062,13087930,6,0,2019-01-24 08:16:02, 와~쿠팡 새벽배송이 왔어요. ,1570,3,0,0
2019-01-24 17:16:11.307265,13087930,6,0,2019-01-24 08:16:02, 와~쿠팡 새벽배송이 왔어요. ,1574,4,0,0
2019-01-24 18:16:03.345495,13087930,6,0,2019-01-24 08:16:02, 와~쿠팡 새벽배송이 왔어요. ,1576,2,0,0
2019-01-24 19:16:08.400106,13087930,6,0,2019-01-24 08:16:02, 와~쿠팡 새벽배송이 왔어요. ,1578,2,0,0
2019-01-24 20:16:13.466307,13087930,6,0,2019-01-24 08:16:02, 와~쿠팡 새벽배송이 왔어요. ,1579,1,0,0
2019-01-24 21:16:05.481110,13087930,6,0,2019-01-24 08:16:02, 와~쿠팡 새벽배송이 왔어요. ,1580,1,0,0
2019-01-24 22:16:10.467144,13087930,6,0,2019-01-24 08:16:02, 와~쿠팡 새벽배송이 왔어요. ,1582,2,0,0
2019-01-24 23:16:02.533543,13087930,6,0,2019-01-24 08:16:02, 와~쿠팡 새벽배송이 왔어요. ,1584,2,0,0
2019-01-25 00:16:07.557282,13087930,6,0,2019-01-24 08:16:02, 와~쿠팡 새벽배송이 왔어요. ,1587,3,0,0
2019-01-25 01:16:12.624198,13087930,6,0,2019-01-24 08:16:02, 와~쿠팡 새벽배송이 왔어요. ,1588,1,0,0
2019-01-25 02:16:04.707420,13087930,6,0,2019-01-24 08:16:02, 와~쿠팡 새벽배송이 왔어요. ,1589,1,0,0
2019-01-25 03:16:09.694382,13087930,6,0,2019-01-24 08:16:02, 와~쿠팡 새벽배송이 왔어요. ,1590,1,0,0
2019-01-25 04:16:14.729934,13087930,6,0,2019-01-24 08:16:02, 와~쿠팡 새벽배송이 왔어요. ,1592,2,0,0
2019-01-25 05:16:06.779921,13087930,6,0,2019-01-24 08:16:02, 와~쿠팡 새벽배송이 왔어요. ,1592,0,0,0
2019-01-25 06:16:11.769573,13087930,6,0,2019-01-24 08:16:02, 와~쿠팡 새벽배송이 왔어요. ,1593,1,0,0
2019-01-25 07:16:03.718194,13087930,6,0,2019-01-24 08:16:02, 와~쿠팡 새벽배송이 왔어요. ,1594,1,0,0
2019-01-25 08:16:08.756090,13087930,6,0,2019-01-24 08:16:02, 와~쿠팡 새벽배송이 왔어요. ,1597,3,0,0
