check_time,id,post_reply,post_symph,post_time,post_title,post_view,post_view_diff,post_reply_diff,post_symph_diff
2019-01-28 09:26:57.913298,13103296,16,0,2019-01-28 08:26:57, “해외에 없는 이런 법”이 우리나라에만 있으면 좋겠군요 ,1687,1687,16,0
2019-01-28 10:27:02.939544,13103296,16,0,2019-01-28 08:26:57, “해외에 없는 이런 법”이 우리나라에만 있으면 좋겠군요 ,1904,217,0,0
2019-01-28 11:27:07.982314,13103296,16,0,2019-01-28 08:26:57, “해외에 없는 이런 법”이 우리나라에만 있으면 좋겠군요 ,1977,73,0,0
2019-01-28 12:27:00.110000,13103296,16,0,2019-01-28 08:26:57, “해외에 없는 이런 법”이 우리나라에만 있으면 좋겠군요 ,2009,32,0,0
2019-01-28 13:27:05.262110,13103296,16,0,2019-01-28 08:26:57, “해외에 없는 이런 법”이 우리나라에만 있으면 좋겠군요 ,2019,10,0,0
2019-01-28 14:26:57.703855,13103296,16,0,2019-01-28 08:26:57, “해외에 없는 이런 법”이 우리나라에만 있으면 좋겠군요 ,2029,10,0,0
2019-01-28 15:27:02.793035,13103296,16,0,2019-01-28 08:26:57, “해외에 없는 이런 법”이 우리나라에만 있으면 좋겠군요 ,2032,3,0,0
2019-01-28 16:27:07.863664,13103296,16,0,2019-01-28 08:26:57, “해외에 없는 이런 법”이 우리나라에만 있으면 좋겠군요 ,2039,7,0,0
2019-01-28 17:26:59.927888,13103296,16,0,2019-01-28 08:26:57, “해외에 없는 이런 법”이 우리나라에만 있으면 좋겠군요 ,2043,4,0,0
2019-01-28 18:27:05.150309,13103296,16,0,2019-01-28 08:26:57, “해외에 없는 이런 법”이 우리나라에만 있으면 좋겠군요 ,2045,2,0,0
2019-01-28 19:26:57.361340,13103296,16,0,2019-01-28 08:26:57, “해외에 없는 이런 법”이 우리나라에만 있으면 좋겠군요 ,2048,3,0,0
2019-01-28 20:27:02.400656,13103296,16,0,2019-01-28 08:26:57, “해외에 없는 이런 법”이 우리나라에만 있으면 좋겠군요 ,2049,1,0,0
2019-01-28 21:27:07.347312,13103296,16,0,2019-01-28 08:26:57, “해외에 없는 이런 법”이 우리나라에만 있으면 좋겠군요 ,2052,3,0,0
2019-01-28 22:26:59.387499,13103296,16,0,2019-01-28 08:26:57, “해외에 없는 이런 법”이 우리나라에만 있으면 좋겠군요 ,2058,6,0,0
2019-01-28 23:27:04.429206,13103296,16,0,2019-01-28 08:26:57, “해외에 없는 이런 법”이 우리나라에만 있으면 좋겠군요 ,2059,1,0,0
2019-01-29 00:27:09.787056,13103296,16,0,2019-01-28 08:26:57, “해외에 없는 이런 법”이 우리나라에만 있으면 좋겠군요 ,2061,2,0,0
2019-01-29 01:27:02.124305,13103296,16,0,2019-01-28 08:26:57, “해외에 없는 이런 법”이 우리나라에만 있으면 좋겠군요 ,2065,4,0,0
2019-01-29 02:27:07.291860,13103296,16,0,2019-01-28 08:26:57, “해외에 없는 이런 법”이 우리나라에만 있으면 좋겠군요 ,2066,1,0,0
2019-01-29 03:26:59.973812,13103296,16,0,2019-01-28 08:26:57, “해외에 없는 이런 법”이 우리나라에만 있으면 좋겠군요 ,2067,1,0,0
2019-01-29 04:27:05.099748,13103296,16,0,2019-01-28 08:26:57, “해외에 없는 이런 법”이 우리나라에만 있으면 좋겠군요 ,2069,2,0,0
2019-01-29 05:26:57.525555,13103296,16,0,2019-01-28 08:26:57, “해외에 없는 이런 법”이 우리나라에만 있으면 좋겠군요 ,2070,1,0,0
2019-01-29 06:27:02.678680,13103296,16,0,2019-01-28 08:26:57, “해외에 없는 이런 법”이 우리나라에만 있으면 좋겠군요 ,2071,1,0,0
2019-01-29 07:27:07.818988,13103296,16,0,2019-01-28 08:26:57, “해외에 없는 이런 법”이 우리나라에만 있으면 좋겠군요 ,2073,2,0,0
2019-01-29 08:27:00.430266,13103296,16,0,2019-01-28 08:26:57, “해외에 없는 이런 법”이 우리나라에만 있으면 좋겠군요 ,2074,1,0,0
