check_time,id,post_reply,post_symph,post_time,post_title,post_view,post_view_diff,post_reply_diff,post_symph_diff
2019-01-24 09:21:48.562221,13087942,7,0,2019-01-24 08:21:44, 도량형이 참 바꾸기 어려운것 같네요. ,830,830,7,0
2019-01-24 10:21:53.674184,13087942,7,0,2019-01-24 08:21:44, 도량형이 참 바꾸기 어려운것 같네요. ,911,81,0,0
2019-01-24 11:21:46.007715,13087942,8,0,2019-01-24 08:21:44, 도량형이 참 바꾸기 어려운것 같네요. ,925,14,1,0
2019-01-24 12:21:51.270167,13087942,8,0,2019-01-24 08:21:44, 도량형이 참 바꾸기 어려운것 같네요. ,934,9,0,0
2019-01-24 13:21:56.324051,13087942,8,0,2019-01-24 08:21:44, 도량형이 참 바꾸기 어려운것 같네요. ,939,5,0,0
2019-01-24 14:21:48.310362,13087942,8,0,2019-01-24 08:21:44, 도량형이 참 바꾸기 어려운것 같네요. ,941,2,0,0
2019-01-24 15:21:53.378201,13087942,8,0,2019-01-24 08:21:44, 도량형이 참 바꾸기 어려운것 같네요. ,945,4,0,0
2019-01-24 16:21:45.560386,13087942,8,0,2019-01-24 08:21:44, 도량형이 참 바꾸기 어려운것 같네요. ,947,2,0,0
2019-01-24 17:21:50.599858,13087942,8,0,2019-01-24 08:21:44, 도량형이 참 바꾸기 어려운것 같네요. ,949,2,0,0
2019-01-24 18:21:55.630486,13087942,8,0,2019-01-24 08:21:44, 도량형이 참 바꾸기 어려운것 같네요. ,951,2,0,0
2019-01-24 19:21:47.604360,13087942,8,0,2019-01-24 08:21:44, 도량형이 참 바꾸기 어려운것 같네요. ,952,1,0,0
2019-01-24 20:21:52.607444,13087942,8,0,2019-01-24 08:21:44, 도량형이 참 바꾸기 어려운것 같네요. ,953,1,0,0
2019-01-24 21:21:44.610849,13087942,8,0,2019-01-24 08:21:44, 도량형이 참 바꾸기 어려운것 같네요. ,955,2,0,0
2019-01-24 22:21:49.610812,13087942,8,0,2019-01-24 08:21:44, 도량형이 참 바꾸기 어려운것 같네요. ,958,3,0,0
2019-01-24 23:21:54.743708,13087942,8,0,2019-01-24 08:21:44, 도량형이 참 바꾸기 어려운것 같네요. ,960,2,0,0
2019-01-25 00:21:47.037154,13087942,8,0,2019-01-24 08:21:44, 도량형이 참 바꾸기 어려운것 같네요. ,963,3,0,0
2019-01-25 01:21:52.110323,13087942,8,0,2019-01-24 08:21:44, 도량형이 참 바꾸기 어려운것 같네요. ,964,1,0,0
2019-01-25 02:21:44.123161,13087942,8,0,2019-01-24 08:21:44, 도량형이 참 바꾸기 어려운것 같네요. ,965,1,0,0
2019-01-25 03:21:49.096635,13087942,8,0,2019-01-24 08:21:44, 도량형이 참 바꾸기 어려운것 같네요. ,966,1,0,0
2019-01-25 04:21:54.110219,13087942,8,0,2019-01-24 08:21:44, 도량형이 참 바꾸기 어려운것 같네요. ,967,1,0,0
2019-01-25 05:21:46.189317,13087942,8,0,2019-01-24 08:21:44, 도량형이 참 바꾸기 어려운것 같네요. ,968,1,0,0
2019-01-25 06:21:51.214660,13087942,8,0,2019-01-24 08:21:44, 도량형이 참 바꾸기 어려운것 같네요. ,969,1,0,0
2019-01-25 07:21:56.306910,13087942,8,0,2019-01-24 08:21:44, 도량형이 참 바꾸기 어려운것 같네요. ,970,1,0,0
2019-01-25 08:21:48.611936,13087942,8,0,2019-01-24 08:21:44, 도량형이 참 바꾸기 어려운것 같네요. ,973,3,0,0
