check_time,id,post_reply,post_symph,post_time,post_title,post_view,post_view_diff,post_reply_diff,post_symph_diff
2019-01-29 09:15:48.703147,13107077,24,3,2019-01-29 08:15:44, 업무량이 많은 제게 마누라가 매크로를 만들어주었습니다 ㅠ ,3956,3956,24,3
2019-01-29 10:15:53.721463,13107077,24,3,2019-01-29 08:15:44, 업무량이 많은 제게 마누라가 매크로를 만들어주었습니다 ㅠ ,4714,758,0,0
2019-01-29 11:15:45.769065,13107077,25,3,2019-01-29 08:15:44, 업무량이 많은 제게 마누라가 매크로를 만들어주었습니다 ㅠ ,5021,307,1,0
2019-01-29 12:15:51.054617,13107077,25,3,2019-01-29 08:15:44, 업무량이 많은 제게 마누라가 매크로를 만들어주었습니다 ㅠ ,5172,151,0,0
2019-01-29 13:15:56.123704,13107077,25,3,2019-01-29 08:15:44, 업무량이 많은 제게 마누라가 매크로를 만들어주었습니다 ㅠ ,5272,100,0,0
2019-01-29 14:15:48.164140,13107077,25,3,2019-01-29 08:15:44, 업무량이 많은 제게 마누라가 매크로를 만들어주었습니다 ㅠ ,5356,84,0,0
2019-01-29 15:15:53.219850,13107077,25,3,2019-01-29 08:15:44, 업무량이 많은 제게 마누라가 매크로를 만들어주었습니다 ㅠ ,5394,38,0,0
2019-01-29 16:15:45.234109,13107077,25,3,2019-01-29 08:15:44, 업무량이 많은 제게 마누라가 매크로를 만들어주었습니다 ㅠ ,5420,26,0,0
2019-01-29 17:15:50.294537,13107077,25,3,2019-01-29 08:15:44, 업무량이 많은 제게 마누라가 매크로를 만들어주었습니다 ㅠ ,5442,22,0,0
2019-01-29 18:15:55.786932,13107077,25,3,2019-01-29 08:15:44, 업무량이 많은 제게 마누라가 매크로를 만들어주었습니다 ㅠ ,5454,12,0,0
2019-01-29 19:15:47.928703,13107077,25,3,2019-01-29 08:15:44, 업무량이 많은 제게 마누라가 매크로를 만들어주었습니다 ㅠ ,5464,10,0,0
2019-01-29 20:15:53.013129,13107077,25,3,2019-01-29 08:15:44, 업무량이 많은 제게 마누라가 매크로를 만들어주었습니다 ㅠ ,5470,6,0,0
2019-01-29 21:15:45.040003,13107077,25,3,2019-01-29 08:15:44, 업무량이 많은 제게 마누라가 매크로를 만들어주었습니다 ㅠ ,5478,8,0,0
2019-01-29 22:15:50.067586,13107077,25,3,2019-01-29 08:15:44, 업무량이 많은 제게 마누라가 매크로를 만들어주었습니다 ㅠ ,5483,5,0,0
2019-01-29 23:15:55.537196,13107077,25,3,2019-01-29 08:15:44, 업무량이 많은 제게 마누라가 매크로를 만들어주었습니다 ㅠ ,5491,8,0,0
2019-01-30 00:15:47.636817,13107077,25,3,2019-01-29 08:15:44, 업무량이 많은 제게 마누라가 매크로를 만들어주었습니다 ㅠ ,5494,3,0,0
2019-01-30 01:15:52.697801,13107077,25,3,2019-01-29 08:15:44, 업무량이 많은 제게 마누라가 매크로를 만들어주었습니다 ㅠ ,5505,11,0,0
2019-01-30 02:15:44.698082,13107077,25,3,2019-01-29 08:15:44, 업무량이 많은 제게 마누라가 매크로를 만들어주었습니다 ㅠ ,5511,6,0,0
2019-01-30 03:15:49.707131,13107077,25,3,2019-01-29 08:15:44, 업무량이 많은 제게 마누라가 매크로를 만들어주었습니다 ㅠ ,5512,1,0,0
2019-01-30 04:15:54.885714,13107077,25,3,2019-01-29 08:15:44, 업무량이 많은 제게 마누라가 매크로를 만들어주었습니다 ㅠ ,5516,4,0,0
2019-01-30 05:15:46.942183,13107077,25,3,2019-01-29 08:15:44, 업무량이 많은 제게 마누라가 매크로를 만들어주었습니다 ㅠ ,5519,3,0,0
2019-01-30 06:15:52.038358,13107077,25,3,2019-01-29 08:15:44, 업무량이 많은 제게 마누라가 매크로를 만들어주었습니다 ㅠ ,5521,2,0,0
2019-01-30 07:15:44.796094,13107077,25,3,2019-01-29 08:15:44, 업무량이 많은 제게 마누라가 매크로를 만들어주었습니다 ㅠ ,5522,1,0,0
2019-01-30 08:15:49.953221,13107077,25,3,2019-01-29 08:15:44, 업무량이 많은 제게 마누라가 매크로를 만들어주었습니다 ㅠ ,5526,4,0,0
