check_time,id,post_reply,post_symph,post_time,post_title,post_view,post_view_diff,post_reply_diff,post_symph_diff
2019-01-25 09:21:37.327287,13092400,25,3,2019-01-25 08:21:25," 다음 달, 23일 첫 아기가 태어나네요 ㅎㅎ ",806,806,25,3
2019-01-25 10:21:29.386882,13092400,26,3,2019-01-25 08:21:25," 다음 달, 23일 첫 아기가 태어나네요 ㅎㅎ ",951,145,1,0
2019-01-25 11:21:34.450767,13092400,26,3,2019-01-25 08:21:25," 다음 달, 23일 첫 아기가 태어나네요 ㅎㅎ ",1018,67,0,0
2019-01-25 12:21:26.497753,13092400,26,3,2019-01-25 08:21:25," 다음 달, 23일 첫 아기가 태어나네요 ㅎㅎ ",1036,18,0,0
2019-01-25 13:21:31.789128,13092400,26,3,2019-01-25 08:21:25," 다음 달, 23일 첫 아기가 태어나네요 ㅎㅎ ",1050,14,0,0
2019-01-25 14:21:36.923442,13092400,26,3,2019-01-25 08:21:25," 다음 달, 23일 첫 아기가 태어나네요 ㅎㅎ ",1065,15,0,0
2019-01-25 15:21:28.993311,13092400,26,3,2019-01-25 08:21:25," 다음 달, 23일 첫 아기가 태어나네요 ㅎㅎ ",1074,9,0,0
2019-01-25 16:21:34.131082,13092400,26,3,2019-01-25 08:21:25," 다음 달, 23일 첫 아기가 태어나네요 ㅎㅎ ",1079,5,0,0
2019-01-25 17:21:26.316382,13092400,26,3,2019-01-25 08:21:25," 다음 달, 23일 첫 아기가 태어나네요 ㅎㅎ ",1082,3,0,0
2019-01-25 18:21:31.654493,13092400,26,3,2019-01-25 08:21:25," 다음 달, 23일 첫 아기가 태어나네요 ㅎㅎ ",1084,2,0,0
2019-01-25 19:21:36.777095,13092400,26,3,2019-01-25 08:21:25," 다음 달, 23일 첫 아기가 태어나네요 ㅎㅎ ",1088,4,0,0
2019-01-25 20:21:28.835784,13092400,26,3,2019-01-25 08:21:25," 다음 달, 23일 첫 아기가 태어나네요 ㅎㅎ ",1089,1,0,0
2019-01-25 21:21:33.926017,13092400,26,3,2019-01-25 08:21:25," 다음 달, 23일 첫 아기가 태어나네요 ㅎㅎ ",1093,4,0,0
2019-01-25 22:21:26.015879,13092400,26,3,2019-01-25 08:21:25," 다음 달, 23일 첫 아기가 태어나네요 ㅎㅎ ",1094,1,0,0
2019-01-25 23:21:31.145475,13092400,26,3,2019-01-25 08:21:25," 다음 달, 23일 첫 아기가 태어나네요 ㅎㅎ ",1098,4,0,0
2019-01-26 00:21:36.309327,13092400,26,3,2019-01-25 08:21:25," 다음 달, 23일 첫 아기가 태어나네요 ㅎㅎ ",1099,1,0,0
2019-01-26 01:21:28.376499,13092400,26,3,2019-01-25 08:21:25," 다음 달, 23일 첫 아기가 태어나네요 ㅎㅎ ",1102,3,0,0
2019-01-26 02:21:33.427332,13092400,26,3,2019-01-25 08:21:25," 다음 달, 23일 첫 아기가 태어나네요 ㅎㅎ ",1104,2,0,0
2019-01-26 03:21:25.636775,13092400,26,3,2019-01-25 08:21:25," 다음 달, 23일 첫 아기가 태어나네요 ㅎㅎ ",1106,2,0,0
2019-01-26 04:21:30.703112,13092400,26,3,2019-01-25 08:21:25," 다음 달, 23일 첫 아기가 태어나네요 ㅎㅎ ",1107,1,0,0
2019-01-26 05:21:35.716996,13092400,26,3,2019-01-25 08:21:25," 다음 달, 23일 첫 아기가 태어나네요 ㅎㅎ ",1111,4,0,0
2019-01-26 06:21:27.761401,13092400,26,3,2019-01-25 08:21:25," 다음 달, 23일 첫 아기가 태어나네요 ㅎㅎ ",1112,1,0,0
2019-01-26 07:21:32.760265,13092400,26,3,2019-01-25 08:21:25," 다음 달, 23일 첫 아기가 태어나네요 ㅎㅎ ",1115,3,0,0
2019-01-26 08:21:37.690305,13092400,26,3,2019-01-25 08:21:25," 다음 달, 23일 첫 아기가 태어나네요 ㅎㅎ ",1117,2,0,0
