check_time,id,post_reply,post_symph,post_time,post_title,post_view,post_view_diff,post_reply_diff,post_symph_diff
2019-01-28 09:21:57.205817,13103289,4,2,2019-01-28 08:21:55, 플스 대란을 맞이하는 자세 ,3887,3887,4,2
2019-01-28 10:22:02.261075,13103289,5,2,2019-01-28 08:21:55, 플스 대란을 맞이하는 자세 ,4823,936,1,0
2019-01-28 11:22:07.695255,13103289,5,2,2019-01-28 08:21:55, 플스 대란을 맞이하는 자세 ,5218,395,0,0
2019-01-28 12:22:00.243806,13103289,5,2,2019-01-28 08:21:55, 플스 대란을 맞이하는 자세 ,5467,249,0,0
2019-01-28 13:22:05.939348,13103289,5,2,2019-01-28 08:21:55, 플스 대란을 맞이하는 자세 ,5671,204,0,0
2019-01-28 14:21:57.983673,13103289,5,2,2019-01-28 08:21:55, 플스 대란을 맞이하는 자세 ,5733,62,0,0
2019-01-28 15:22:03.152959,13103289,5,2,2019-01-28 08:21:55, 플스 대란을 맞이하는 자세 ,5773,40,0,0
2019-01-28 16:21:55.277465,13103289,5,2,2019-01-28 08:21:55, 플스 대란을 맞이하는 자세 ,5800,27,0,0
2019-01-28 17:22:01.247928,13103289,5,2,2019-01-28 08:21:55, 플스 대란을 맞이하는 자세 ,5821,21,0,0
2019-01-28 18:22:06.459946,13103289,5,2,2019-01-28 08:21:55, 플스 대란을 맞이하는 자세 ,5839,18,0,0
2019-01-28 19:21:58.546666,13103289,5,2,2019-01-28 08:21:55, 플스 대란을 맞이하는 자세 ,5851,12,0,0
2019-01-28 20:22:03.630612,13103289,5,2,2019-01-28 08:21:55, 플스 대란을 맞이하는 자세 ,5863,12,0,0
2019-01-28 21:21:55.726762,13103289,5,2,2019-01-28 08:21:55, 플스 대란을 맞이하는 자세 ,5876,13,0,0
2019-01-28 22:22:00.869488,13103289,5,2,2019-01-28 08:21:55, 플스 대란을 맞이하는 자세 ,5880,4,0,0
2019-01-28 23:22:06.039896,13103289,5,2,2019-01-28 08:21:55, 플스 대란을 맞이하는 자세 ,5887,7,0,0
2019-01-29 00:21:58.157409,13103289,5,2,2019-01-28 08:21:55, 플스 대란을 맞이하는 자세 ,5893,6,0,0
2019-01-29 01:22:03.279463,13103289,5,2,2019-01-28 08:21:55, 플스 대란을 맞이하는 자세 ,5897,4,0,0
2019-01-29 02:21:55.360443,13103289,5,2,2019-01-28 08:21:55, 플스 대란을 맞이하는 자세 ,5898,1,0,0
2019-01-29 03:22:00.493203,13103289,5,2,2019-01-28 08:21:55, 플스 대란을 맞이하는 자세 ,5901,3,0,0
2019-01-29 04:22:05.519760,13103289,5,2,2019-01-28 08:21:55, 플스 대란을 맞이하는 자세 ,5903,2,0,0
2019-01-29 05:21:57.534015,13103289,5,2,2019-01-28 08:21:55, 플스 대란을 맞이하는 자세 ,5905,2,0,0
2019-01-29 06:22:02.532429,13103289,5,2,2019-01-28 08:21:55, 플스 대란을 맞이하는 자세 ,5907,2,0,0
2019-01-29 07:22:07.545993,13103289,5,2,2019-01-28 08:21:55, 플스 대란을 맞이하는 자세 ,5910,3,0,0
2019-01-29 08:21:59.717329,13103289,5,2,2019-01-28 08:21:55, 플스 대란을 맞이하는 자세 ,5914,4,0,0
