check_time,id,post_reply,post_symph,post_time,post_title,post_view,post_view_diff,post_reply_diff,post_symph_diff
2019-01-24 09:47:19.906710,13088004,1,1,2019-01-24 08:47:15, 아이즈원 기프트카드 벌써 받으신분이 있나봐요 ,284,284,1,1
2019-01-24 10:47:24.918406,13088004,1,1,2019-01-24 08:47:15, 아이즈원 기프트카드 벌써 받으신분이 있나봐요 ,308,24,0,0
2019-01-24 11:47:17.180547,13088004,1,1,2019-01-24 08:47:15, 아이즈원 기프트카드 벌써 받으신분이 있나봐요 ,323,15,0,0
2019-01-24 12:47:22.406110,13088004,1,1,2019-01-24 08:47:15, 아이즈원 기프트카드 벌써 받으신분이 있나봐요 ,340,17,0,0
2019-01-24 13:47:27.464985,13088004,1,1,2019-01-24 08:47:15, 아이즈원 기프트카드 벌써 받으신분이 있나봐요 ,345,5,0,0
2019-01-24 14:47:19.432209,13088004,1,1,2019-01-24 08:47:15, 아이즈원 기프트카드 벌써 받으신분이 있나봐요 ,349,4,0,0
2019-01-24 15:47:24.463554,13088004,1,1,2019-01-24 08:47:15, 아이즈원 기프트카드 벌써 받으신분이 있나봐요 ,359,10,0,0
2019-01-24 16:47:16.591287,13088004,1,1,2019-01-24 08:47:15, 아이즈원 기프트카드 벌써 받으신분이 있나봐요 ,362,3,0,0
2019-01-24 17:47:21.623922,13088004,1,1,2019-01-24 08:47:15, 아이즈원 기프트카드 벌써 받으신분이 있나봐요 ,365,3,0,0
2019-01-24 18:47:26.645335,13088004,1,1,2019-01-24 08:47:15, 아이즈원 기프트카드 벌써 받으신분이 있나봐요 ,367,2,0,0
2019-01-24 19:47:19.229549,13088004,1,1,2019-01-24 08:47:15, 아이즈원 기프트카드 벌써 받으신분이 있나봐요 ,370,3,0,0
2019-01-24 20:47:24.281979,13088004,1,1,2019-01-24 08:47:15, 아이즈원 기프트카드 벌써 받으신분이 있나봐요 ,377,7,0,0
2019-01-24 21:47:16.349130,13088004,1,1,2019-01-24 08:47:15, 아이즈원 기프트카드 벌써 받으신분이 있나봐요 ,380,3,0,0
2019-01-24 22:47:21.428967,13088004,1,1,2019-01-24 08:47:15, 아이즈원 기프트카드 벌써 받으신분이 있나봐요 ,384,4,0,0
2019-01-24 23:47:26.452109,13088004,1,1,2019-01-24 08:47:15, 아이즈원 기프트카드 벌써 받으신분이 있나봐요 ,385,1,0,0
2019-01-25 00:47:18.514144,13088004,1,1,2019-01-24 08:47:15, 아이즈원 기프트카드 벌써 받으신분이 있나봐요 ,389,4,0,0
2019-01-25 01:47:23.738904,13088004,1,1,2019-01-24 08:47:15, 아이즈원 기프트카드 벌써 받으신분이 있나봐요 ,391,2,0,0
2019-01-25 02:47:15.850312,13088004,1,1,2019-01-24 08:47:15, 아이즈원 기프트카드 벌써 받으신분이 있나봐요 ,395,4,0,0
2019-01-25 03:47:20.902133,13088004,1,1,2019-01-24 08:47:15, 아이즈원 기프트카드 벌써 받으신분이 있나봐요 ,396,1,0,0
2019-01-25 04:47:26.015996,13088004,1,1,2019-01-24 08:47:15, 아이즈원 기프트카드 벌써 받으신분이 있나봐요 ,397,1,0,0
2019-01-25 05:47:18.250534,13088004,1,1,2019-01-24 08:47:15, 아이즈원 기프트카드 벌써 받으신분이 있나봐요 ,399,2,0,0
2019-01-25 06:47:23.210469,13088004,1,1,2019-01-24 08:47:15, 아이즈원 기프트카드 벌써 받으신분이 있나봐요 ,400,1,0,0
2019-01-25 07:47:15.203283,13088004,1,1,2019-01-24 08:47:15, 아이즈원 기프트카드 벌써 받으신분이 있나봐요 ,402,2,0,0
2019-01-25 08:47:20.227391,13088004,1,1,2019-01-24 08:47:15, 아이즈원 기프트카드 벌써 받으신분이 있나봐요 ,403,1,0,0
