check_time,id,post_reply,post_symph,post_time,post_title,post_view,post_view_diff,post_reply_diff,post_symph_diff
2019-01-28 09:05:53.219979,13103264,21,0,2019-01-28 08:05:52, 캐나다 팁 ,1794,1794,21,0
2019-01-28 10:05:58.237289,13103264,22,0,2019-01-28 08:05:52, 캐나다 팁 ,2142,348,1,0
2019-01-28 11:06:03.308894,13103264,23,0,2019-01-28 08:05:52, 캐나다 팁 ,2278,136,1,0
2019-01-28 12:05:55.453776,13103264,23,0,2019-01-28 08:05:52, 캐나다 팁 ,2343,65,0,0
2019-01-28 13:06:00.628711,13103264,23,0,2019-01-28 08:05:52, 캐나다 팁 ,2408,65,0,0
2019-01-28 14:05:52.985684,13103264,23,0,2019-01-28 08:05:52, 캐나다 팁 ,2440,32,0,0
2019-01-28 15:05:58.083576,13103264,23,0,2019-01-28 08:05:52, 캐나다 팁 ,2465,25,0,0
2019-01-28 16:06:03.123134,13103264,23,0,2019-01-28 08:05:52, 캐나다 팁 ,2481,16,0,0
2019-01-28 17:05:55.262890,13103264,23,0,2019-01-28 08:05:52, 캐나다 팁 ,2492,11,0,0
2019-01-28 18:06:00.334428,13103264,23,0,2019-01-28 08:05:52, 캐나다 팁 ,2500,8,0,0
2019-01-28 19:05:52.482182,13103264,23,0,2019-01-28 08:05:52, 캐나다 팁 ,2505,5,0,0
2019-01-28 20:05:57.638280,13103264,23,0,2019-01-28 08:05:52, 캐나다 팁 ,2509,4,0,0
2019-01-28 21:06:02.690269,13103264,23,0,2019-01-28 08:05:52, 캐나다 팁 ,2513,4,0,0
2019-01-28 22:05:54.731240,13103264,23,0,2019-01-28 08:05:52, 캐나다 팁 ,2514,1,0,0
2019-01-28 23:06:00.142165,13103264,23,0,2019-01-28 08:05:52, 캐나다 팁 ,2518,4,0,0
2019-01-29 00:05:52.287064,13103264,23,0,2019-01-28 08:05:52, 캐나다 팁 ,2524,6,0,0
2019-01-29 01:05:57.366519,13103264,23,0,2019-01-28 08:05:52, 캐나다 팁 ,2526,2,0,0
2019-01-29 02:06:02.490127,13103264,23,0,2019-01-28 08:05:52, 캐나다 팁 ,2529,3,0,0
2019-01-29 03:05:54.688623,13103264,23,0,2019-01-28 08:05:52, 캐나다 팁 ,2533,4,0,0
2019-01-29 04:05:59.774608,13103264,23,0,2019-01-28 08:05:52, 캐나다 팁 ,2536,3,0,0
2019-01-29 05:06:04.786112,13103264,23,0,2019-01-28 08:05:52, 캐나다 팁 ,2540,4,0,0
2019-01-29 06:05:56.808046,13103264,23,0,2019-01-28 08:05:52, 캐나다 팁 ,2541,1,0,0
2019-01-29 07:06:02.110794,13103264,23,0,2019-01-28 08:05:52, 캐나다 팁 ,2544,3,0,0
2019-01-29 08:05:54.123548,13103264,23,0,2019-01-28 08:05:52, 캐나다 팁 ,2549,5,0,0
