check_time,id,post_reply,post_symph,post_time,post_title,post_view,post_view_diff,post_reply_diff,post_symph_diff
2019-01-29 09:47:24.862004,13107124,4,0,2019-01-29 08:47:18, 케이스 하나 산거 이건 정말 무겁네요 ,1729,1729,4,0
2019-01-29 10:47:30.186522,13107124,4,0,2019-01-29 08:47:18, 케이스 하나 산거 이건 정말 무겁네요 ,1919,190,0,0
2019-01-29 11:47:22.326361,13107124,4,0,2019-01-29 08:47:18, 케이스 하나 산거 이건 정말 무겁네요 ,1960,41,0,0
2019-01-29 12:47:27.615854,13107124,4,0,2019-01-29 08:47:18, 케이스 하나 산거 이건 정말 무겁네요 ,1991,31,0,0
2019-01-29 13:47:19.649738,13107124,4,0,2019-01-29 08:47:18, 케이스 하나 산거 이건 정말 무겁네요 ,2002,11,0,0
2019-01-29 14:47:24.763458,13107124,4,0,2019-01-29 08:47:18, 케이스 하나 산거 이건 정말 무겁네요 ,2009,7,0,0
2019-01-29 15:47:29.876902,13107124,4,0,2019-01-29 08:47:18, 케이스 하나 산거 이건 정말 무겁네요 ,2017,8,0,0
2019-01-29 16:47:22.055448,13107124,4,0,2019-01-29 08:47:18, 케이스 하나 산거 이건 정말 무겁네요 ,2024,7,0,0
2019-01-29 17:47:27.400475,13107124,4,0,2019-01-29 08:47:18, 케이스 하나 산거 이건 정말 무겁네요 ,2031,7,0,0
2019-01-29 18:47:19.427104,13107124,4,0,2019-01-29 08:47:18, 케이스 하나 산거 이건 정말 무겁네요 ,2034,3,0,0
2019-01-29 19:47:24.501221,13107124,4,0,2019-01-29 08:47:18, 케이스 하나 산거 이건 정말 무겁네요 ,2035,1,0,0
2019-01-29 20:47:29.518503,13107124,4,0,2019-01-29 08:47:18, 케이스 하나 산거 이건 정말 무겁네요 ,2038,3,0,0
2019-01-29 21:47:21.926640,13107124,4,0,2019-01-29 08:47:18, 케이스 하나 산거 이건 정말 무겁네요 ,2040,2,0,0
2019-01-29 22:47:26.966212,13107124,4,0,2019-01-29 08:47:18, 케이스 하나 산거 이건 정말 무겁네요 ,2045,5,0,0
2019-01-29 23:47:18.994015,13107124,4,0,2019-01-29 08:47:18, 케이스 하나 산거 이건 정말 무겁네요 ,2046,1,0,0
2019-01-30 00:47:24.058076,13107124,4,0,2019-01-29 08:47:18, 케이스 하나 산거 이건 정말 무겁네요 ,2050,4,0,0
2019-01-30 01:47:29.125685,13107124,4,0,2019-01-29 08:47:18, 케이스 하나 산거 이건 정말 무겁네요 ,2051,1,0,0
2019-01-30 02:47:21.360248,13107124,4,0,2019-01-29 08:47:18, 케이스 하나 산거 이건 정말 무겁네요 ,2052,1,0,0
2019-01-30 03:47:26.650758,13107124,4,0,2019-01-29 08:47:18, 케이스 하나 산거 이건 정말 무겁네요 ,2053,1,0,0
2019-01-30 04:47:18.703593,13107124,4,0,2019-01-29 08:47:18, 케이스 하나 산거 이건 정말 무겁네요 ,2055,2,0,0
2019-01-30 05:47:23.900480,13107124,4,0,2019-01-29 08:47:18, 케이스 하나 산거 이건 정말 무겁네요 ,2057,2,0,0
2019-01-30 06:47:28.936756,13107124,4,0,2019-01-29 08:47:18, 케이스 하나 산거 이건 정말 무겁네요 ,2058,1,0,0
2019-01-30 07:47:21.757776,13107124,4,0,2019-01-29 08:47:18, 케이스 하나 산거 이건 정말 무겁네요 ,2059,1,0,0
2019-01-30 08:47:26.840012,13107124,4,0,2019-01-29 08:47:18, 케이스 하나 산거 이건 정말 무겁네요 ,2062,3,0,0
