check_time,id,post_reply,post_symph,post_time,post_title,post_view,post_view_diff,post_reply_diff,post_symph_diff
2019-01-28 09:36:12.389518,13103318,10,1,2019-01-28 08:36:10, 친구님이 캐나다 생활 8년만에 시민권을 받았다네요. ,3288,3288,10,1
2019-01-28 10:36:17.476264,13103318,10,1,2019-01-28 08:36:10, 친구님이 캐나다 생활 8년만에 시민권을 받았다네요. ,3853,565,0,0
2019-01-28 11:36:22.521114,13103318,10,1,2019-01-28 08:36:10, 친구님이 캐나다 생활 8년만에 시민권을 받았다네요. ,4099,246,0,0
2019-01-28 12:36:14.628277,13103318,10,1,2019-01-28 08:36:10, 친구님이 캐나다 생활 8년만에 시민권을 받았다네요. ,4253,154,0,0
2019-01-28 13:36:19.722958,13103318,10,1,2019-01-28 08:36:10, 친구님이 캐나다 생활 8년만에 시민권을 받았다네요. ,4366,113,0,0
2019-01-28 14:36:11.802745,13103318,10,1,2019-01-28 08:36:10, 친구님이 캐나다 생활 8년만에 시민권을 받았다네요. ,4406,40,0,0
2019-01-28 15:36:16.867530,13103318,10,1,2019-01-28 08:36:10, 친구님이 캐나다 생활 8년만에 시민권을 받았다네요. ,4429,23,0,0
2019-01-28 16:36:21.887017,13103318,10,1,2019-01-28 08:36:10, 친구님이 캐나다 생활 8년만에 시민권을 받았다네요. ,4443,14,0,0
2019-01-28 17:36:14.034460,13103318,10,1,2019-01-28 08:36:10, 친구님이 캐나다 생활 8년만에 시민권을 받았다네요. ,4457,14,0,0
2019-01-28 18:36:19.097095,13103318,10,1,2019-01-28 08:36:10, 친구님이 캐나다 생활 8년만에 시민권을 받았다네요. ,4469,12,0,0
2019-01-28 19:36:11.124794,13103318,10,1,2019-01-28 08:36:10, 친구님이 캐나다 생활 8년만에 시민권을 받았다네요. ,4480,11,0,0
2019-01-28 20:36:16.136720,13103318,10,1,2019-01-28 08:36:10, 친구님이 캐나다 생활 8년만에 시민권을 받았다네요. ,4490,10,0,0
2019-01-28 21:36:21.097022,13103318,10,1,2019-01-28 08:36:10, 친구님이 캐나다 생활 8년만에 시민권을 받았다네요. ,4494,4,0,0
2019-01-28 22:36:13.177254,13103318,10,1,2019-01-28 08:36:10, 친구님이 캐나다 생활 8년만에 시민권을 받았다네요. ,4502,8,0,0
2019-01-28 23:36:18.270109,13103318,10,1,2019-01-28 08:36:10, 친구님이 캐나다 생활 8년만에 시민권을 받았다네요. ,4507,5,0,0
2019-01-29 00:36:10.320482,13103318,10,1,2019-01-28 08:36:10, 친구님이 캐나다 생활 8년만에 시민권을 받았다네요. ,4511,4,0,0
2019-01-29 01:36:15.361566,13103318,10,1,2019-01-28 08:36:10, 친구님이 캐나다 생활 8년만에 시민권을 받았다네요. ,4515,4,0,0
2019-01-29 02:36:20.427368,13103318,10,1,2019-01-28 08:36:10, 친구님이 캐나다 생활 8년만에 시민권을 받았다네요. ,4519,4,0,0
2019-01-29 03:36:12.455264,13103318,10,1,2019-01-28 08:36:10, 친구님이 캐나다 생활 8년만에 시민권을 받았다네요. ,4522,3,0,0
2019-01-29 04:36:17.494933,13103318,10,1,2019-01-28 08:36:10, 친구님이 캐나다 생활 8년만에 시민권을 받았다네요. ,4523,1,0,0
2019-01-29 05:36:22.522117,13103318,10,1,2019-01-28 08:36:10, 친구님이 캐나다 생활 8년만에 시민권을 받았다네요. ,4527,4,0,0
2019-01-29 06:36:14.716676,13103318,10,1,2019-01-28 08:36:10, 친구님이 캐나다 생활 8년만에 시민권을 받았다네요. ,4528,1,0,0
2019-01-29 07:36:19.766259,13103318,10,1,2019-01-28 08:36:10, 친구님이 캐나다 생활 8년만에 시민권을 받았다네요. ,4531,3,0,0
2019-01-29 08:36:11.774290,13103318,10,1,2019-01-28 08:36:10, 친구님이 캐나다 생활 8년만에 시민권을 받았다네요. ,4535,4,0,0
