check_time,id,post_reply,post_symph,post_time,post_title,post_view,post_view_diff,post_reply_diff,post_symph_diff
2019-01-28 09:52:02.256247,13103357,6,0,2019-01-28 08:52:00, 경기도 양평에는 밤사이 눈이 조금 내렸습니다. ,468,468,6,0
2019-01-28 10:52:07.365832,13103357,6,0,2019-01-28 08:52:00, 경기도 양평에는 밤사이 눈이 조금 내렸습니다. ,521,53,0,0
2019-01-28 11:52:12.449601,13103357,6,0,2019-01-28 08:52:00, 경기도 양평에는 밤사이 눈이 조금 내렸습니다. ,548,27,0,0
2019-01-28 12:52:04.567797,13103357,6,0,2019-01-28 08:52:00, 경기도 양평에는 밤사이 눈이 조금 내렸습니다. ,559,11,0,0
2019-01-28 13:52:09.737365,13103357,6,0,2019-01-28 08:52:00, 경기도 양평에는 밤사이 눈이 조금 내렸습니다. ,570,11,0,0
2019-01-28 14:52:01.869185,13103357,6,0,2019-01-28 08:52:00, 경기도 양평에는 밤사이 눈이 조금 내렸습니다. ,575,5,0,0
2019-01-28 15:52:06.957081,13103357,6,0,2019-01-28 08:52:00, 경기도 양평에는 밤사이 눈이 조금 내렸습니다. ,580,5,0,0
2019-01-28 16:52:12.040060,13103357,6,0,2019-01-28 08:52:00, 경기도 양평에는 밤사이 눈이 조금 내렸습니다. ,583,3,0,0
2019-01-28 17:52:04.110309,13103357,6,0,2019-01-28 08:52:00, 경기도 양평에는 밤사이 눈이 조금 내렸습니다. ,585,2,0,0
2019-01-28 18:52:09.215139,13103357,6,0,2019-01-28 08:52:00, 경기도 양평에는 밤사이 눈이 조금 내렸습니다. ,585,0,0,0
2019-01-28 19:52:01.606860,13103357,6,0,2019-01-28 08:52:00, 경기도 양평에는 밤사이 눈이 조금 내렸습니다. ,588,3,0,0
2019-01-28 20:52:06.789016,13103357,6,0,2019-01-28 08:52:00, 경기도 양평에는 밤사이 눈이 조금 내렸습니다. ,591,3,0,0
2019-01-28 21:52:11.833857,13103357,6,0,2019-01-28 08:52:00, 경기도 양평에는 밤사이 눈이 조금 내렸습니다. ,593,2,0,0
2019-01-28 22:52:04.097071,13103357,6,0,2019-01-28 08:52:00, 경기도 양평에는 밤사이 눈이 조금 내렸습니다. ,595,2,0,0
2019-01-28 23:52:09.155441,13103357,6,0,2019-01-28 08:52:00, 경기도 양평에는 밤사이 눈이 조금 내렸습니다. ,597,2,0,0
2019-01-29 00:52:01.327330,13103357,6,0,2019-01-28 08:52:00, 경기도 양평에는 밤사이 눈이 조금 내렸습니다. ,599,2,0,0
2019-01-29 01:52:06.583751,13103357,6,0,2019-01-28 08:52:00, 경기도 양평에는 밤사이 눈이 조금 내렸습니다. ,601,2,0,0
2019-01-29 02:52:11.650466,13103357,6,0,2019-01-28 08:52:00, 경기도 양평에는 밤사이 눈이 조금 내렸습니다. ,602,1,0,0
2019-01-29 03:52:03.717308,13103357,6,0,2019-01-28 08:52:00, 경기도 양평에는 밤사이 눈이 조금 내렸습니다. ,604,2,0,0
2019-01-29 04:52:08.733178,13103357,6,0,2019-01-28 08:52:00, 경기도 양평에는 밤사이 눈이 조금 내렸습니다. ,607,3,0,0
2019-01-29 05:52:00.834318,13103357,6,0,2019-01-28 08:52:00, 경기도 양평에는 밤사이 눈이 조금 내렸습니다. ,608,1,0,0
2019-01-29 06:52:05.890733,13103357,6,0,2019-01-28 08:52:00, 경기도 양평에는 밤사이 눈이 조금 내렸습니다. ,609,1,0,0
2019-01-29 07:52:10.973717,13103357,6,0,2019-01-28 08:52:00, 경기도 양평에는 밤사이 눈이 조금 내렸습니다. ,610,1,0,0
2019-01-29 08:52:03.020660,13103357,6,0,2019-01-28 08:52:00, 경기도 양평에는 밤사이 눈이 조금 내렸습니다. ,613,3,0,0
