check_time,id,post_reply,post_symph,post_time,post_title,post_view,post_view_diff,post_reply_diff,post_symph_diff
2019-01-30 09:10:29.860145,13110693,6,2,2019-01-30 08:10:26," GS25 나만의 냉장고, 버터갈릭 팝콘 나눔합니다 ",652,652,6,2
2019-01-30 10:10:34.886662,13110693,6,2,2019-01-30 08:10:26," GS25 나만의 냉장고, 버터갈릭 팝콘 나눔합니다 ",732,80,0,0
2019-01-30 11:10:26.886616,13110693,6,2,2019-01-30 08:10:26," GS25 나만의 냉장고, 버터갈릭 팝콘 나눔합니다 ",754,22,0,0
2019-01-30 12:10:31.954583,13110693,6,2,2019-01-30 08:10:26," GS25 나만의 냉장고, 버터갈릭 팝콘 나눔합니다 ",769,15,0,0
2019-01-30 13:10:36.993526,13110693,6,2,2019-01-30 08:10:26," GS25 나만의 냉장고, 버터갈릭 팝콘 나눔합니다 ",776,7,0,0
2019-01-30 14:10:29.032457,13110693,6,2,2019-01-30 08:10:26," GS25 나만의 냉장고, 버터갈릭 팝콘 나눔합니다 ",778,2,0,0
2019-01-30 15:10:34.032630,13110693,6,2,2019-01-30 08:10:26," GS25 나만의 냉장고, 버터갈릭 팝콘 나눔합니다 ",784,6,0,0
2019-01-30 16:10:26.032491,13110693,6,2,2019-01-30 08:10:26," GS25 나만의 냉장고, 버터갈릭 팝콘 나눔합니다 ",785,1,0,0
2019-01-30 17:10:31.070371,13110693,6,2,2019-01-30 08:10:26," GS25 나만의 냉장고, 버터갈릭 팝콘 나눔합니다 ",788,3,0,0
2019-01-30 18:10:36.183867,13110693,6,2,2019-01-30 08:10:26," GS25 나만의 냉장고, 버터갈릭 팝콘 나눔합니다 ",789,1,0,0
2019-01-30 19:10:28.179492,13110693,6,2,2019-01-30 08:10:26," GS25 나만의 냉장고, 버터갈릭 팝콘 나눔합니다 ",790,1,0,0
2019-01-30 20:10:33.236169,13110693,6,2,2019-01-30 08:10:26," GS25 나만의 냉장고, 버터갈릭 팝콘 나눔합니다 ",792,2,0,0
2019-01-30 21:10:38.270986,13110693,6,2,2019-01-30 08:10:26," GS25 나만의 냉장고, 버터갈릭 팝콘 나눔합니다 ",795,3,0,0
2019-01-30 22:10:30.396734,13110693,6,2,2019-01-30 08:10:26," GS25 나만의 냉장고, 버터갈릭 팝콘 나눔합니다 ",796,1,0,0
2019-01-30 23:10:35.453136,13110693,6,2,2019-01-30 08:10:26," GS25 나만의 냉장고, 버터갈릭 팝콘 나눔합니다 ",797,1,0,0
2019-01-31 00:10:27.480279,13110693,6,2,2019-01-30 08:10:26," GS25 나만의 냉장고, 버터갈릭 팝콘 나눔합니다 ",798,1,0,0
2019-01-31 01:10:32.523533,13110693,6,2,2019-01-30 08:10:26," GS25 나만의 냉장고, 버터갈릭 팝콘 나눔합니다 ",802,4,0,0
2019-01-31 02:10:37.899304,13110693,6,2,2019-01-30 08:10:26," GS25 나만의 냉장고, 버터갈릭 팝콘 나눔합니다 ",803,1,0,0
2019-01-31 03:10:29.978808,13110693,6,2,2019-01-30 08:10:26," GS25 나만의 냉장고, 버터갈릭 팝콘 나눔합니다 ",804,1,0,0
2019-01-31 04:10:35.051662,13110693,6,2,2019-01-30 08:10:26," GS25 나만의 냉장고, 버터갈릭 팝콘 나눔합니다 ",806,2,0,0
2019-01-31 05:10:27.122164,13110693,6,2,2019-01-30 08:10:26," GS25 나만의 냉장고, 버터갈릭 팝콘 나눔합니다 ",808,2,0,0
2019-01-31 06:10:32.195215,13110693,6,2,2019-01-30 08:10:26," GS25 나만의 냉장고, 버터갈릭 팝콘 나눔합니다 ",809,1,0,0
2019-01-31 07:10:37.346329,13110693,6,2,2019-01-30 08:10:26," GS25 나만의 냉장고, 버터갈릭 팝콘 나눔합니다 ",810,1,0,0
2019-01-31 08:10:26.451091,13110693,6,2,2019-01-30 08:10:26," GS25 나만의 냉장고, 버터갈릭 팝콘 나눔합니다 ",811,1,0,0
