check_time,id,post_reply,post_symph,post_time,post_title,post_view,post_view_diff,post_reply_diff,post_symph_diff
2019-01-24 09:42:12.927931,13087987,9,42,2019-01-24 08:42:04, 릴레이533일)장충기 삼성공화국과 적폐청산 그날까지!!! ,208,208,9,42
2019-01-24 10:42:05.071056,13087987,11,48,2019-01-24 08:42:04, 릴레이533일)장충기 삼성공화국과 적폐청산 그날까지!!! ,271,63,2,6
2019-01-24 11:42:10.296381,13087987,11,49,2019-01-24 08:42:04, 릴레이533일)장충기 삼성공화국과 적폐청산 그날까지!!! ,322,51,0,1
2019-01-24 12:42:15.493384,13087987,12,52,2019-01-24 08:42:04, 릴레이533일)장충기 삼성공화국과 적폐청산 그날까지!!! ,380,58,1,3
2019-01-24 13:42:07.667957,13087987,13,55,2019-01-24 08:42:04, 릴레이533일)장충기 삼성공화국과 적폐청산 그날까지!!! ,416,36,1,3
2019-01-24 14:42:13.176355,13087987,13,57,2019-01-24 08:42:04, 릴레이533일)장충기 삼성공화국과 적폐청산 그날까지!!! ,456,40,0,2
2019-01-24 15:42:05.293112,13087987,13,59,2019-01-24 08:42:04, 릴레이533일)장충기 삼성공화국과 적폐청산 그날까지!!! ,489,33,0,2
2019-01-24 16:42:10.599057,13087987,13,59,2019-01-24 08:42:04, 릴레이533일)장충기 삼성공화국과 적폐청산 그날까지!!! ,525,36,0,0
2019-01-24 17:42:15.949636,13087987,15,61,2019-01-24 08:42:04, 릴레이533일)장충기 삼성공화국과 적폐청산 그날까지!!! ,545,20,2,2
2019-01-24 18:42:08.128744,13087987,15,63,2019-01-24 08:42:04, 릴레이533일)장충기 삼성공화국과 적폐청산 그날까지!!! ,557,12,0,2
2019-01-24 19:42:13.289669,13087987,15,64,2019-01-24 08:42:04, 릴레이533일)장충기 삼성공화국과 적폐청산 그날까지!!! ,570,13,0,1
2019-01-24 20:42:05.475315,13087987,15,64,2019-01-24 08:42:04, 릴레이533일)장충기 삼성공화국과 적폐청산 그날까지!!! ,575,5,0,0
2019-01-24 21:42:10.789393,13087987,15,65,2019-01-24 08:42:04, 릴레이533일)장충기 삼성공화국과 적폐청산 그날까지!!! ,585,10,0,1
2019-01-24 22:42:16.221277,13087987,15,67,2019-01-24 08:42:04, 릴레이533일)장충기 삼성공화국과 적폐청산 그날까지!!! ,591,6,0,2
2019-01-24 23:42:08.414059,13087987,15,68,2019-01-24 08:42:04, 릴레이533일)장충기 삼성공화국과 적폐청산 그날까지!!! ,594,3,0,1
2019-01-25 00:42:13.854113,13087987,15,68,2019-01-24 08:42:04, 릴레이533일)장충기 삼성공화국과 적폐청산 그날까지!!! ,603,9,0,0
2019-01-25 01:42:06.190151,13087987,15,68,2019-01-24 08:42:04, 릴레이533일)장충기 삼성공화국과 적폐청산 그날까지!!! ,609,6,0,0
2019-01-25 02:42:11.659531,13087987,15,68,2019-01-24 08:42:04, 릴레이533일)장충기 삼성공화국과 적폐청산 그날까지!!! ,616,7,0,0
2019-01-25 03:42:16.911790,13087987,15,68,2019-01-24 08:42:04, 릴레이533일)장충기 삼성공화국과 적폐청산 그날까지!!! ,618,2,0,0
2019-01-25 04:42:09.504266,13087987,15,68,2019-01-24 08:42:04, 릴레이533일)장충기 삼성공화국과 적폐청산 그날까지!!! ,625,7,0,0
2019-01-25 05:42:15.070045,13087987,15,68,2019-01-24 08:42:04, 릴레이533일)장충기 삼성공화국과 적폐청산 그날까지!!! ,627,2,0,0
2019-01-25 06:42:07.621266,13087987,15,68,2019-01-24 08:42:04, 릴레이533일)장충기 삼성공화국과 적폐청산 그날까지!!! ,630,3,0,0
2019-01-25 07:42:13.218280,13087987,15,68,2019-01-24 08:42:04, 릴레이533일)장충기 삼성공화국과 적폐청산 그날까지!!! ,635,5,0,0
2019-01-25 08:42:05.720182,13087987,15,68,2019-01-24 08:42:04, 릴레이533일)장충기 삼성공화국과 적폐청산 그날까지!!! ,639,4,0,0
