check_time,id,post_reply,post_symph,post_time,post_title,post_view,post_view_diff,post_reply_diff,post_symph_diff
2019-01-27 09:16:00.802315,13100253,6,0,2019-01-27 08:15:57, 출소한 좀비들.gif ,4517,4517,6,0
2019-01-27 10:16:05.825286,13100253,6,0,2019-01-27 08:15:57, 출소한 좀비들.gif ,7092,2575,0,0
2019-01-27 11:15:57.866801,13100253,6,0,2019-01-27 08:15:57, 출소한 좀비들.gif ,8512,1420,0,0
2019-01-27 12:16:03.142329,13100253,6,0,2019-01-27 08:15:57, 출소한 좀비들.gif ,9191,679,0,0
2019-01-27 13:16:08.246773,13100253,6,0,2019-01-27 08:15:57, 출소한 좀비들.gif ,9418,227,0,0
2019-01-27 14:16:00.413111,13100253,6,0,2019-01-27 08:15:57, 출소한 좀비들.gif ,9606,188,0,0
2019-01-27 15:16:05.485940,13100253,6,0,2019-01-27 08:15:57, 출소한 좀비들.gif ,9714,108,0,0
2019-01-27 16:15:57.530649,13100253,6,0,2019-01-27 08:15:57, 출소한 좀비들.gif ,9788,74,0,0
2019-01-27 17:16:02.592763,13100253,6,0,2019-01-27 08:15:57, 출소한 좀비들.gif ,9848,60,0,0
2019-01-27 18:16:07.757791,13100253,6,0,2019-01-27 08:15:57, 출소한 좀비들.gif ,9885,37,0,0
2019-01-27 19:15:59.859255,13100253,6,0,2019-01-27 08:15:57, 출소한 좀비들.gif ,9924,39,0,0
2019-01-27 20:16:04.981095,13100253,6,0,2019-01-27 08:15:57, 출소한 좀비들.gif ,9954,30,0,0
2019-01-27 21:15:57.375283,13100253,6,0,2019-01-27 08:15:57, 출소한 좀비들.gif ,9970,16,0,0
2019-01-27 22:16:02.462277,13100253,6,0,2019-01-27 08:15:57, 출소한 좀비들.gif ,9979,9,0,0
2019-01-27 23:16:07.898536,13100253,6,0,2019-01-27 08:15:57, 출소한 좀비들.gif ,9994,15,0,0
2019-01-28 00:16:00.002399,13100253,6,0,2019-01-27 08:15:57, 출소한 좀비들.gif ,10007,13,0,0
2019-01-28 01:16:05.131269,13100253,6,0,2019-01-27 08:15:57, 출소한 좀비들.gif ,10032,25,0,0
2019-01-28 02:15:57.262355,13100253,6,0,2019-01-27 08:15:57, 출소한 좀비들.gif ,10039,7,0,0
2019-01-28 03:16:02.404276,13100253,6,0,2019-01-27 08:15:57, 출소한 좀비들.gif ,10045,6,0,0
2019-01-28 04:16:07.657890,13100253,6,0,2019-01-27 08:15:57, 출소한 좀비들.gif ,10049,4,0,0
2019-01-28 05:15:59.799686,13100253,6,0,2019-01-27 08:15:57, 출소한 좀비들.gif ,10052,3,0,0
2019-01-28 06:16:04.859730,13100253,6,0,2019-01-27 08:15:57, 출소한 좀비들.gif ,10055,3,0,0
2019-01-28 07:16:09.980347,13100253,6,0,2019-01-27 08:15:57, 출소한 좀비들.gif ,10059,4,0,0
2019-01-28 08:16:02.006854,13100253,6,0,2019-01-27 08:15:57, 출소한 좀비들.gif ,10065,6,0,0
