check_time,id,post_reply,post_symph,post_time,post_title,post_view,post_view_diff,post_reply_diff,post_symph_diff
2019-01-27 09:24:47.872584,13100259,9,0,2019-01-27 08:24:37, 보면 뜨악함 무조건 뜨악함 ,2695,2695,9,0
2019-01-27 10:24:39.969902,13100259,9,0,2019-01-27 08:24:37, 보면 뜨악함 무조건 뜨악함 ,3513,818,0,0
2019-01-27 11:24:45.273177,13100259,9,0,2019-01-27 08:24:37, 보면 뜨악함 무조건 뜨악함 ,3924,411,0,0
2019-01-27 12:24:37.329679,13100259,9,0,2019-01-27 08:24:37, 보면 뜨악함 무조건 뜨악함 ,4106,182,0,0
2019-01-27 13:24:42.413592,13100259,9,0,2019-01-27 08:24:37, 보면 뜨악함 무조건 뜨악함 ,4213,107,0,0
2019-01-27 14:24:47.497101,13100259,9,0,2019-01-27 08:24:37, 보면 뜨악함 무조건 뜨악함 ,4286,73,0,0
2019-01-27 15:24:39.585292,13100259,9,0,2019-01-27 08:24:37, 보면 뜨악함 무조건 뜨악함 ,4329,43,0,0
2019-01-27 16:24:44.636721,13100259,9,0,2019-01-27 08:24:37, 보면 뜨악함 무조건 뜨악함 ,4366,37,0,0
2019-01-27 17:24:49.663662,13100259,9,0,2019-01-27 08:24:37, 보면 뜨악함 무조건 뜨악함 ,4392,26,0,0
2019-01-27 18:24:41.756610,13100259,9,0,2019-01-27 08:24:37, 보면 뜨악함 무조건 뜨악함 ,4409,17,0,0
2019-01-27 19:24:46.785514,13100259,9,0,2019-01-27 08:24:37, 보면 뜨악함 무조건 뜨악함 ,4421,12,0,0
2019-01-27 20:24:38.898007,13100259,9,0,2019-01-27 08:24:37, 보면 뜨악함 무조건 뜨악함 ,4432,11,0,0
2019-01-27 21:24:44.230118,13100259,9,0,2019-01-27 08:24:37, 보면 뜨악함 무조건 뜨악함 ,4440,8,0,0
2019-01-27 22:24:49.420939,13100259,9,0,2019-01-27 08:24:37, 보면 뜨악함 무조건 뜨악함 ,4452,12,0,0
2019-01-27 23:24:41.531111,13100259,9,0,2019-01-27 08:24:37, 보면 뜨악함 무조건 뜨악함 ,4455,3,0,0
2019-01-28 00:24:46.679178,13100259,9,0,2019-01-27 08:24:37, 보면 뜨악함 무조건 뜨악함 ,4459,4,0,0
2019-01-28 01:24:38.810594,13100259,9,0,2019-01-27 08:24:37, 보면 뜨악함 무조건 뜨악함 ,4463,4,0,0
2019-01-28 02:24:43.959032,13100259,9,0,2019-01-27 08:24:37, 보면 뜨악함 무조건 뜨악함 ,4466,3,0,0
2019-01-28 03:24:49.103071,13100259,9,0,2019-01-27 08:24:37, 보면 뜨악함 무조건 뜨악함 ,4470,4,0,0
2019-01-28 04:24:41.293560,13100259,9,0,2019-01-27 08:24:37, 보면 뜨악함 무조건 뜨악함 ,4470,0,0,0
2019-01-28 05:24:46.618515,13100259,9,0,2019-01-27 08:24:37, 보면 뜨악함 무조건 뜨악함 ,4471,1,0,0
2019-01-28 06:24:38.653160,13100259,9,0,2019-01-27 08:24:37, 보면 뜨악함 무조건 뜨악함 ,4472,1,0,0
2019-01-28 07:24:43.821278,13100259,9,0,2019-01-27 08:24:37, 보면 뜨악함 무조건 뜨악함 ,4476,4,0,0
2019-01-28 08:24:48.894589,13100259,9,0,2019-01-27 08:24:37, 보면 뜨악함 무조건 뜨악함 ,4477,1,0,0
