check_time,id,post_reply,post_symph,post_time,post_title,post_view,post_view_diff,post_reply_diff,post_symph_diff
2019-01-26 09:46:57.602835,13097041,0,0,2019-01-26 08:46:54, 으아 빨리 퇴원하고 싶습니다 ,238,238,0,0
2019-01-26 10:46:59.720500,13097041,0,0,2019-01-26 08:46:54, 으아 빨리 퇴원하고 싶습니다 ,275,37,0,0
2019-01-26 11:47:04.865489,13097041,0,0,2019-01-26 08:46:54, 으아 빨리 퇴원하고 싶습니다 ,294,19,0,0
2019-01-26 12:46:57.024698,13097041,0,0,2019-01-26 08:46:54, 으아 빨리 퇴원하고 싶습니다 ,296,2,0,0
2019-01-26 13:47:02.343629,13097041,0,0,2019-01-26 08:46:54, 으아 빨리 퇴원하고 싶습니다 ,300,4,0,0
2019-01-26 14:46:54.457412,13097041,0,0,2019-01-26 08:46:54, 으아 빨리 퇴원하고 싶습니다 ,302,2,0,0
2019-01-26 15:46:59.522565,13097041,0,0,2019-01-26 08:46:54, 으아 빨리 퇴원하고 싶습니다 ,305,3,0,0
2019-01-26 16:47:04.654415,13097041,0,0,2019-01-26 08:46:54, 으아 빨리 퇴원하고 싶습니다 ,306,1,0,0
2019-01-26 17:46:56.800584,13097041,0,0,2019-01-26 08:46:54, 으아 빨리 퇴원하고 싶습니다 ,308,2,0,0
2019-01-26 18:47:01.919381,13097041,0,0,2019-01-26 08:46:54, 으아 빨리 퇴원하고 싶습니다 ,309,1,0,0
2019-01-26 19:46:54.050730,13097041,0,0,2019-01-26 08:46:54, 으아 빨리 퇴원하고 싶습니다 ,311,2,0,0
2019-01-26 20:46:59.077863,13097041,0,0,2019-01-26 08:46:54, 으아 빨리 퇴원하고 싶습니다 ,312,1,0,0
2019-01-26 21:47:04.141172,13097041,0,0,2019-01-26 08:46:54, 으아 빨리 퇴원하고 싶습니다 ,313,1,0,0
2019-01-26 22:46:56.183663,13097041,0,0,2019-01-26 08:46:54, 으아 빨리 퇴원하고 싶습니다 ,314,1,0,0
2019-01-26 23:47:01.185574,13097041,0,0,2019-01-26 08:46:54, 으아 빨리 퇴원하고 싶습니다 ,316,2,0,0
2019-01-27 00:47:06.221253,13097041,0,0,2019-01-26 08:46:54, 으아 빨리 퇴원하고 싶습니다 ,319,3,0,0
2019-01-27 01:46:58.287404,13097041,0,0,2019-01-26 08:46:54, 으아 빨리 퇴원하고 싶습니다 ,322,3,0,0
2019-01-27 02:47:03.386713,13097041,0,0,2019-01-26 08:46:54, 으아 빨리 퇴원하고 싶습니다 ,324,2,0,0
2019-01-27 03:46:55.558661,13097041,0,0,2019-01-26 08:46:54, 으아 빨리 퇴원하고 싶습니다 ,325,1,0,0
2019-01-27 04:47:00.610730,13097041,0,0,2019-01-26 08:46:54, 으아 빨리 퇴원하고 싶습니다 ,327,2,0,0
2019-01-27 05:47:05.637164,13097041,0,0,2019-01-26 08:46:54, 으아 빨리 퇴원하고 싶습니다 ,328,1,0,0
2019-01-27 06:46:57.676464,13097041,0,0,2019-01-26 08:46:54, 으아 빨리 퇴원하고 싶습니다 ,330,2,0,0
2019-01-27 07:47:02.676389,13097041,0,0,2019-01-26 08:46:54, 으아 빨리 퇴원하고 싶습니다 ,331,1,0,0
2019-01-27 08:46:54.654453,13097041,0,0,2019-01-26 08:46:54, 으아 빨리 퇴원하고 싶습니다 ,332,1,0,0
