check_time,id,post_reply,post_symph,post_time,post_title,post_view,post_view_diff,post_reply_diff,post_symph_diff
2019-01-26 09:26:20.593562,13097018,14,0,2019-01-26 08:26:10, 플스4 사려다가.. 타이틀가격보고 ,2052,2052,14,0
2019-01-26 10:26:12.857576,13097018,14,0,2019-01-26 08:26:10, 플스4 사려다가.. 타이틀가격보고 ,2559,507,0,0
2019-01-26 11:26:17.978409,13097018,14,0,2019-01-26 08:26:10, 플스4 사려다가.. 타이틀가격보고 ,2755,196,0,0
2019-01-26 12:26:10.061048,13097018,14,0,2019-01-26 08:26:10, 플스4 사려다가.. 타이틀가격보고 ,2840,85,0,0
2019-01-26 13:26:15.232914,13097018,14,0,2019-01-26 08:26:10, 플스4 사려다가.. 타이틀가격보고 ,2898,58,0,0
2019-01-26 14:26:20.394448,13097018,14,0,2019-01-26 08:26:10, 플스4 사려다가.. 타이틀가격보고 ,2920,22,0,0
2019-01-26 15:26:12.520440,13097018,14,0,2019-01-26 08:26:10, 플스4 사려다가.. 타이틀가격보고 ,2945,25,0,0
2019-01-26 16:26:17.642405,13097018,14,0,2019-01-26 08:26:10, 플스4 사려다가.. 타이틀가격보고 ,2960,15,0,0
2019-01-26 17:26:22.729329,13097018,14,0,2019-01-26 08:26:10, 플스4 사려다가.. 타이틀가격보고 ,2971,11,0,0
2019-01-26 18:26:14.760536,13097018,14,0,2019-01-26 08:26:10, 플스4 사려다가.. 타이틀가격보고 ,2977,6,0,0
2019-01-26 19:26:19.820473,13097018,14,0,2019-01-26 08:26:10, 플스4 사려다가.. 타이틀가격보고 ,2990,13,0,0
2019-01-26 20:26:12.057209,13097018,14,0,2019-01-26 08:26:10, 플스4 사려다가.. 타이틀가격보고 ,2997,7,0,0
2019-01-26 21:26:17.127288,13097018,14,0,2019-01-26 08:26:10, 플스4 사려다가.. 타이틀가격보고 ,3004,7,0,0
2019-01-26 22:26:22.150001,13097018,14,0,2019-01-26 08:26:10, 플스4 사려다가.. 타이틀가격보고 ,3008,4,0,0
2019-01-26 23:26:14.189661,13097018,14,0,2019-01-26 08:26:10, 플스4 사려다가.. 타이틀가격보고 ,3015,7,0,0
2019-01-27 00:26:19.386996,13097018,14,0,2019-01-26 08:26:10, 플스4 사려다가.. 타이틀가격보고 ,3017,2,0,0
2019-01-27 01:26:11.457672,13097018,14,0,2019-01-26 08:26:10, 플스4 사려다가.. 타이틀가격보고 ,3022,5,0,0
2019-01-27 02:26:16.547033,13097018,14,0,2019-01-26 08:26:10, 플스4 사려다가.. 타이틀가격보고 ,3024,2,0,0
2019-01-27 03:26:21.583715,13097018,14,0,2019-01-26 08:26:10, 플스4 사려다가.. 타이틀가격보고 ,3026,2,0,0
2019-01-27 04:26:13.614299,13097018,14,0,2019-01-26 08:26:10, 플스4 사려다가.. 타이틀가격보고 ,3029,3,0,0
2019-01-27 05:26:18.636663,13097018,14,0,2019-01-26 08:26:10, 플스4 사려다가.. 타이틀가격보고 ,3030,1,0,0
2019-01-27 06:26:10.667040,13097018,14,0,2019-01-26 08:26:10, 플스4 사려다가.. 타이틀가격보고 ,3033,3,0,0
2019-01-27 07:26:15.710270,13097018,14,0,2019-01-26 08:26:10, 플스4 사려다가.. 타이틀가격보고 ,3036,3,0,0
2019-01-27 08:26:20.723217,13097018,14,0,2019-01-26 08:26:10, 플스4 사려다가.. 타이틀가격보고 ,3038,2,0,0
