check_time,id,post_reply,post_symph,post_time,post_title,post_view,post_view_diff,post_reply_diff,post_symph_diff
2019-01-24 09:51:53.523819,13088017,22,2,2019-01-24 08:51:51, [혐] 팔도의 딸 ,5176,5176,22,2
2019-01-24 10:51:58.758686,13088017,23,2,2019-01-24 08:51:51, [혐] 팔도의 딸 ,5815,639,1,0
2019-01-24 11:52:03.772231,13088017,23,2,2019-01-24 08:51:51, [혐] 팔도의 딸 ,6258,443,0,0
2019-01-24 12:51:55.877189,13088017,23,2,2019-01-24 08:51:51, [혐] 팔도의 딸 ,6509,251,0,0
2019-01-24 13:52:01.031175,13088017,23,2,2019-01-24 08:51:51, [혐] 팔도의 딸 ,6631,122,0,0
2019-01-24 14:51:53.050896,13088017,23,2,2019-01-24 08:51:51, [혐] 팔도의 딸 ,6701,70,0,0
2019-01-24 15:51:58.047748,13088017,23,2,2019-01-24 08:51:51, [혐] 팔도의 딸 ,6751,50,0,0
2019-01-24 16:52:03.003731,13088017,23,2,2019-01-24 08:51:51, [혐] 팔도의 딸 ,6782,31,0,0
2019-01-24 17:51:55.008585,13088017,23,2,2019-01-24 08:51:51, [혐] 팔도의 딸 ,6801,19,0,0
2019-01-24 18:52:00.208339,13088017,23,2,2019-01-24 08:51:51, [혐] 팔도의 딸 ,6812,11,0,0
2019-01-24 19:51:52.199937,13088017,23,2,2019-01-24 08:51:51, [혐] 팔도의 딸 ,6818,6,0,0
2019-01-24 20:51:57.209191,13088017,23,2,2019-01-24 08:51:51, [혐] 팔도의 딸 ,6824,6,0,0
2019-01-24 21:52:02.217047,13088017,23,2,2019-01-24 08:51:51, [혐] 팔도의 딸 ,6847,23,0,0
2019-01-24 22:51:54.296357,13088017,23,2,2019-01-24 08:51:51, [혐] 팔도의 딸 ,6855,8,0,0
2019-01-24 23:51:59.466650,13088017,23,2,2019-01-24 08:51:51, [혐] 팔도의 딸 ,6860,5,0,0
2019-01-25 00:51:51.677013,13088017,23,2,2019-01-24 08:51:51, [혐] 팔도의 딸 ,6866,6,0,0
2019-01-25 01:51:56.738888,13088017,23,2,2019-01-24 08:51:51, [혐] 팔도의 딸 ,6875,9,0,0
2019-01-25 02:52:01.878941,13088017,23,2,2019-01-24 08:51:51, [혐] 팔도의 딸 ,6875,0,0,0
2019-01-25 03:51:53.880576,13088017,23,2,2019-01-24 08:51:51, [혐] 팔도의 딸 ,6879,4,0,0
2019-01-25 04:51:58.929092,13088017,23,2,2019-01-24 08:51:51, [혐] 팔도의 딸 ,6882,3,0,0
2019-01-25 05:52:03.924592,13088017,23,2,2019-01-24 08:51:51, [혐] 팔도의 딸 ,6883,1,0,0
2019-01-25 06:51:55.930861,13088017,23,2,2019-01-24 08:51:51, [혐] 팔도의 딸 ,6885,2,0,0
2019-01-25 07:52:00.986738,13088017,23,2,2019-01-24 08:51:51, [혐] 팔도의 딸 ,6888,3,0,0
2019-01-25 08:51:53.010547,13088017,23,2,2019-01-24 08:51:51, [혐] 팔도의 딸 ,6890,2,0,0
