check_time,id,post_reply,post_symph,post_time,post_title,post_view,post_view_diff,post_reply_diff,post_symph_diff
2019-01-25 09:52:11.740895,13092471,11,0,2019-01-25 08:52:07, 저희집 강아지가 하는일... ,1666,1666,11,0
2019-01-25 10:52:16.802024,13092471,11,0,2019-01-25 08:52:07, 저희집 강아지가 하는일... ,1816,150,0,0
2019-01-25 11:52:08.859819,13092471,11,0,2019-01-25 08:52:07, 저희집 강아지가 하는일... ,1867,51,0,0
2019-01-25 12:52:14.224958,13092471,11,0,2019-01-25 08:52:07, 저희집 강아지가 하는일... ,1895,28,0,0
2019-01-25 13:52:19.685641,13092471,11,0,2019-01-25 08:52:07, 저희집 강아지가 하는일... ,1913,18,0,0
2019-01-25 14:52:12.038082,13092471,11,0,2019-01-25 08:52:07, 저희집 강아지가 하는일... ,1928,15,0,0
2019-01-25 15:52:17.186788,13092471,11,0,2019-01-25 08:52:07, 저희집 강아지가 하는일... ,1933,5,0,0
2019-01-25 16:52:09.420838,13092471,11,0,2019-01-25 08:52:07, 저희집 강아지가 하는일... ,1937,4,0,0
2019-01-25 17:52:14.600971,13092471,11,0,2019-01-25 08:52:07, 저희집 강아지가 하는일... ,1939,2,0,0
2019-01-25 18:52:19.858350,13092471,11,0,2019-01-25 08:52:07, 저희집 강아지가 하는일... ,1943,4,0,0
2019-01-25 19:52:12.219743,13092471,11,0,2019-01-25 08:52:07, 저희집 강아지가 하는일... ,1948,5,0,0
2019-01-25 20:52:17.372926,13092471,11,0,2019-01-25 08:52:07, 저희집 강아지가 하는일... ,1952,4,0,0
2019-01-25 21:52:09.489427,13092471,11,0,2019-01-25 08:52:07, 저희집 강아지가 하는일... ,1958,6,0,0
2019-01-25 22:52:14.507194,13092471,11,0,2019-01-25 08:52:07, 저희집 강아지가 하는일... ,1964,6,0,0
2019-01-25 23:52:19.470743,13092471,11,0,2019-01-25 08:52:07, 저희집 강아지가 하는일... ,1966,2,0,0
2019-01-26 00:52:11.529131,13092471,11,0,2019-01-25 08:52:07, 저희집 강아지가 하는일... ,1967,1,0,0
2019-01-26 01:52:16.807312,13092471,11,0,2019-01-25 08:52:07, 저희집 강아지가 하는일... ,1968,1,0,0
2019-01-26 02:52:09.096954,13092471,11,0,2019-01-25 08:52:07, 저희집 강아지가 하는일... ,1969,1,0,0
2019-01-26 03:52:14.116350,13092471,11,0,2019-01-25 08:52:07, 저희집 강아지가 하는일... ,1971,2,0,0
2019-01-26 04:52:19.209953,13092471,11,0,2019-01-25 08:52:07, 저희집 강아지가 하는일... ,1973,2,0,0
2019-01-26 05:52:11.348500,13092471,11,0,2019-01-25 08:52:07, 저희집 강아지가 하는일... ,1975,2,0,0
2019-01-26 06:52:16.334187,13092471,11,0,2019-01-25 08:52:07, 저희집 강아지가 하는일... ,1977,2,0,0
2019-01-26 07:52:08.384959,13092471,11,0,2019-01-25 08:52:07, 저희집 강아지가 하는일... ,1978,1,0,0
2019-01-26 08:52:13.477306,13092471,11,0,2019-01-25 08:52:07, 저희집 강아지가 하는일... ,1979,1,0,0
