check_time,id,post_reply,post_symph,post_time,post_title,post_view,post_view_diff,post_reply_diff,post_symph_diff
2019-01-27 09:45:53.347429,13100278,9,0,2019-01-27 08:45:53, 아이패드 12.9를 반으로... ,1346,1346,9,0
2019-01-27 10:45:58.596902,13100278,9,0,2019-01-27 08:45:53, 아이패드 12.9를 반으로... ,1689,343,0,0
2019-01-27 11:46:03.745618,13100278,9,0,2019-01-27 08:45:53, 아이패드 12.9를 반으로... ,1850,161,0,0
2019-01-27 12:45:55.852182,13100278,9,0,2019-01-27 08:45:53, 아이패드 12.9를 반으로... ,1934,84,0,0
2019-01-27 13:46:01.131279,13100278,9,0,2019-01-27 08:45:53, 아이패드 12.9를 반으로... ,1971,37,0,0
2019-01-27 14:45:53.217770,13100278,9,0,2019-01-27 08:45:53, 아이패드 12.9를 반으로... ,1985,14,0,0
2019-01-27 15:45:58.416332,13100278,9,0,2019-01-27 08:45:53, 아이패드 12.9를 반으로... ,2002,17,0,0
2019-01-27 16:46:03.466489,13100278,9,0,2019-01-27 08:45:53, 아이패드 12.9를 반으로... ,2010,8,0,0
2019-01-27 17:45:55.663627,13100278,9,0,2019-01-27 08:45:53, 아이패드 12.9를 반으로... ,2015,5,0,0
2019-01-27 18:46:00.733811,13100278,9,0,2019-01-27 08:45:53, 아이패드 12.9를 반으로... ,2021,6,0,0
2019-01-27 19:46:05.773685,13100278,9,0,2019-01-27 08:45:53, 아이패드 12.9를 반으로... ,2025,4,0,0
2019-01-27 20:45:57.900766,13100278,9,0,2019-01-27 08:45:53, 아이패드 12.9를 반으로... ,2035,10,0,0
2019-01-27 21:46:02.972911,13100278,9,0,2019-01-27 08:45:53, 아이패드 12.9를 반으로... ,2039,4,0,0
2019-01-27 22:45:55.159390,13100278,9,0,2019-01-27 08:45:53, 아이패드 12.9를 반으로... ,2044,5,0,0
2019-01-27 23:46:00.257476,13100278,9,0,2019-01-27 08:45:53, 아이패드 12.9를 반으로... ,2046,2,0,0
2019-01-28 00:46:05.305773,13100278,9,0,2019-01-27 08:45:53, 아이패드 12.9를 반으로... ,2051,5,0,0
2019-01-28 01:45:57.592029,13100278,9,0,2019-01-27 08:45:53, 아이패드 12.9를 반으로... ,2055,4,0,0
2019-01-28 02:46:02.646902,13100278,9,0,2019-01-27 08:45:53, 아이패드 12.9를 반으로... ,2058,3,0,0
2019-01-28 03:45:54.692522,13100278,9,0,2019-01-27 08:45:53, 아이패드 12.9를 반으로... ,2061,3,0,0
2019-01-28 04:45:59.747013,13100278,9,0,2019-01-27 08:45:53, 아이패드 12.9를 반으로... ,2062,1,0,0
2019-01-28 05:46:04.760812,13100278,9,0,2019-01-27 08:45:53, 아이패드 12.9를 반으로... ,2063,1,0,0
2019-01-28 06:45:56.777523,13100278,9,0,2019-01-27 08:45:53, 아이패드 12.9를 반으로... ,2065,2,0,0
2019-01-28 07:46:01.852592,13100278,9,0,2019-01-27 08:45:53, 아이패드 12.9를 반으로... ,2067,2,0,0
2019-01-28 08:45:53.878799,13100278,9,0,2019-01-27 08:45:53, 아이패드 12.9를 반으로... ,2069,2,0,0
