check_time,id,post_reply,post_symph,post_time,post_title,post_view,post_view_diff,post_reply_diff,post_symph_diff
2019-01-27 09:57:04.951383,13100292,10,0,2019-01-27 08:56:54, 극한직업 땜에 최근에 가장 많이 웃엇습니다 ,1677,1677,10,0
2019-01-27 10:56:57.031199,13100292,11,0,2019-01-27 08:56:54, 극한직업 땜에 최근에 가장 많이 웃엇습니다 ,2181,504,1,0
2019-01-27 11:57:02.136987,13100292,11,0,2019-01-27 08:56:54, 극한직업 땜에 최근에 가장 많이 웃엇습니다 ,2402,221,0,0
2019-01-27 12:56:54.269981,13100292,11,0,2019-01-27 08:56:54, 극한직업 땜에 최근에 가장 많이 웃엇습니다 ,2500,98,0,0
2019-01-27 13:56:59.574148,13100292,11,0,2019-01-27 08:56:54, 극한직업 땜에 최근에 가장 많이 웃엇습니다 ,2563,63,0,0
2019-01-27 14:57:04.940537,13100292,11,0,2019-01-27 08:56:54, 극한직업 땜에 최근에 가장 많이 웃엇습니다 ,2605,42,0,0
2019-01-27 15:56:56.980556,13100292,11,0,2019-01-27 08:56:54, 극한직업 땜에 최근에 가장 많이 웃엇습니다 ,2631,26,0,0
2019-01-27 16:57:02.262086,13100292,11,0,2019-01-27 08:56:54, 극한직업 땜에 최근에 가장 많이 웃엇습니다 ,2653,22,0,0
2019-01-27 17:56:54.381705,13100292,11,0,2019-01-27 08:56:54, 극한직업 땜에 최근에 가장 많이 웃엇습니다 ,2677,24,0,0
2019-01-27 18:56:59.633415,13100292,12,0,2019-01-27 08:56:54, 극한직업 땜에 최근에 가장 많이 웃엇습니다 ,2698,21,1,0
2019-01-27 19:57:04.941492,13100292,12,0,2019-01-27 08:56:54, 극한직업 땜에 최근에 가장 많이 웃엇습니다 ,2716,18,0,0
2019-01-27 20:56:57.073201,13100292,12,0,2019-01-27 08:56:54, 극한직업 땜에 최근에 가장 많이 웃엇습니다 ,2726,10,0,0
2019-01-27 21:57:02.411749,13100292,12,0,2019-01-27 08:56:54, 극한직업 땜에 최근에 가장 많이 웃엇습니다 ,2733,7,0,0
2019-01-27 22:56:54.470519,13100292,12,0,2019-01-27 08:56:54, 극한직업 땜에 최근에 가장 많이 웃엇습니다 ,2743,10,0,0
2019-01-27 23:56:59.554004,13100292,12,0,2019-01-27 08:56:54, 극한직업 땜에 최근에 가장 많이 웃엇습니다 ,2752,9,0,0
2019-01-28 00:57:04.712027,13100292,12,0,2019-01-27 08:56:54, 극한직업 땜에 최근에 가장 많이 웃엇습니다 ,2755,3,0,0
2019-01-28 01:56:56.748412,13100292,12,0,2019-01-27 08:56:54, 극한직업 땜에 최근에 가장 많이 웃엇습니다 ,2760,5,0,0
2019-01-28 02:57:01.830171,13100292,12,0,2019-01-27 08:56:54, 극한직업 땜에 최근에 가장 많이 웃엇습니다 ,2763,3,0,0
2019-01-28 03:57:06.872835,13100292,12,0,2019-01-27 08:56:54, 극한직업 땜에 최근에 가장 많이 웃엇습니다 ,2764,1,0,0
2019-01-28 04:56:58.913412,13100292,12,0,2019-01-27 08:56:54, 극한직업 땜에 최근에 가장 많이 웃엇습니다 ,2767,3,0,0
2019-01-28 05:57:04.137079,13100292,12,0,2019-01-27 08:56:54, 극한직업 땜에 최근에 가장 많이 웃엇습니다 ,2768,1,0,0
2019-01-28 06:56:56.169099,13100292,12,0,2019-01-27 08:56:54, 극한직업 땜에 최근에 가장 많이 웃엇습니다 ,2775,7,0,0
2019-01-28 07:56:59.229166,13100292,12,0,2019-01-27 08:56:54, 극한직업 땜에 최근에 가장 많이 웃엇습니다 ,2782,7,0,0
2019-01-28 08:57:04.349918,13100292,12,0,2019-01-27 08:56:54, 극한직업 땜에 최근에 가장 많이 웃엇습니다 ,2790,8,0,0
