check_time,id,post_reply,post_symph,post_time,post_title,post_view,post_view_diff,post_reply_diff,post_symph_diff
2019-01-26 09:35:08.993902,13097030,17,0,2019-01-26 08:35:07, 현직 시애틀 Museum of flight (ㅎㅎ) 기념품샵입니다... ,1237,1237,17,0
2019-01-26 10:35:14.010195,13097030,17,0,2019-01-26 08:35:07, 현직 시애틀 Museum of flight (ㅎㅎ) 기념품샵입니다... ,1468,231,0,0
2019-01-26 11:35:19.169387,13097030,17,0,2019-01-26 08:35:07, 현직 시애틀 Museum of flight (ㅎㅎ) 기념품샵입니다... ,1571,103,0,0
2019-01-26 12:35:11.223587,13097030,18,0,2019-01-26 08:35:07, 현직 시애틀 Museum of flight (ㅎㅎ) 기념품샵입니다... ,1623,52,1,0
2019-01-26 13:35:16.372206,13097030,18,0,2019-01-26 08:35:07, 현직 시애틀 Museum of flight (ㅎㅎ) 기념품샵입니다... ,1639,16,0,0
2019-01-26 14:35:08.441733,13097030,18,0,2019-01-26 08:35:07, 현직 시애틀 Museum of flight (ㅎㅎ) 기념품샵입니다... ,1651,12,0,0
2019-01-26 15:35:13.620030,13097030,18,0,2019-01-26 08:35:07, 현직 시애틀 Museum of flight (ㅎㅎ) 기념품샵입니다... ,1659,8,0,0
2019-01-26 16:35:18.937230,13097030,18,0,2019-01-26 08:35:07, 현직 시애틀 Museum of flight (ㅎㅎ) 기념품샵입니다... ,1662,3,0,0
2019-01-26 17:35:11.136656,13097030,18,0,2019-01-26 08:35:07, 현직 시애틀 Museum of flight (ㅎㅎ) 기념품샵입니다... ,1666,4,0,0
2019-01-26 18:35:16.217297,13097030,18,0,2019-01-26 08:35:07, 현직 시애틀 Museum of flight (ㅎㅎ) 기념품샵입니다... ,1668,2,0,0
2019-01-26 19:35:08.283056,13097030,18,0,2019-01-26 08:35:07, 현직 시애틀 Museum of flight (ㅎㅎ) 기념품샵입니다... ,1673,5,0,0
2019-01-26 20:35:13.356406,13097030,18,0,2019-01-26 08:35:07, 현직 시애틀 Museum of flight (ㅎㅎ) 기념품샵입니다... ,1674,1,0,0
2019-01-26 21:35:18.603124,13097030,18,0,2019-01-26 08:35:07, 현직 시애틀 Museum of flight (ㅎㅎ) 기념품샵입니다... ,1676,2,0,0
2019-01-26 22:35:10.648173,13097030,18,0,2019-01-26 08:35:07, 현직 시애틀 Museum of flight (ㅎㅎ) 기념품샵입니다... ,1677,1,0,0
2019-01-26 23:35:15.740125,13097030,18,0,2019-01-26 08:35:07, 현직 시애틀 Museum of flight (ㅎㅎ) 기념품샵입니다... ,1679,2,0,0
2019-01-27 00:35:07.757477,13097030,18,0,2019-01-26 08:35:07, 현직 시애틀 Museum of flight (ㅎㅎ) 기념품샵입니다... ,1681,2,0,0
2019-01-27 01:35:12.834276,13097030,18,0,2019-01-26 08:35:07, 현직 시애틀 Museum of flight (ㅎㅎ) 기념품샵입니다... ,1683,2,0,0
2019-01-27 02:35:17.934789,13097030,18,0,2019-01-26 08:35:07, 현직 시애틀 Museum of flight (ㅎㅎ) 기념품샵입니다... ,1685,2,0,0
2019-01-27 03:35:09.927589,13097030,18,0,2019-01-26 08:35:07, 현직 시애틀 Museum of flight (ㅎㅎ) 기념품샵입니다... ,1686,1,0,0
2019-01-27 04:35:15.078252,13097030,18,0,2019-01-26 08:35:07, 현직 시애틀 Museum of flight (ㅎㅎ) 기념품샵입니다... ,1687,1,0,0
2019-01-27 05:35:07.154951,13097030,18,0,2019-01-26 08:35:07, 현직 시애틀 Museum of flight (ㅎㅎ) 기념품샵입니다... ,1688,1,0,0
2019-01-27 06:35:12.320461,13097030,18,0,2019-01-26 08:35:07, 현직 시애틀 Museum of flight (ㅎㅎ) 기념품샵입니다... ,1690,2,0,0
2019-01-27 07:35:17.388384,13097030,18,0,2019-01-26 08:35:07, 현직 시애틀 Museum of flight (ㅎㅎ) 기념품샵입니다... ,1692,2,0,0
2019-01-27 08:35:09.466969,13097030,18,0,2019-01-26 08:35:07, 현직 시애틀 Museum of flight (ㅎㅎ) 기념품샵입니다... ,1693,1,0,0
