check_time,id,post_reply,post_symph,post_time,post_title,post_view,post_view_diff,post_reply_diff,post_symph_diff
2019-01-24 09:57:13.497394,13088031,26,0,2019-01-24 08:57:01, 세상에서 가장 검은 물질.. ,4067,4067,26,0
2019-01-24 10:57:05.805628,13088031,26,0,2019-01-24 08:57:01, 세상에서 가장 검은 물질.. ,4561,494,0,0
2019-01-24 11:57:10.953920,13088031,26,0,2019-01-24 08:57:01, 세상에서 가장 검은 물질.. ,4853,292,0,0
2019-01-24 12:57:03.027153,13088031,26,0,2019-01-24 08:57:01, 세상에서 가장 검은 물질.. ,5046,193,0,0
2019-01-24 13:57:08.146879,13088031,26,0,2019-01-24 08:57:01, 세상에서 가장 검은 물질.. ,5141,95,0,0
2019-01-24 14:57:13.303101,13088031,26,0,2019-01-24 08:57:01, 세상에서 가장 검은 물질.. ,5187,46,0,0
2019-01-24 15:57:05.399973,13088031,26,0,2019-01-24 08:57:01, 세상에서 가장 검은 물질.. ,5211,24,0,0
2019-01-24 16:57:10.537991,13088031,26,0,2019-01-24 08:57:01, 세상에서 가장 검은 물질.. ,5226,15,0,0
2019-01-24 17:57:02.648585,13088031,26,0,2019-01-24 08:57:01, 세상에서 가장 검은 물질.. ,5236,10,0,0
2019-01-24 18:57:07.655966,13088031,26,0,2019-01-24 08:57:01, 세상에서 가장 검은 물질.. ,5249,13,0,0
2019-01-24 19:57:12.807102,13088031,26,0,2019-01-24 08:57:01, 세상에서 가장 검은 물질.. ,5262,13,0,0
2019-01-24 20:57:04.727049,13088031,26,0,2019-01-24 08:57:01, 세상에서 가장 검은 물질.. ,5265,3,0,0
2019-01-24 21:57:09.876717,13088031,26,0,2019-01-24 08:57:01, 세상에서 가장 검은 물질.. ,5271,6,0,0
2019-01-24 22:57:02.002215,13088031,26,0,2019-01-24 08:57:01, 세상에서 가장 검은 물질.. ,5279,8,0,0
2019-01-24 23:57:07.005482,13088031,26,0,2019-01-24 08:57:01, 세상에서 가장 검은 물질.. ,5282,3,0,0
2019-01-25 00:57:12.119668,13088031,26,0,2019-01-24 08:57:01, 세상에서 가장 검은 물질.. ,5286,4,0,0
2019-01-25 01:57:04.652416,13088031,26,0,2019-01-24 08:57:01, 세상에서 가장 검은 물질.. ,5291,5,0,0
2019-01-25 02:57:09.669665,13088031,26,0,2019-01-24 08:57:01, 세상에서 가장 검은 물질.. ,5292,1,0,0
2019-01-25 03:57:01.772931,13088031,26,0,2019-01-24 08:57:01, 세상에서 가장 검은 물질.. ,5294,2,0,0
2019-01-25 04:57:07.000607,13088031,26,0,2019-01-24 08:57:01, 세상에서 가장 검은 물질.. ,5296,2,0,0
2019-01-25 05:57:12.047187,13088031,26,0,2019-01-24 08:57:01, 세상에서 가장 검은 물질.. ,5298,2,0,0
2019-01-25 06:57:04.083061,13088031,26,0,2019-01-24 08:57:01, 세상에서 가장 검은 물질.. ,5303,5,0,0
2019-01-25 07:57:09.133532,13088031,26,0,2019-01-24 08:57:01, 세상에서 가장 검은 물질.. ,5305,2,0,0
2019-01-25 08:57:01.267524,13088031,26,0,2019-01-24 08:57:01, 세상에서 가장 검은 물질.. ,5307,2,0,0
