check_time,id,post_reply,post_symph,post_time,post_title,post_view,post_view_diff,post_reply_diff,post_symph_diff
2019-01-27 16:06:17.233462,13101227,13,46,2019-01-27 15:06:16, 김의성 '열시간 단식 후 첫끼니' ,6356,6356,13,46
2019-01-27 17:06:22.399080,13101227,21,73,2019-01-27 15:06:16, 김의성 '열시간 단식 후 첫끼니' ,11209,4853,8,27
2019-01-27 18:06:27.570608,13101227,22,94,2019-01-27 15:06:16, 김의성 '열시간 단식 후 첫끼니' ,15086,3877,1,21
2019-01-27 19:06:19.616116,13101227,27,109,2019-01-27 15:06:16, 김의성 '열시간 단식 후 첫끼니' ,18301,3215,5,15
2019-01-27 20:06:25.039160,13101227,28,125,2019-01-27 15:06:16, 김의성 '열시간 단식 후 첫끼니' ,21109,2808,1,16
2019-01-27 21:06:17.243873,13101227,28,134,2019-01-27 15:06:16, 김의성 '열시간 단식 후 첫끼니' ,24106,2997,0,9
2019-01-27 22:06:22.325895,13101227,30,142,2019-01-27 15:06:16, 김의성 '열시간 단식 후 첫끼니' ,26571,2465,2,8
2019-01-27 23:06:27.573200,13101227,37,153,2019-01-27 15:06:16, 김의성 '열시간 단식 후 첫끼니' ,28998,2427,7,11
2019-01-28 00:06:19.805427,13101227,37,159,2019-01-27 15:06:16, 김의성 '열시간 단식 후 첫끼니' ,31052,2054,0,6
2019-01-28 01:06:24.892845,13101227,37,168,2019-01-27 15:06:16, 김의성 '열시간 단식 후 첫끼니' ,32897,1845,0,9
2019-01-28 02:06:16.992161,13101227,37,170,2019-01-27 15:06:16, 김의성 '열시간 단식 후 첫끼니' ,33958,1061,0,2
2019-01-28 03:06:22.200624,13101227,37,173,2019-01-27 15:06:16, 김의성 '열시간 단식 후 첫끼니' ,34659,701,0,3
2019-01-28 04:06:27.203013,13101227,37,174,2019-01-27 15:06:16, 김의성 '열시간 단식 후 첫끼니' ,34710,51,0,1
2019-01-28 05:06:19.176592,13101227,37,174,2019-01-27 15:06:16, 김의성 '열시간 단식 후 첫끼니' ,34735,25,0,0
2019-01-28 06:06:24.216416,13101227,37,174,2019-01-27 15:06:16, 김의성 '열시간 단식 후 첫끼니' ,34773,38,0,0
2019-01-28 07:06:16.380513,13101227,38,175,2019-01-27 15:06:16, 김의성 '열시간 단식 후 첫끼니' ,34836,63,1,1
2019-01-28 08:06:21.453180,13101227,39,175,2019-01-27 15:06:16, 김의성 '열시간 단식 후 첫끼니' ,34946,110,1,0
2019-01-28 09:06:26.576905,13101227,39,176,2019-01-27 15:06:16, 김의성 '열시간 단식 후 첫끼니' ,35071,125,0,1
2019-01-28 10:06:18.886979,13101227,39,178,2019-01-27 15:06:16, 김의성 '열시간 단식 후 첫끼니' ,35169,98,0,2
2019-01-28 11:06:23.984304,13101227,39,178,2019-01-27 15:06:16, 김의성 '열시간 단식 후 첫끼니' ,35241,72,0,0
2019-01-28 12:06:16.032222,13101227,39,178,2019-01-27 15:06:16, 김의성 '열시간 단식 후 첫끼니' ,35280,39,0,0
2019-01-28 13:06:21.046819,13101227,39,178,2019-01-27 15:06:16, 김의성 '열시간 단식 후 첫끼니' ,35318,38,0,0
2019-01-28 14:06:26.136939,13101227,39,178,2019-01-27 15:06:16, 김의성 '열시간 단식 후 첫끼니' ,35355,37,0,0
2019-01-28 15:06:18.280198,13101227,39,178,2019-01-27 15:06:16, 김의성 '열시간 단식 후 첫끼니' ,35387,32,0,0
