check_time,id,post_reply,post_symph,post_time,post_title,post_view,post_view_diff,post_reply_diff,post_symph_diff
2019-01-28 16:12:10.003013,13104737,29,1,2019-01-28 15:12:01, NAS 자랑은 이제 식상합니다. ,1401,1401,29,1
2019-01-28 17:12:02.074109,13104737,29,1,2019-01-28 15:12:01, NAS 자랑은 이제 식상합니다. ,1533,132,0,0
2019-01-28 18:12:07.100771,13104737,29,1,2019-01-28 15:12:01, NAS 자랑은 이제 식상합니다. ,1585,52,0,0
2019-01-28 19:12:12.657786,13104737,29,1,2019-01-28 15:12:01, NAS 자랑은 이제 식상합니다. ,1623,38,0,0
2019-01-28 20:12:04.692305,13104737,29,1,2019-01-28 15:12:01, NAS 자랑은 이제 식상합니다. ,1664,41,0,0
2019-01-28 21:12:09.817573,13104737,29,1,2019-01-28 15:12:01, NAS 자랑은 이제 식상합니다. ,1698,34,0,0
2019-01-28 22:12:01.898177,13104737,29,1,2019-01-28 15:12:01, NAS 자랑은 이제 식상합니다. ,1729,31,0,0
2019-01-28 23:12:07.190542,13104737,29,1,2019-01-28 15:12:01, NAS 자랑은 이제 식상합니다. ,1755,26,0,0
2019-01-29 00:12:12.575429,13104737,29,1,2019-01-28 15:12:01, NAS 자랑은 이제 식상합니다. ,1769,14,0,0
2019-01-29 01:12:04.950903,13104737,29,1,2019-01-28 15:12:01, NAS 자랑은 이제 식상합니다. ,1782,13,0,0
2019-01-29 02:12:10.282944,13104737,29,1,2019-01-28 15:12:01, NAS 자랑은 이제 식상합니다. ,1792,10,0,0
2019-01-29 03:12:02.512224,13104737,29,1,2019-01-28 15:12:01, NAS 자랑은 이제 식상합니다. ,1795,3,0,0
2019-01-29 04:12:07.722508,13104737,29,1,2019-01-28 15:12:01, NAS 자랑은 이제 식상합니다. ,1798,3,0,0
2019-01-29 05:12:12.817321,13104737,29,1,2019-01-28 15:12:01, NAS 자랑은 이제 식상합니다. ,1802,4,0,0
2019-01-29 06:12:04.860966,13104737,29,1,2019-01-28 15:12:01, NAS 자랑은 이제 식상합니다. ,1803,1,0,0
2019-01-29 07:12:09.796412,13104737,29,1,2019-01-28 15:12:01, NAS 자랑은 이제 식상합니다. ,1805,2,0,0
2019-01-29 08:12:01.821394,13104737,29,1,2019-01-28 15:12:01, NAS 자랑은 이제 식상합니다. ,1808,3,0,0
2019-01-29 09:12:06.947402,13104737,29,1,2019-01-28 15:12:01, NAS 자랑은 이제 식상합니다. ,1814,6,0,0
2019-01-29 10:12:12.185257,13104737,29,1,2019-01-28 15:12:01, NAS 자랑은 이제 식상합니다. ,1818,4,0,0
2019-01-29 11:12:04.324487,13104737,29,1,2019-01-28 15:12:01, NAS 자랑은 이제 식상합니다. ,1820,2,0,0
2019-01-29 12:12:09.437853,13104737,29,1,2019-01-28 15:12:01, NAS 자랑은 이제 식상합니다. ,1822,2,0,0
2019-01-29 13:12:01.567056,13104737,30,1,2019-01-28 15:12:01, NAS 자랑은 이제 식상합니다. ,1829,7,1,0
2019-01-29 14:12:06.708940,13104737,30,1,2019-01-28 15:12:01, NAS 자랑은 이제 식상합니다. ,1830,1,0,0
2019-01-29 15:12:11.861089,13104737,30,1,2019-01-28 15:12:01, NAS 자랑은 이제 식상합니다. ,1835,5,0,0
