check_time,id,post_reply,post_symph,post_time,post_title,post_view,post_view_diff,post_reply_diff,post_symph_diff
2019-01-28 16:17:16.447681,13104768,4,0,2019-01-28 15:17:14, 미믹스3가 아몰레드라 아쉽습니다 ㅠㅠ ,228,228,4,0
2019-01-28 17:17:21.533903,13104768,4,0,2019-01-28 15:17:14, 미믹스3가 아몰레드라 아쉽습니다 ㅠㅠ ,250,22,0,0
2019-01-28 18:17:26.967404,13104768,4,0,2019-01-28 15:17:14, 미믹스3가 아몰레드라 아쉽습니다 ㅠㅠ ,259,9,0,0
2019-01-28 19:17:19.247774,13104768,4,0,2019-01-28 15:17:14, 미믹스3가 아몰레드라 아쉽습니다 ㅠㅠ ,260,1,0,0
2019-01-28 20:17:24.367513,13104768,4,0,2019-01-28 15:17:14, 미믹스3가 아몰레드라 아쉽습니다 ㅠㅠ ,263,3,0,0
2019-01-28 21:17:16.885944,13104768,4,0,2019-01-28 15:17:14, 미믹스3가 아몰레드라 아쉽습니다 ㅠㅠ ,265,2,0,0
2019-01-28 22:17:22.076463,13104768,4,0,2019-01-28 15:17:14, 미믹스3가 아몰레드라 아쉽습니다 ㅠㅠ ,266,1,0,0
2019-01-28 23:17:14.296720,13104768,4,0,2019-01-28 15:17:14, 미믹스3가 아몰레드라 아쉽습니다 ㅠㅠ ,268,2,0,0
2019-01-29 00:17:19.451262,13104768,4,0,2019-01-28 15:17:14, 미믹스3가 아몰레드라 아쉽습니다 ㅠㅠ ,271,3,0,0
2019-01-29 01:17:24.539212,13104768,4,0,2019-01-28 15:17:14, 미믹스3가 아몰레드라 아쉽습니다 ㅠㅠ ,273,2,0,0
2019-01-29 02:17:16.843782,13104768,4,0,2019-01-28 15:17:14, 미믹스3가 아몰레드라 아쉽습니다 ㅠㅠ ,275,2,0,0
2019-01-29 03:17:22.311467,13104768,4,0,2019-01-28 15:17:14, 미믹스3가 아몰레드라 아쉽습니다 ㅠㅠ ,276,1,0,0
2019-01-29 04:17:14.370818,13104768,4,0,2019-01-28 15:17:14, 미믹스3가 아몰레드라 아쉽습니다 ㅠㅠ ,277,1,0,0
2019-01-29 05:17:19.679641,13104768,4,0,2019-01-28 15:17:14, 미믹스3가 아몰레드라 아쉽습니다 ㅠㅠ ,279,2,0,0
2019-01-29 06:17:24.811532,13104768,4,0,2019-01-28 15:17:14, 미믹스3가 아몰레드라 아쉽습니다 ㅠㅠ ,279,0,0,0
2019-01-29 07:17:17.012770,13104768,4,0,2019-01-28 15:17:14, 미믹스3가 아몰레드라 아쉽습니다 ㅠㅠ ,282,3,0,0
2019-01-29 08:17:22.199480,13104768,4,0,2019-01-28 15:17:14, 미믹스3가 아몰레드라 아쉽습니다 ㅠㅠ ,283,1,0,0
2019-01-29 09:17:14.320573,13104768,4,0,2019-01-28 15:17:14, 미믹스3가 아몰레드라 아쉽습니다 ㅠㅠ ,284,1,0,0
2019-01-29 10:17:19.530699,13104768,4,0,2019-01-28 15:17:14, 미믹스3가 아몰레드라 아쉽습니다 ㅠㅠ ,286,2,0,0
2019-01-29 11:17:24.599997,13104768,4,0,2019-01-28 15:17:14, 미믹스3가 아몰레드라 아쉽습니다 ㅠㅠ ,287,1,0,0
2019-01-29 12:17:16.829115,13104768,4,0,2019-01-28 15:17:14, 미믹스3가 아몰레드라 아쉽습니다 ㅠㅠ ,288,1,0,0
2019-01-29 13:17:21.875928,13104768,4,0,2019-01-28 15:17:14, 미믹스3가 아몰레드라 아쉽습니다 ㅠㅠ ,289,1,0,0
2019-01-29 14:17:26.913657,13104768,4,0,2019-01-28 15:17:14, 미믹스3가 아몰레드라 아쉽습니다 ㅠㅠ ,290,1,0,0
2019-01-29 15:17:19.019470,13104768,4,0,2019-01-28 15:17:14, 미믹스3가 아몰레드라 아쉽습니다 ㅠㅠ ,291,1,0,0
