check_time,id,post_reply,post_symph,post_time,post_title,post_view,post_view_diff,post_reply_diff,post_symph_diff
2019-01-24 16:57:09.977083,13089960,2,0,2019-01-24 15:57:00, 롯데리아 5년만에 왔습니다 ,572,572,2,0
2019-01-24 17:57:02.074074,13089960,2,0,2019-01-24 15:57:00, 롯데리아 5년만에 왔습니다 ,621,49,0,0
2019-01-24 18:57:07.166380,13089960,2,0,2019-01-24 15:57:00, 롯데리아 5년만에 왔습니다 ,642,21,0,0
2019-01-24 19:57:12.295794,13089960,2,0,2019-01-24 15:57:00, 롯데리아 5년만에 왔습니다 ,650,8,0,0
2019-01-24 20:57:04.466995,13089960,2,0,2019-01-24 15:57:00, 롯데리아 5년만에 왔습니다 ,660,10,0,0
2019-01-24 21:57:09.620591,13089960,2,0,2019-01-24 15:57:00, 롯데리아 5년만에 왔습니다 ,665,5,0,0
2019-01-24 22:57:01.623627,13089960,2,0,2019-01-24 15:57:00, 롯데리아 5년만에 왔습니다 ,675,10,0,0
2019-01-24 23:57:06.670258,13089960,2,0,2019-01-24 15:57:00, 롯데리아 5년만에 왔습니다 ,677,2,0,0
2019-01-25 00:57:11.848378,13089960,2,0,2019-01-24 15:57:00, 롯데리아 5년만에 왔습니다 ,682,5,0,0
2019-01-25 01:57:03.932307,13089960,2,0,2019-01-24 15:57:00, 롯데리아 5년만에 왔습니다 ,685,3,0,0
2019-01-25 02:57:08.993310,13089960,2,0,2019-01-24 15:57:00, 롯데리아 5년만에 왔습니다 ,686,1,0,0
2019-01-25 03:57:01.203283,13089960,2,0,2019-01-24 15:57:00, 롯데리아 5년만에 왔습니다 ,688,2,0,0
2019-01-25 04:57:06.195626,13089960,2,0,2019-01-24 15:57:00, 롯데리아 5년만에 왔습니다 ,690,2,0,0
2019-01-25 05:57:11.236732,13089960,2,0,2019-01-24 15:57:00, 롯데리아 5년만에 왔습니다 ,691,1,0,0
2019-01-25 06:57:03.497722,13089960,2,0,2019-01-24 15:57:00, 롯데리아 5년만에 왔습니다 ,693,2,0,0
2019-01-25 07:57:08.527096,13089960,2,0,2019-01-24 15:57:00, 롯데리아 5년만에 왔습니다 ,694,1,0,0
2019-01-25 08:57:00.605682,13089960,2,0,2019-01-24 15:57:00, 롯데리아 5년만에 왔습니다 ,695,1,0,0
2019-01-25 09:57:05.769179,13089960,2,0,2019-01-24 15:57:00, 롯데리아 5년만에 왔습니다 ,696,1,0,0
2019-01-25 10:57:10.844188,13089960,2,0,2019-01-24 15:57:00, 롯데리아 5년만에 왔습니다 ,699,3,0,0
2019-01-25 11:57:02.916931,13089960,2,0,2019-01-24 15:57:00, 롯데리아 5년만에 왔습니다 ,703,4,0,0
2019-01-25 12:57:08.038321,13089960,2,0,2019-01-24 15:57:00, 롯데리아 5년만에 왔습니다 ,705,2,0,0
2019-01-25 13:57:00.163617,13089960,2,0,2019-01-24 15:57:00, 롯데리아 5년만에 왔습니다 ,706,1,0,0
2019-01-25 14:57:05.273527,13089960,2,0,2019-01-24 15:57:00, 롯데리아 5년만에 왔습니다 ,710,4,0,0
2019-01-25 15:57:10.350511,13089960,2,0,2019-01-24 15:57:00, 롯데리아 5년만에 왔습니다 ,711,1,0,0
