check_time,id,post_reply,post_symph,post_time,post_title,post_view,post_view_diff,post_reply_diff,post_symph_diff
2019-01-29 16:57:17.236593,13108674,8,25,2019-01-29 15:57:15, 어제 영면하신 김복동 할머니 와 문통의 1년전 만남 . Jpg ,1218,1218,8,25
2019-01-29 17:57:22.383873,13108674,8,27,2019-01-29 15:57:15, 어제 영면하신 김복동 할머니 와 문통의 1년전 만남 . Jpg ,1396,178,0,2
2019-01-29 18:57:27.612436,13108674,9,27,2019-01-29 15:57:15, 어제 영면하신 김복동 할머니 와 문통의 1년전 만남 . Jpg ,1493,97,1,0
2019-01-29 19:57:19.779274,13108674,9,28,2019-01-29 15:57:15, 어제 영면하신 김복동 할머니 와 문통의 1년전 만남 . Jpg ,1561,68,0,1
2019-01-29 20:57:24.845442,13108674,9,29,2019-01-29 15:57:15, 어제 영면하신 김복동 할머니 와 문통의 1년전 만남 . Jpg ,1602,41,0,1
2019-01-29 21:57:16.914120,13108674,9,29,2019-01-29 15:57:15, 어제 영면하신 김복동 할머니 와 문통의 1년전 만남 . Jpg ,1655,53,0,0
2019-01-29 22:57:21.933548,13108674,9,30,2019-01-29 15:57:15, 어제 영면하신 김복동 할머니 와 문통의 1년전 만남 . Jpg ,1700,45,0,1
2019-01-29 23:57:26.992133,13108674,9,30,2019-01-29 15:57:15, 어제 영면하신 김복동 할머니 와 문통의 1년전 만남 . Jpg ,1733,33,0,0
2019-01-30 00:57:18.942652,13108674,9,30,2019-01-29 15:57:15, 어제 영면하신 김복동 할머니 와 문통의 1년전 만남 . Jpg ,1776,43,0,0
2019-01-30 01:57:24.306512,13108674,9,30,2019-01-29 15:57:15, 어제 영면하신 김복동 할머니 와 문통의 1년전 만남 . Jpg ,1798,22,0,0
2019-01-30 02:57:16.359587,13108674,9,30,2019-01-29 15:57:15, 어제 영면하신 김복동 할머니 와 문통의 1년전 만남 . Jpg ,1809,11,0,0
2019-01-30 03:57:21.507168,13108674,9,30,2019-01-29 15:57:15, 어제 영면하신 김복동 할머니 와 문통의 1년전 만남 . Jpg ,1814,5,0,0
2019-01-30 04:57:27.578119,13108674,9,30,2019-01-29 15:57:15, 어제 영면하신 김복동 할머니 와 문통의 1년전 만남 . Jpg ,1818,4,0,0
2019-01-30 05:57:19.653116,13108674,9,30,2019-01-29 15:57:15, 어제 영면하신 김복동 할머니 와 문통의 1년전 만남 . Jpg ,1821,3,0,0
2019-01-30 06:57:24.656330,13108674,9,30,2019-01-29 15:57:15, 어제 영면하신 김복동 할머니 와 문통의 1년전 만남 . Jpg ,1829,8,0,0
2019-01-30 07:57:16.676469,13108674,9,30,2019-01-29 15:57:15, 어제 영면하신 김복동 할머니 와 문통의 1년전 만남 . Jpg ,1844,15,0,0
2019-01-30 08:57:21.802929,13108674,9,30,2019-01-29 15:57:15, 어제 영면하신 김복동 할머니 와 문통의 1년전 만남 . Jpg ,1857,13,0,0
2019-01-30 09:57:27.231452,13108674,9,30,2019-01-29 15:57:15, 어제 영면하신 김복동 할머니 와 문통의 1년전 만남 . Jpg ,1868,11,0,0
2019-01-30 10:57:19.325403,13108674,9,30,2019-01-29 15:57:15, 어제 영면하신 김복동 할머니 와 문통의 1년전 만남 . Jpg ,1880,12,0,0
2019-01-30 11:57:24.402370,13108674,9,30,2019-01-29 15:57:15, 어제 영면하신 김복동 할머니 와 문통의 1년전 만남 . Jpg ,1887,7,0,0
2019-01-30 12:57:16.414647,13108674,9,30,2019-01-29 15:57:15, 어제 영면하신 김복동 할머니 와 문통의 1년전 만남 . Jpg ,1894,7,0,0
2019-01-30 13:57:21.557268,13108674,9,30,2019-01-29 15:57:15, 어제 영면하신 김복동 할머니 와 문통의 1년전 만남 . Jpg ,1898,4,0,0
2019-01-30 14:57:26.628840,13108674,9,30,2019-01-29 15:57:15, 어제 영면하신 김복동 할머니 와 문통의 1년전 만남 . Jpg ,1901,3,0,0
2019-01-30 15:57:18.598592,13108674,9,30,2019-01-29 15:57:15, 어제 영면하신 김복동 할머니 와 문통의 1년전 만남 . Jpg ,1904,3,0,0
