check_time,id,post_reply,post_symph,post_time,post_title,post_view,post_view_diff,post_reply_diff,post_symph_diff
2019-01-27 16:17:27.440627,13101255,27,0,2019-01-27 15:17:26, 로또 1등 당첨금이 얼마면 직장을 관두시겠습니까? ,2122,2122,27,0
2019-01-27 17:17:32.473303,13101255,31,0,2019-01-27 15:17:26, 로또 1등 당첨금이 얼마면 직장을 관두시겠습니까? ,2594,472,4,0
2019-01-27 18:17:38.011531,13101255,31,0,2019-01-27 15:17:26, 로또 1등 당첨금이 얼마면 직장을 관두시겠습니까? ,2856,262,0,0
2019-01-27 19:17:30.110431,13101255,31,0,2019-01-27 15:17:26, 로또 1등 당첨금이 얼마면 직장을 관두시겠습니까? ,3026,170,0,0
2019-01-27 20:17:35.756660,13101255,31,0,2019-01-27 15:17:26, 로또 1등 당첨금이 얼마면 직장을 관두시겠습니까? ,3111,85,0,0
2019-01-27 21:17:27.788749,13101255,31,0,2019-01-27 15:17:26, 로또 1등 당첨금이 얼마면 직장을 관두시겠습니까? ,3192,81,0,0
2019-01-27 22:17:33.017231,13101255,31,0,2019-01-27 15:17:26, 로또 1등 당첨금이 얼마면 직장을 관두시겠습니까? ,3244,52,0,0
2019-01-27 23:17:38.465740,13101255,31,0,2019-01-27 15:17:26, 로또 1등 당첨금이 얼마면 직장을 관두시겠습니까? ,3287,43,0,0
2019-01-28 00:17:30.673320,13101255,31,0,2019-01-27 15:17:26, 로또 1등 당첨금이 얼마면 직장을 관두시겠습니까? ,3309,22,0,0
2019-01-28 01:17:35.851340,13101255,31,0,2019-01-27 15:17:26, 로또 1등 당첨금이 얼마면 직장을 관두시겠습니까? ,3327,18,0,0
2019-01-28 02:17:28.038151,13101255,31,0,2019-01-27 15:17:26, 로또 1등 당첨금이 얼마면 직장을 관두시겠습니까? ,3336,9,0,0
2019-01-28 03:17:33.553506,13101255,31,0,2019-01-27 15:17:26, 로또 1등 당첨금이 얼마면 직장을 관두시겠습니까? ,3341,5,0,0
2019-01-28 04:17:26.011146,13101255,31,0,2019-01-27 15:17:26, 로또 1등 당첨금이 얼마면 직장을 관두시겠습니까? ,3343,2,0,0
2019-01-28 05:17:31.234637,13101255,31,0,2019-01-27 15:17:26, 로또 1등 당첨금이 얼마면 직장을 관두시겠습니까? ,3345,2,0,0
2019-01-28 06:17:36.302288,13101255,31,0,2019-01-27 15:17:26, 로또 1등 당첨금이 얼마면 직장을 관두시겠습니까? ,3348,3,0,0
2019-01-28 07:17:28.641730,13101255,31,0,2019-01-27 15:17:26, 로또 1등 당첨금이 얼마면 직장을 관두시겠습니까? ,3351,3,0,0
2019-01-28 08:17:33.719424,13101255,31,0,2019-01-27 15:17:26, 로또 1등 당첨금이 얼마면 직장을 관두시겠습니까? ,3358,7,0,0
2019-01-28 09:17:38.649284,13101255,31,0,2019-01-27 15:17:26, 로또 1등 당첨금이 얼마면 직장을 관두시겠습니까? ,3364,6,0,0
2019-01-28 10:17:30.675584,13101255,31,0,2019-01-27 15:17:26, 로또 1등 당첨금이 얼마면 직장을 관두시겠습니까? ,3379,15,0,0
2019-01-28 11:17:35.789089,13101255,31,0,2019-01-27 15:17:26, 로또 1등 당첨금이 얼마면 직장을 관두시겠습니까? ,3385,6,0,0
2019-01-28 12:17:28.141884,13101255,31,0,2019-01-27 15:17:26, 로또 1등 당첨금이 얼마면 직장을 관두시겠습니까? ,3392,7,0,0
2019-01-28 13:17:33.388845,13101255,31,0,2019-01-27 15:17:26, 로또 1등 당첨금이 얼마면 직장을 관두시겠습니까? ,3397,5,0,0
2019-01-28 14:17:38.378989,13101255,31,0,2019-01-27 15:17:26, 로또 1등 당첨금이 얼마면 직장을 관두시겠습니까? ,3397,0,0,0
2019-01-28 15:17:30.628028,13101255,31,0,2019-01-27 15:17:26, 로또 1등 당첨금이 얼마면 직장을 관두시겠습니까? ,3403,6,0,0
