check_time,id,post_reply,post_symph,post_time,post_title,post_view,post_view_diff,post_reply_diff,post_symph_diff
2019-01-27 16:37:01.860947,13101303,4,1,2019-01-27 15:36:49, 대형 tv 대신 프로젝터를 샀는데 쓸만하네요. ,1627,1627,4,1
2019-01-27 17:36:53.967238,13101303,4,1,2019-01-27 15:36:49, 대형 tv 대신 프로젝터를 샀는데 쓸만하네요. ,2004,377,0,0
2019-01-27 18:36:59.054581,13101303,4,1,2019-01-27 15:36:49, 대형 tv 대신 프로젝터를 샀는데 쓸만하네요. ,2155,151,0,0
2019-01-27 19:36:51.071339,13101303,4,1,2019-01-27 15:36:49, 대형 tv 대신 프로젝터를 샀는데 쓸만하네요. ,2205,50,0,0
2019-01-27 20:36:56.400910,13101303,4,1,2019-01-27 15:36:49, 대형 tv 대신 프로젝터를 샀는데 쓸만하네요. ,2249,44,0,0
2019-01-27 21:37:01.460729,13101303,4,1,2019-01-27 15:36:49, 대형 tv 대신 프로젝터를 샀는데 쓸만하네요. ,2286,37,0,0
2019-01-27 22:36:53.512101,13101303,4,1,2019-01-27 15:36:49, 대형 tv 대신 프로젝터를 샀는데 쓸만하네요. ,2304,18,0,0
2019-01-27 23:36:58.610421,13101303,4,1,2019-01-27 15:36:49, 대형 tv 대신 프로젝터를 샀는데 쓸만하네요. ,2325,21,0,0
2019-01-28 00:36:50.597812,13101303,4,1,2019-01-27 15:36:49, 대형 tv 대신 프로젝터를 샀는데 쓸만하네요. ,2334,9,0,0
2019-01-28 01:36:55.703253,13101303,4,1,2019-01-27 15:36:49, 대형 tv 대신 프로젝터를 샀는데 쓸만하네요. ,2339,5,0,0
2019-01-28 02:37:00.689683,13101303,6,1,2019-01-27 15:36:49, 대형 tv 대신 프로젝터를 샀는데 쓸만하네요. ,2344,5,2,0
2019-01-28 03:36:52.707852,13101303,6,1,2019-01-27 15:36:49, 대형 tv 대신 프로젝터를 샀는데 쓸만하네요. ,2351,7,0,0
2019-01-28 04:36:57.636298,13101303,6,1,2019-01-27 15:36:49, 대형 tv 대신 프로젝터를 샀는데 쓸만하네요. ,2352,1,0,0
2019-01-28 05:36:49.886762,13101303,6,1,2019-01-27 15:36:49, 대형 tv 대신 프로젝터를 샀는데 쓸만하네요. ,2356,4,0,0
2019-01-28 06:36:54.920029,13101303,6,1,2019-01-27 15:36:49, 대형 tv 대신 프로젝터를 샀는데 쓸만하네요. ,2363,7,0,0
2019-01-28 07:37:00.152722,13101303,6,1,2019-01-27 15:36:49, 대형 tv 대신 프로젝터를 샀는데 쓸만하네요. ,2367,4,0,0
2019-01-28 08:36:52.172977,13101303,6,1,2019-01-27 15:36:49, 대형 tv 대신 프로젝터를 샀는데 쓸만하네요. ,2370,3,0,0
2019-01-28 09:36:57.442137,13101303,6,1,2019-01-27 15:36:49, 대형 tv 대신 프로젝터를 샀는데 쓸만하네요. ,2372,2,0,0
2019-01-28 10:36:49.560216,13101303,6,1,2019-01-27 15:36:49, 대형 tv 대신 프로젝터를 샀는데 쓸만하네요. ,2375,3,0,0
2019-01-28 11:36:54.636925,13101303,6,1,2019-01-27 15:36:49, 대형 tv 대신 프로젝터를 샀는데 쓸만하네요. ,2378,3,0,0
2019-01-28 12:37:00.125440,13101303,6,1,2019-01-27 15:36:49, 대형 tv 대신 프로젝터를 샀는데 쓸만하네요. ,2382,4,0,0
2019-01-28 13:36:52.663642,13101303,6,1,2019-01-27 15:36:49, 대형 tv 대신 프로젝터를 샀는데 쓸만하네요. ,2387,5,0,0
2019-01-28 14:36:57.772305,13101303,6,1,2019-01-27 15:36:49, 대형 tv 대신 프로젝터를 샀는데 쓸만하네요. ,2387,0,0,0
2019-01-28 15:36:50.172164,13101303,6,1,2019-01-27 15:36:49, 대형 tv 대신 프로젝터를 샀는데 쓸만하네요. ,2393,6,0,0
