check_time,id,post_reply,post_symph,post_time,post_title,post_view,post_view_diff,post_reply_diff,post_symph_diff
2019-01-28 16:56:25.545998,13104946,17,0,2019-01-28 15:56:20, 코트 + 패딩.jpg ,3280,3280,17,0
2019-01-28 17:56:30.577624,13104946,17,0,2019-01-28 15:56:20, 코트 + 패딩.jpg ,3665,385,0,0
2019-01-28 18:56:22.586745,13104946,17,0,2019-01-28 15:56:20, 코트 + 패딩.jpg ,3841,176,0,0
2019-01-28 19:56:27.666825,13104946,17,0,2019-01-28 15:56:20, 코트 + 패딩.jpg ,3983,142,0,0
2019-01-28 20:56:32.733771,13104946,17,0,2019-01-28 15:56:20, 코트 + 패딩.jpg ,4089,106,0,0
2019-01-28 21:56:24.843791,13104946,17,0,2019-01-28 15:56:20, 코트 + 패딩.jpg ,4171,82,0,0
2019-01-28 22:56:29.879579,13104946,17,0,2019-01-28 15:56:20, 코트 + 패딩.jpg ,4251,80,0,0
2019-01-28 23:56:21.873774,13104946,17,0,2019-01-28 15:56:20, 코트 + 패딩.jpg ,4294,43,0,0
2019-01-29 00:56:27.197535,13104946,17,0,2019-01-28 15:56:20, 코트 + 패딩.jpg ,4317,23,0,0
2019-01-29 01:56:32.273115,13104946,17,0,2019-01-28 15:56:20, 코트 + 패딩.jpg ,4332,15,0,0
2019-01-29 02:56:24.370344,13104946,17,0,2019-01-28 15:56:20, 코트 + 패딩.jpg ,4336,4,0,0
2019-01-29 03:56:29.403599,13104946,17,0,2019-01-28 15:56:20, 코트 + 패딩.jpg ,4343,7,0,0
2019-01-29 04:56:21.458720,13104946,17,0,2019-01-28 15:56:20, 코트 + 패딩.jpg ,4351,8,0,0
2019-01-29 05:56:26.616865,13104946,17,0,2019-01-28 15:56:20, 코트 + 패딩.jpg ,4355,4,0,0
2019-01-29 06:56:31.683879,13104946,17,0,2019-01-28 15:56:20, 코트 + 패딩.jpg ,4362,7,0,0
2019-01-29 07:56:23.792596,13104946,17,0,2019-01-28 15:56:20, 코트 + 패딩.jpg ,4368,6,0,0
2019-01-29 08:56:28.919874,13104946,17,0,2019-01-28 15:56:20, 코트 + 패딩.jpg ,4372,4,0,0
2019-01-29 09:56:20.967497,13104946,17,0,2019-01-28 15:56:20, 코트 + 패딩.jpg ,4375,3,0,0
2019-01-29 10:56:26.065991,13104946,17,0,2019-01-28 15:56:20, 코트 + 패딩.jpg ,4381,6,0,0
2019-01-29 11:56:31.197752,13104946,17,0,2019-01-28 15:56:20, 코트 + 패딩.jpg ,4383,2,0,0
2019-01-29 12:56:23.208610,13104946,17,0,2019-01-28 15:56:20, 코트 + 패딩.jpg ,4387,4,0,0
2019-01-29 13:56:28.237268,13104946,17,0,2019-01-28 15:56:20, 코트 + 패딩.jpg ,4389,2,0,0
2019-01-29 14:56:20.284557,13104946,17,0,2019-01-28 15:56:20, 코트 + 패딩.jpg ,4393,4,0,0
2019-01-29 15:56:25.279793,13104946,17,0,2019-01-28 15:56:20, 코트 + 패딩.jpg ,4396,3,0,0
