check_time,id,post_reply,post_symph,post_time,post_title,post_view,post_view_diff,post_reply_diff,post_symph_diff
2019-01-26 16:45:56.914559,13098263,9,0,2019-01-26 15:45:44, 운 좋게(?) 구입한 플스4프로 2테라 구입기 ,1366,1366,9,0
2019-01-26 17:45:48.973899,13098263,10,0,2019-01-26 15:45:44, 운 좋게(?) 구입한 플스4프로 2테라 구입기 ,1596,230,1,0
2019-01-26 18:45:54.041097,13098263,10,0,2019-01-26 15:45:44, 운 좋게(?) 구입한 플스4프로 2테라 구입기 ,1703,107,0,0
2019-01-26 19:45:46.086780,13098263,10,0,2019-01-26 15:45:44, 운 좋게(?) 구입한 플스4프로 2테라 구입기 ,1764,61,0,0
2019-01-26 20:45:51.133323,13098263,10,0,2019-01-26 15:45:44, 운 좋게(?) 구입한 플스4프로 2테라 구입기 ,1804,40,0,0
2019-01-26 21:45:56.439658,13098263,10,0,2019-01-26 15:45:44, 운 좋게(?) 구입한 플스4프로 2테라 구입기 ,1831,27,0,0
2019-01-26 22:45:48.575792,13098263,10,0,2019-01-26 15:45:44, 운 좋게(?) 구입한 플스4프로 2테라 구입기 ,1866,35,0,0
2019-01-26 23:45:53.682194,13098263,10,0,2019-01-26 15:45:44, 운 좋게(?) 구입한 플스4프로 2테라 구입기 ,1885,19,0,0
2019-01-27 00:45:45.795833,13098263,10,0,2019-01-26 15:45:44, 운 좋게(?) 구입한 플스4프로 2테라 구입기 ,1905,20,0,0
2019-01-27 01:45:50.928949,13098263,10,0,2019-01-26 15:45:44, 운 좋게(?) 구입한 플스4프로 2테라 구입기 ,1915,10,0,0
2019-01-27 02:45:55.980097,13098263,10,0,2019-01-26 15:45:44, 운 좋게(?) 구입한 플스4프로 2테라 구입기 ,1925,10,0,0
2019-01-27 03:45:48.054121,13098263,10,0,2019-01-26 15:45:44, 운 좋게(?) 구입한 플스4프로 2테라 구입기 ,1931,6,0,0
2019-01-27 04:45:53.139838,13098263,10,0,2019-01-26 15:45:44, 운 좋게(?) 구입한 플스4프로 2테라 구입기 ,1935,4,0,0
2019-01-27 05:45:45.243774,13098263,10,0,2019-01-26 15:45:44, 운 좋게(?) 구입한 플스4프로 2테라 구입기 ,1935,0,0,0
2019-01-27 06:45:50.316794,13098263,10,0,2019-01-26 15:45:44, 운 좋게(?) 구입한 플스4프로 2테라 구입기 ,1939,4,0,0
2019-01-27 07:45:55.893714,13098263,10,0,2019-01-26 15:45:44, 운 좋게(?) 구입한 플스4프로 2테라 구입기 ,1942,3,0,0
2019-01-27 08:45:48.425556,13098263,10,0,2019-01-26 15:45:44, 운 좋게(?) 구입한 플스4프로 2테라 구입기 ,1948,6,0,0
2019-01-27 09:45:53.555566,13098263,10,0,2019-01-26 15:45:44, 운 좋게(?) 구입한 플스4프로 2테라 구입기 ,1954,6,0,0
2019-01-27 10:45:46.012227,13098263,10,0,2019-01-26 15:45:44, 운 좋게(?) 구입한 플스4프로 2테라 구입기 ,1962,8,0,0
2019-01-27 11:45:51.294140,13098263,10,0,2019-01-26 15:45:44, 운 좋게(?) 구입한 플스4프로 2테라 구입기 ,1967,5,0,0
2019-01-27 12:45:56.347237,13098263,10,0,2019-01-26 15:45:44, 운 좋게(?) 구입한 플스4프로 2테라 구입기 ,1974,7,0,0
2019-01-27 13:45:48.426473,13098263,10,0,2019-01-26 15:45:44, 운 좋게(?) 구입한 플스4프로 2테라 구입기 ,1976,2,0,0
2019-01-27 14:45:53.476377,13098263,10,0,2019-01-26 15:45:44, 운 좋게(?) 구입한 플스4프로 2테라 구입기 ,1982,6,0,0
2019-01-27 15:45:45.532727,13098263,10,0,2019-01-26 15:45:44, 운 좋게(?) 구입한 플스4프로 2테라 구입기 ,1989,7,0,0
