check_time,id,post_reply,post_symph,post_time,post_title,post_view,post_view_diff,post_reply_diff,post_symph_diff
2019-01-24 16:21:55.550550,13089806,2,0,2019-01-24 15:21:51, 일본 au에서 출시하는 화웨이 LTE 라우터.jpg ,1442,1442,2,0
2019-01-24 17:22:00.670993,13089806,2,0,2019-01-24 15:21:51, 일본 au에서 출시하는 화웨이 LTE 라우터.jpg ,1581,139,0,0
2019-01-24 18:21:53.196816,13089806,2,0,2019-01-24 15:21:51, 일본 au에서 출시하는 화웨이 LTE 라우터.jpg ,1633,52,0,0
2019-01-24 19:21:58.341766,13089806,2,0,2019-01-24 15:21:51, 일본 au에서 출시하는 화웨이 LTE 라우터.jpg ,1665,32,0,0
2019-01-24 20:22:03.498699,13089806,2,0,2019-01-24 15:21:51, 일본 au에서 출시하는 화웨이 LTE 라우터.jpg ,1684,19,0,0
2019-01-24 21:21:55.584015,13089806,2,0,2019-01-24 15:21:51, 일본 au에서 출시하는 화웨이 LTE 라우터.jpg ,1706,22,0,0
2019-01-24 22:22:00.623684,13089806,2,0,2019-01-24 15:21:51, 일본 au에서 출시하는 화웨이 LTE 라우터.jpg ,1715,9,0,0
2019-01-24 23:21:52.775365,13089806,2,0,2019-01-24 15:21:51, 일본 au에서 출시하는 화웨이 LTE 라우터.jpg ,1725,10,0,0
2019-01-25 00:21:57.901396,13089806,2,0,2019-01-24 15:21:51, 일본 au에서 출시하는 화웨이 LTE 라우터.jpg ,1729,4,0,0
2019-01-25 01:22:03.178177,13089806,2,0,2019-01-24 15:21:51, 일본 au에서 출시하는 화웨이 LTE 라우터.jpg ,1737,8,0,0
2019-01-25 02:21:55.241005,13089806,2,0,2019-01-24 15:21:51, 일본 au에서 출시하는 화웨이 LTE 라우터.jpg ,1740,3,0,0
2019-01-25 03:22:00.302511,13089806,2,0,2019-01-24 15:21:51, 일본 au에서 출시하는 화웨이 LTE 라우터.jpg ,1743,3,0,0
2019-01-25 04:21:52.442075,13089806,2,0,2019-01-24 15:21:51, 일본 au에서 출시하는 화웨이 LTE 라우터.jpg ,1743,0,0,0
2019-01-25 05:21:58.373683,13089806,2,0,2019-01-24 15:21:51, 일본 au에서 출시하는 화웨이 LTE 라우터.jpg ,1745,2,0,0
2019-01-25 06:22:03.454377,13089806,2,0,2019-01-24 15:21:51, 일본 au에서 출시하는 화웨이 LTE 라우터.jpg ,1747,2,0,0
2019-01-25 07:21:55.535940,13089806,2,0,2019-01-24 15:21:51, 일본 au에서 출시하는 화웨이 LTE 라우터.jpg ,1749,2,0,0
2019-01-25 08:22:00.493686,13089806,2,0,2019-01-24 15:21:51, 일본 au에서 출시하는 화웨이 LTE 라우터.jpg ,1750,1,0,0
2019-01-25 09:21:52.468777,13089806,2,0,2019-01-24 15:21:51, 일본 au에서 출시하는 화웨이 LTE 라우터.jpg ,1754,4,0,0
2019-01-25 10:21:57.575340,13089806,2,0,2019-01-24 15:21:51, 일본 au에서 출시하는 화웨이 LTE 라우터.jpg ,1756,2,0,0
2019-01-25 11:22:02.727299,13089806,2,0,2019-01-24 15:21:51, 일본 au에서 출시하는 화웨이 LTE 라우터.jpg ,1763,7,0,0
2019-01-25 12:21:54.830745,13089806,2,0,2019-01-24 15:21:51, 일본 au에서 출시하는 화웨이 LTE 라우터.jpg ,1764,1,0,0
2019-01-25 13:21:59.939086,13089806,2,0,2019-01-24 15:21:51, 일본 au에서 출시하는 화웨이 LTE 라우터.jpg ,1768,4,0,0
2019-01-25 14:21:52.127880,13089806,2,0,2019-01-24 15:21:51, 일본 au에서 출시하는 화웨이 LTE 라우터.jpg ,1773,5,0,0
2019-01-25 15:21:57.560676,13089806,2,0,2019-01-24 15:21:51, 일본 au에서 출시하는 화웨이 LTE 라우터.jpg ,1779,6,0,0
