check_time,id,post_reply,post_symph,post_time,post_title,post_view,post_view_diff,post_reply_diff,post_symph_diff
2019-01-26 16:06:50.304910,13098148,13,0,2019-01-26 15:06:46, 신도림 한우리 1시쯤 모습 ,3367,3367,13,0
2019-01-26 17:06:55.327413,13098148,13,0,2019-01-26 15:06:46, 신도림 한우리 1시쯤 모습 ,4250,883,0,0
2019-01-26 18:06:47.394517,13098148,13,0,2019-01-26 15:06:46, 신도림 한우리 1시쯤 모습 ,4697,447,0,0
2019-01-26 19:06:52.465662,13098148,13,0,2019-01-26 15:06:46, 신도림 한우리 1시쯤 모습 ,4972,275,0,0
2019-01-26 20:06:57.578604,13098148,13,0,2019-01-26 15:06:46, 신도림 한우리 1시쯤 모습 ,5107,135,0,0
2019-01-26 21:06:49.629951,13098148,13,0,2019-01-26 15:06:46, 신도림 한우리 1시쯤 모습 ,5205,98,0,0
2019-01-26 22:06:54.693858,13098148,13,0,2019-01-26 15:06:46, 신도림 한우리 1시쯤 모습 ,5282,77,0,0
2019-01-26 23:06:46.900267,13098148,13,0,2019-01-26 15:06:46, 신도림 한우리 1시쯤 모습 ,5345,63,0,0
2019-01-27 00:06:52.061469,13098148,13,0,2019-01-26 15:06:46, 신도림 한우리 1시쯤 모습 ,5392,47,0,0
2019-01-27 01:06:57.552667,13098148,13,0,2019-01-26 15:06:46, 신도림 한우리 1시쯤 모습 ,5423,31,0,0
2019-01-27 02:06:49.623699,13098148,13,0,2019-01-26 15:06:46, 신도림 한우리 1시쯤 모습 ,5444,21,0,0
2019-01-27 03:06:55.007437,13098148,13,0,2019-01-26 15:06:46, 신도림 한우리 1시쯤 모습 ,5460,16,0,0
2019-01-27 04:06:47.371226,13098148,13,0,2019-01-26 15:06:46, 신도림 한우리 1시쯤 모습 ,5464,4,0,0
2019-01-27 05:06:52.669388,13098148,13,0,2019-01-26 15:06:46, 신도림 한우리 1시쯤 모습 ,5470,6,0,0
2019-01-27 06:06:57.826366,13098148,13,0,2019-01-26 15:06:46, 신도림 한우리 1시쯤 모습 ,5473,3,0,0
2019-01-27 07:06:49.847273,13098148,13,0,2019-01-26 15:06:46, 신도림 한우리 1시쯤 모습 ,5478,5,0,0
2019-01-27 08:06:55.413539,13098148,13,0,2019-01-26 15:06:46, 신도림 한우리 1시쯤 모습 ,5482,4,0,0
2019-01-27 09:06:47.640029,13098148,13,0,2019-01-26 15:06:46, 신도림 한우리 1시쯤 모습 ,5490,8,0,0
2019-01-27 10:06:52.915284,13098148,13,0,2019-01-26 15:06:46, 신도림 한우리 1시쯤 모습 ,5498,8,0,0
2019-01-27 11:06:58.309990,13098148,13,0,2019-01-26 15:06:46, 신도림 한우리 1시쯤 모습 ,5505,7,0,0
2019-01-27 12:06:50.426407,13098148,13,0,2019-01-26 15:06:46, 신도림 한우리 1시쯤 모습 ,5512,7,0,0
2019-01-27 13:06:55.818466,13098148,13,0,2019-01-26 15:06:46, 신도림 한우리 1시쯤 모습 ,5519,7,0,0
2019-01-27 14:06:48.402381,13098148,13,0,2019-01-26 15:06:46, 신도림 한우리 1시쯤 모습 ,5529,10,0,0
2019-01-27 15:06:53.798477,13098148,13,0,2019-01-26 15:06:46, 신도림 한우리 1시쯤 모습 ,5536,7,0,0
