check_time,id,post_reply,post_symph,post_time,post_title,post_view,post_view_diff,post_reply_diff,post_symph_diff
2019-01-24 16:17:11.588373,13089786,2,0,2019-01-24 15:16:59, 그곳에 뭔가 장치하신분 좀 혐일때가 있긴 있습니다 ,489,489,2,0
2019-01-24 17:17:03.645166,13089786,2,0,2019-01-24 15:16:59, 그곳에 뭔가 장치하신분 좀 혐일때가 있긴 있습니다 ,525,36,0,0
2019-01-24 18:17:08.668351,13089786,2,0,2019-01-24 15:16:59, 그곳에 뭔가 장치하신분 좀 혐일때가 있긴 있습니다 ,541,16,0,0
2019-01-24 19:17:00.707730,13089786,2,0,2019-01-24 15:16:59, 그곳에 뭔가 장치하신분 좀 혐일때가 있긴 있습니다 ,553,12,0,0
2019-01-24 20:17:05.999448,13089786,2,0,2019-01-24 15:16:59, 그곳에 뭔가 장치하신분 좀 혐일때가 있긴 있습니다 ,557,4,0,0
2019-01-24 21:17:11.070128,13089786,2,0,2019-01-24 15:16:59, 그곳에 뭔가 장치하신분 좀 혐일때가 있긴 있습니다 ,559,2,0,0
2019-01-24 22:17:03.538751,13089786,2,0,2019-01-24 15:16:59, 그곳에 뭔가 장치하신분 좀 혐일때가 있긴 있습니다 ,562,3,0,0
2019-01-24 23:17:08.890784,13089786,2,0,2019-01-24 15:16:59, 그곳에 뭔가 장치하신분 좀 혐일때가 있긴 있습니다 ,564,2,0,0
2019-01-25 00:17:01.187564,13089786,2,0,2019-01-24 15:16:59, 그곳에 뭔가 장치하신분 좀 혐일때가 있긴 있습니다 ,565,1,0,0
2019-01-25 01:17:06.458162,13089786,2,0,2019-01-24 15:16:59, 그곳에 뭔가 장치하신분 좀 혐일때가 있긴 있습니다 ,568,3,0,0
2019-01-25 02:17:11.789663,13089786,2,0,2019-01-24 15:16:59, 그곳에 뭔가 장치하신분 좀 혐일때가 있긴 있습니다 ,569,1,0,0
2019-01-25 03:17:04.084394,13089786,2,0,2019-01-24 15:16:59, 그곳에 뭔가 장치하신분 좀 혐일때가 있긴 있습니다 ,571,2,0,0
2019-01-25 04:17:09.163527,13089786,2,0,2019-01-24 15:16:59, 그곳에 뭔가 장치하신분 좀 혐일때가 있긴 있습니다 ,574,3,0,0
2019-01-25 05:17:01.412627,13089786,2,0,2019-01-24 15:16:59, 그곳에 뭔가 장치하신분 좀 혐일때가 있긴 있습니다 ,575,1,0,0
2019-01-25 06:17:06.556417,13089786,2,0,2019-01-24 15:16:59, 그곳에 뭔가 장치하신분 좀 혐일때가 있긴 있습니다 ,576,1,0,0
2019-01-25 07:17:11.611382,13089786,2,0,2019-01-24 15:16:59, 그곳에 뭔가 장치하신분 좀 혐일때가 있긴 있습니다 ,578,2,0,0
2019-01-25 08:17:03.628789,13089786,2,0,2019-01-24 15:16:59, 그곳에 뭔가 장치하신분 좀 혐일때가 있긴 있습니다 ,579,1,0,0
2019-01-25 09:16:59.416296,13089786,2,0,2019-01-24 15:16:59, 그곳에 뭔가 장치하신분 좀 혐일때가 있긴 있습니다 ,582,3,0,0
2019-01-25 10:17:05.079472,13089786,2,0,2019-01-24 15:16:59, 그곳에 뭔가 장치하신분 좀 혐일때가 있긴 있습니다 ,583,1,0,0
2019-01-25 11:17:10.183787,13089786,2,0,2019-01-24 15:16:59, 그곳에 뭔가 장치하신분 좀 혐일때가 있긴 있습니다 ,587,4,0,0
2019-01-25 12:17:05.653797,13089786,2,0,2019-01-24 15:16:59, 그곳에 뭔가 장치하신분 좀 혐일때가 있긴 있습니다 ,587,0,0,0
2019-01-25 13:17:10.950433,13089786,2,0,2019-01-24 15:16:59, 그곳에 뭔가 장치하신분 좀 혐일때가 있긴 있습니다 ,588,1,0,0
2019-01-25 14:17:04.283034,13089786,2,0,2019-01-24 15:16:59, 그곳에 뭔가 장치하신분 좀 혐일때가 있긴 있습니다 ,590,2,0,0
2019-01-25 15:17:09.687273,13089786,2,0,2019-01-24 15:16:59, 그곳에 뭔가 장치하신분 좀 혐일때가 있긴 있습니다 ,594,4,0,0
