check_time,id,post_reply,post_symph,post_time,post_title,post_view,post_view_diff,post_reply_diff,post_symph_diff
2019-01-25 16:51:31.541570,13094191,2,0,2019-01-25 15:51:31, 김명수 대법원장이 지방법원장 후보 추천제를 시범 실시 한다는데 흥미롭네요. ,483,483,2,0
2019-01-25 17:51:36.623658,13094191,2,0,2019-01-25 15:51:31, 김명수 대법원장이 지방법원장 후보 추천제를 시범 실시 한다는데 흥미롭네요. ,534,51,0,0
2019-01-25 18:51:41.707561,13094191,2,0,2019-01-25 15:51:31, 김명수 대법원장이 지방법원장 후보 추천제를 시범 실시 한다는데 흥미롭네요. ,556,22,0,0
2019-01-25 19:51:33.819022,13094191,2,0,2019-01-25 15:51:31, 김명수 대법원장이 지방법원장 후보 추천제를 시범 실시 한다는데 흥미롭네요. ,568,12,0,0
2019-01-25 20:51:38.889719,13094191,2,0,2019-01-25 15:51:31, 김명수 대법원장이 지방법원장 후보 추천제를 시범 실시 한다는데 흥미롭네요. ,573,5,0,0
2019-01-25 21:51:43.925965,13094191,2,0,2019-01-25 15:51:31, 김명수 대법원장이 지방법원장 후보 추천제를 시범 실시 한다는데 흥미롭네요. ,581,8,0,0
2019-01-25 22:51:35.958230,13094191,2,0,2019-01-25 15:51:31, 김명수 대법원장이 지방법원장 후보 추천제를 시범 실시 한다는데 흥미롭네요. ,582,1,0,0
2019-01-25 23:51:41.062108,13094191,2,0,2019-01-25 15:51:31, 김명수 대법원장이 지방법원장 후보 추천제를 시범 실시 한다는데 흥미롭네요. ,588,6,0,0
2019-01-26 00:51:33.141597,13094191,2,0,2019-01-25 15:51:31, 김명수 대법원장이 지방법원장 후보 추천제를 시범 실시 한다는데 흥미롭네요. ,593,5,0,0
2019-01-26 01:51:38.210489,13094191,2,0,2019-01-25 15:51:31, 김명수 대법원장이 지방법원장 후보 추천제를 시범 실시 한다는데 흥미롭네요. ,597,4,0,0
2019-01-26 02:51:43.234170,13094191,2,0,2019-01-25 15:51:31, 김명수 대법원장이 지방법원장 후보 추천제를 시범 실시 한다는데 흥미롭네요. ,599,2,0,0
2019-01-26 03:51:35.230084,13094191,2,0,2019-01-25 15:51:31, 김명수 대법원장이 지방법원장 후보 추천제를 시범 실시 한다는데 흥미롭네요. ,601,2,0,0
2019-01-26 04:51:40.468223,13094191,2,0,2019-01-25 15:51:31, 김명수 대법원장이 지방법원장 후보 추천제를 시범 실시 한다는데 흥미롭네요. ,602,1,0,0
2019-01-26 05:51:32.480127,13094191,2,0,2019-01-25 15:51:31, 김명수 대법원장이 지방법원장 후보 추천제를 시범 실시 한다는데 흥미롭네요. ,603,1,0,0
2019-01-26 06:51:37.469862,13094191,2,0,2019-01-25 15:51:31, 김명수 대법원장이 지방법원장 후보 추천제를 시범 실시 한다는데 흥미롭네요. ,604,1,0,0
2019-01-26 07:51:42.832054,13094191,2,0,2019-01-25 15:51:31, 김명수 대법원장이 지방법원장 후보 추천제를 시범 실시 한다는데 흥미롭네요. ,607,3,0,0
2019-01-26 08:51:35.054633,13094191,2,0,2019-01-25 15:51:31, 김명수 대법원장이 지방법원장 후보 추천제를 시범 실시 한다는데 흥미롭네요. ,608,1,0,0
2019-01-26 09:51:40.057925,13094191,2,0,2019-01-25 15:51:31, 김명수 대법원장이 지방법원장 후보 추천제를 시범 실시 한다는데 흥미롭네요. ,609,1,0,0
2019-01-26 10:51:32.321319,13094191,2,0,2019-01-25 15:51:31, 김명수 대법원장이 지방법원장 후보 추천제를 시범 실시 한다는데 흥미롭네요. ,611,2,0,0
2019-01-26 11:51:37.490842,13094191,2,0,2019-01-25 15:51:31, 김명수 대법원장이 지방법원장 후보 추천제를 시범 실시 한다는데 흥미롭네요. ,612,1,0,0
2019-01-26 12:51:42.639399,13094191,2,0,2019-01-25 15:51:31, 김명수 대법원장이 지방법원장 후보 추천제를 시범 실시 한다는데 흥미롭네요. ,614,2,0,0
2019-01-26 13:51:34.741802,13094191,2,0,2019-01-25 15:51:31, 김명수 대법원장이 지방법원장 후보 추천제를 시범 실시 한다는데 흥미롭네요. ,615,1,0,0
2019-01-26 14:51:39.856185,13094191,2,0,2019-01-25 15:51:31, 김명수 대법원장이 지방법원장 후보 추천제를 시범 실시 한다는데 흥미롭네요. ,617,2,0,0
2019-01-26 15:51:31.934703,13094191,2,0,2019-01-25 15:51:31, 김명수 대법원장이 지방법원장 후보 추천제를 시범 실시 한다는데 흥미롭네요. ,617,0,0,0
