check_time,id,post_reply,post_symph,post_time,post_title,post_view,post_view_diff,post_reply_diff,post_symph_diff
2019-01-24 16:47:03.562523,13089911,26,0,2019-01-24 15:46:59, 플스를 사 들고 집에 왔는데... ,2529,2529,26,0
2019-01-24 17:47:08.725245,13089911,28,0,2019-01-24 15:46:59, 플스를 사 들고 집에 왔는데... ,2883,354,2,0
2019-01-24 18:47:00.801481,13089911,28,0,2019-01-24 15:46:59, 플스를 사 들고 집에 왔는데... ,2996,113,0,0
2019-01-24 19:47:05.940751,13089911,28,0,2019-01-24 15:46:59, 플스를 사 들고 집에 왔는데... ,3074,78,0,0
2019-01-24 20:47:11.037342,13089911,28,0,2019-01-24 15:46:59, 플스를 사 들고 집에 왔는데... ,3122,48,0,0
2019-01-24 21:47:03.020624,13089911,28,0,2019-01-24 15:46:59, 플스를 사 들고 집에 왔는데... ,3162,40,0,0
2019-01-24 22:47:08.084796,13089911,28,0,2019-01-24 15:46:59, 플스를 사 들고 집에 왔는데... ,3193,31,0,0
2019-01-24 23:47:00.628923,13089911,28,0,2019-01-24 15:46:59, 플스를 사 들고 집에 왔는데... ,3216,23,0,0
2019-01-25 00:47:05.675695,13089911,28,0,2019-01-24 15:46:59, 플스를 사 들고 집에 왔는데... ,3230,14,0,0
2019-01-25 01:47:10.721224,13089911,28,0,2019-01-24 15:46:59, 플스를 사 들고 집에 왔는데... ,3239,9,0,0
2019-01-25 02:47:02.796332,13089911,28,0,2019-01-24 15:46:59, 플스를 사 들고 집에 왔는데... ,3243,4,0,0
2019-01-25 03:47:07.852790,13089911,28,0,2019-01-24 15:46:59, 플스를 사 들고 집에 왔는데... ,3245,2,0,0
2019-01-25 04:46:59.981627,13089911,28,0,2019-01-24 15:46:59, 플스를 사 들고 집에 왔는데... ,3247,2,0,0
2019-01-25 05:47:05.258466,13089911,28,0,2019-01-24 15:46:59, 플스를 사 들고 집에 왔는데... ,3249,2,0,0
2019-01-25 06:47:10.566750,13089911,28,0,2019-01-24 15:46:59, 플스를 사 들고 집에 왔는데... ,3252,3,0,0
2019-01-25 07:47:02.709281,13089911,28,0,2019-01-24 15:46:59, 플스를 사 들고 집에 왔는데... ,3256,4,0,0
2019-01-25 08:47:07.844463,13089911,28,0,2019-01-24 15:46:59, 플스를 사 들고 집에 왔는데... ,3258,2,0,0
2019-01-25 09:46:59.961984,13089911,28,0,2019-01-24 15:46:59, 플스를 사 들고 집에 왔는데... ,3263,5,0,0
2019-01-25 10:47:05.133776,13089911,28,0,2019-01-24 15:46:59, 플스를 사 들고 집에 왔는데... ,3268,5,0,0
2019-01-25 11:47:10.322041,13089911,28,0,2019-01-24 15:46:59, 플스를 사 들고 집에 왔는데... ,3270,2,0,0
2019-01-25 12:47:02.374776,13089911,28,0,2019-01-24 15:46:59, 플스를 사 들고 집에 왔는데... ,3271,1,0,0
2019-01-25 13:47:07.454963,13089911,28,0,2019-01-24 15:46:59, 플스를 사 들고 집에 왔는데... ,3272,1,0,0
2019-01-25 14:46:59.577881,13089911,28,0,2019-01-24 15:46:59, 플스를 사 들고 집에 왔는데... ,3276,4,0,0
2019-01-25 15:47:04.737930,13089911,28,0,2019-01-24 15:46:59, 플스를 사 들고 집에 왔는데... ,3283,7,0,0
