check_time,id,post_reply,post_symph,post_time,post_title,post_view,post_view_diff,post_reply_diff,post_symph_diff
2019-01-26 16:16:57.173795,13098176,5,0,2019-01-26 15:16:49, 스팀게임을 하다보니 플스 뽐뿌가 죽네요ㅜ ,563,563,5,0
2019-01-26 17:16:49.304652,13098176,5,0,2019-01-26 15:16:49, 스팀게임을 하다보니 플스 뽐뿌가 죽네요ㅜ ,657,94,0,0
2019-01-26 18:16:54.426988,13098176,5,0,2019-01-26 15:16:49, 스팀게임을 하다보니 플스 뽐뿌가 죽네요ㅜ ,692,35,0,0
2019-01-26 19:16:59.896115,13098176,5,0,2019-01-26 15:16:49, 스팀게임을 하다보니 플스 뽐뿌가 죽네요ㅜ ,716,24,0,0
2019-01-26 20:16:51.994178,13098176,5,0,2019-01-26 15:16:49, 스팀게임을 하다보니 플스 뽐뿌가 죽네요ㅜ ,730,14,0,0
2019-01-26 21:16:57.070495,13098176,5,0,2019-01-26 15:16:49, 스팀게임을 하다보니 플스 뽐뿌가 죽네요ㅜ ,740,10,0,0
2019-01-26 22:16:49.199564,13098176,5,0,2019-01-26 15:16:49, 스팀게임을 하다보니 플스 뽐뿌가 죽네요ㅜ ,750,10,0,0
2019-01-26 23:16:54.307020,13098176,5,0,2019-01-26 15:16:49, 스팀게임을 하다보니 플스 뽐뿌가 죽네요ㅜ ,759,9,0,0
2019-01-27 00:16:59.421899,13098176,5,0,2019-01-26 15:16:49, 스팀게임을 하다보니 플스 뽐뿌가 죽네요ㅜ ,765,6,0,0
2019-01-27 01:16:51.742923,13098176,5,0,2019-01-26 15:16:49, 스팀게임을 하다보니 플스 뽐뿌가 죽네요ㅜ ,774,9,0,0
2019-01-27 02:16:56.939566,13098176,5,0,2019-01-26 15:16:49, 스팀게임을 하다보니 플스 뽐뿌가 죽네요ㅜ ,777,3,0,0
2019-01-27 03:16:49.386854,13098176,5,0,2019-01-26 15:16:49, 스팀게임을 하다보니 플스 뽐뿌가 죽네요ㅜ ,779,2,0,0
2019-01-27 04:16:54.706391,13098176,5,0,2019-01-26 15:16:49, 스팀게임을 하다보니 플스 뽐뿌가 죽네요ㅜ ,781,2,0,0
2019-01-27 05:17:00.175613,13098176,5,0,2019-01-26 15:16:49, 스팀게임을 하다보니 플스 뽐뿌가 죽네요ㅜ ,783,2,0,0
2019-01-27 06:16:53.045564,13098176,5,0,2019-01-26 15:16:49, 스팀게임을 하다보니 플스 뽐뿌가 죽네요ㅜ ,783,0,0,0
2019-01-27 07:16:58.242616,13098176,5,0,2019-01-26 15:16:49, 스팀게임을 하다보니 플스 뽐뿌가 죽네요ㅜ ,786,3,0,0
2019-01-27 08:16:50.426410,13098176,5,0,2019-01-26 15:16:49, 스팀게임을 하다보니 플스 뽐뿌가 죽네요ㅜ ,788,2,0,0
2019-01-27 09:16:55.557257,13098176,5,0,2019-01-26 15:16:49, 스팀게임을 하다보니 플스 뽐뿌가 죽네요ㅜ ,791,3,0,0
2019-01-27 10:17:00.719518,13098176,5,0,2019-01-26 15:16:49, 스팀게임을 하다보니 플스 뽐뿌가 죽네요ㅜ ,794,3,0,0
2019-01-27 11:16:53.884766,13098176,5,0,2019-01-26 15:16:49, 스팀게임을 하다보니 플스 뽐뿌가 죽네요ㅜ ,798,4,0,0
2019-01-27 12:16:59.262169,13098176,5,0,2019-01-26 15:16:49, 스팀게임을 하다보니 플스 뽐뿌가 죽네요ㅜ ,801,3,0,0
2019-01-27 13:16:51.663709,13098176,5,0,2019-01-26 15:16:49, 스팀게임을 하다보니 플스 뽐뿌가 죽네요ㅜ ,802,1,0,0
2019-01-27 14:16:57.240173,13098176,5,0,2019-01-26 15:16:49, 스팀게임을 하다보니 플스 뽐뿌가 죽네요ㅜ ,803,1,0,0
2019-01-27 15:16:49.694467,13098176,5,0,2019-01-26 15:16:49, 스팀게임을 하다보니 플스 뽐뿌가 죽네요ㅜ ,807,4,0,0
