check_time,id,post_reply,post_symph,post_time,post_title,post_view,post_view_diff,post_reply_diff,post_symph_diff
2019-01-29 16:36:37.094011,13108616,8,0,2019-01-29 15:36:31, 아 오늘 비지니스 업글 까였네요. ,1402,1402,8,0
2019-01-29 17:36:42.424650,13108616,8,0,2019-01-29 15:36:31, 아 오늘 비지니스 업글 까였네요. ,1544,142,0,0
2019-01-29 18:36:34.531921,13108616,8,0,2019-01-29 15:36:31, 아 오늘 비지니스 업글 까였네요. ,1605,61,0,0
2019-01-29 19:36:40.206290,13108616,8,0,2019-01-29 15:36:31, 아 오늘 비지니스 업글 까였네요. ,1642,37,0,0
2019-01-29 20:36:32.498826,13108616,8,0,2019-01-29 15:36:31, 아 오늘 비지니스 업글 까였네요. ,1655,13,0,0
2019-01-29 21:36:37.649963,13108616,8,0,2019-01-29 15:36:31, 아 오늘 비지니스 업글 까였네요. ,1668,13,0,0
2019-01-29 22:36:43.052523,13108616,8,0,2019-01-29 15:36:31, 아 오늘 비지니스 업글 까였네요. ,1677,9,0,0
2019-01-29 23:36:35.229669,13108616,8,0,2019-01-29 15:36:31, 아 오늘 비지니스 업글 까였네요. ,1687,10,0,0
2019-01-30 00:36:40.330545,13108616,8,0,2019-01-29 15:36:31, 아 오늘 비지니스 업글 까였네요. ,1689,2,0,0
2019-01-30 01:36:32.338676,13108616,8,0,2019-01-29 15:36:31, 아 오늘 비지니스 업글 까였네요. ,1692,3,0,0
2019-01-30 02:36:37.558806,13108616,8,0,2019-01-29 15:36:31, 아 오늘 비지니스 업글 까였네요. ,1693,1,0,0
2019-01-30 03:36:42.614559,13108616,8,0,2019-01-29 15:36:31, 아 오늘 비지니스 업글 까였네요. ,1695,2,0,0
2019-01-30 04:36:34.634561,13108616,8,0,2019-01-29 15:36:31, 아 오늘 비지니스 업글 까였네요. ,1698,3,0,0
2019-01-30 05:36:39.806269,13108616,8,0,2019-01-29 15:36:31, 아 오늘 비지니스 업글 까였네요. ,1701,3,0,0
2019-01-30 06:36:32.224589,13108616,8,0,2019-01-29 15:36:31, 아 오늘 비지니스 업글 까였네요. ,1702,1,0,0
2019-01-30 07:36:37.555595,13108616,8,0,2019-01-29 15:36:31, 아 오늘 비지니스 업글 까였네요. ,1703,1,0,0
2019-01-30 08:36:42.626734,13108616,8,0,2019-01-29 15:36:31, 아 오늘 비지니스 업글 까였네요. ,1706,3,0,0
2019-01-30 09:36:34.730293,13108616,8,0,2019-01-29 15:36:31, 아 오늘 비지니스 업글 까였네요. ,1708,2,0,0
2019-01-30 10:36:39.751610,13108616,8,0,2019-01-29 15:36:31, 아 오늘 비지니스 업글 까였네요. ,1710,2,0,0
2019-01-30 11:36:32.418323,13108616,8,0,2019-01-29 15:36:31, 아 오늘 비지니스 업글 까였네요. ,1715,5,0,0
2019-01-30 12:36:37.396982,13108616,8,0,2019-01-29 15:36:31, 아 오늘 비지니스 업글 까였네요. ,1717,2,0,0
2019-01-30 13:36:42.743237,13108616,8,0,2019-01-29 15:36:31, 아 오늘 비지니스 업글 까였네요. ,1718,1,0,0
2019-01-30 14:36:35.373124,13108616,8,0,2019-01-29 15:36:31, 아 오늘 비지니스 업글 까였네요. ,1720,2,0,0
2019-01-30 15:36:40.784488,13108616,8,0,2019-01-29 15:36:31, 아 오늘 비지니스 업글 까였네요. ,1721,1,0,0
