check_time,id,post_reply,post_symph,post_time,post_title,post_view,post_view_diff,post_reply_diff,post_symph_diff
2019-01-24 16:27:29.205900,13089834,3,0,2019-01-24 15:27:20, 오늘 월차라 블베 키투를 사러 갔는데... ,390,390,3,0
2019-01-24 17:27:21.303532,13089834,3,0,2019-01-24 15:27:20, 오늘 월차라 블베 키투를 사러 갔는데... ,431,41,0,0
2019-01-24 18:27:26.435418,13089834,3,0,2019-01-24 15:27:20, 오늘 월차라 블베 키투를 사러 갔는데... ,451,20,0,0
2019-01-24 19:27:31.532593,13089834,3,0,2019-01-24 15:27:20, 오늘 월차라 블베 키투를 사러 갔는데... ,462,11,0,0
2019-01-24 20:27:23.583834,13089834,3,0,2019-01-24 15:27:20, 오늘 월차라 블베 키투를 사러 갔는데... ,465,3,0,0
2019-01-24 21:27:28.633510,13089834,3,0,2019-01-24 15:27:20, 오늘 월차라 블베 키투를 사러 갔는데... ,468,3,0,0
2019-01-24 22:27:20.712625,13089834,3,0,2019-01-24 15:27:20, 오늘 월차라 블베 키투를 사러 갔는데... ,477,9,0,0
2019-01-24 23:27:26.074446,13089834,3,0,2019-01-24 15:27:20, 오늘 월차라 블베 키투를 사러 갔는데... ,480,3,0,0
2019-01-25 00:27:31.347565,13089834,3,0,2019-01-24 15:27:20, 오늘 월차라 블베 키투를 사러 갔는데... ,482,2,0,0
2019-01-25 01:27:23.463007,13089834,3,0,2019-01-24 15:27:20, 오늘 월차라 블베 키투를 사러 갔는데... ,484,2,0,0
2019-01-25 02:27:28.813432,13089834,3,0,2019-01-24 15:27:20, 오늘 월차라 블베 키투를 사러 갔는데... ,486,2,0,0
2019-01-25 03:27:21.064381,13089834,3,0,2019-01-24 15:27:20, 오늘 월차라 블베 키투를 사러 갔는데... ,487,1,0,0
2019-01-25 04:27:26.435930,13089834,3,0,2019-01-24 15:27:20, 오늘 월차라 블베 키투를 사러 갔는데... ,487,0,0,0
2019-01-25 05:27:31.549467,13089834,3,0,2019-01-24 15:27:20, 오늘 월차라 블베 키투를 사러 갔는데... ,488,1,0,0
2019-01-25 06:27:23.546602,13089834,3,0,2019-01-24 15:27:20, 오늘 월차라 블베 키투를 사러 갔는데... ,489,1,0,0
2019-01-25 07:27:28.579338,13089834,3,0,2019-01-24 15:27:20, 오늘 월차라 블베 키투를 사러 갔는데... ,491,2,0,0
2019-01-25 08:27:20.645598,13089834,3,0,2019-01-24 15:27:20, 오늘 월차라 블베 키투를 사러 갔는데... ,495,4,0,0
2019-01-25 09:27:25.683518,13089834,3,0,2019-01-24 15:27:20, 오늘 월차라 블베 키투를 사러 갔는데... ,497,2,0,0
2019-01-25 10:27:30.726503,13089834,3,0,2019-01-24 15:27:20, 오늘 월차라 블베 키투를 사러 갔는데... ,499,2,0,0
2019-01-25 11:27:22.888140,13089834,3,0,2019-01-24 15:27:20, 오늘 월차라 블베 키투를 사러 갔는데... ,500,1,0,0
2019-01-25 12:27:27.937155,13089834,3,0,2019-01-24 15:27:20, 오늘 월차라 블베 키투를 사러 갔는데... ,501,1,0,0
2019-01-25 13:27:20.149618,13089834,3,0,2019-01-24 15:27:20, 오늘 월차라 블베 키투를 사러 갔는데... ,503,2,0,0
2019-01-25 14:27:25.194757,13089834,3,0,2019-01-24 15:27:20, 오늘 월차라 블베 키투를 사러 갔는데... ,507,4,0,0
2019-01-25 15:27:30.227046,13089834,3,0,2019-01-24 15:27:20, 오늘 월차라 블베 키투를 사러 갔는데... ,510,3,0,0
