check_time,id,post_reply,post_symph,post_time,post_title,post_view,post_view_diff,post_reply_diff,post_symph_diff
2019-01-26 16:56:55.878306,13098287,21,0,2019-01-26 15:56:43, IMF 군번의 슬픔? ,1361,1361,21,0
2019-01-26 17:56:48.018223,13098287,22,0,2019-01-26 15:56:43, IMF 군번의 슬픔? ,1685,324,1,0
2019-01-26 18:56:53.179612,13098287,23,0,2019-01-26 15:56:43, IMF 군번의 슬픔? ,1874,189,1,0
2019-01-26 19:56:45.280198,13098287,23,0,2019-01-26 15:56:43, IMF 군번의 슬픔? ,1971,97,0,0
2019-01-26 20:56:50.325959,13098287,23,0,2019-01-26 15:56:43, IMF 군번의 슬픔? ,2020,49,0,0
2019-01-26 21:56:55.471505,13098287,23,0,2019-01-26 15:56:43, IMF 군번의 슬픔? ,2066,46,0,0
2019-01-26 22:56:47.608805,13098287,23,0,2019-01-26 15:56:43, IMF 군번의 슬픔? ,2101,35,0,0
2019-01-26 23:56:52.758611,13098287,23,0,2019-01-26 15:56:43, IMF 군번의 슬픔? ,2129,28,0,0
2019-01-27 00:56:44.860058,13098287,23,0,2019-01-26 15:56:43, IMF 군번의 슬픔? ,2156,27,0,0
2019-01-27 01:56:49.953369,13098287,23,0,2019-01-26 15:56:43, IMF 군번의 슬픔? ,2173,17,0,0
2019-01-27 02:56:55.075573,13098287,23,0,2019-01-26 15:56:43, IMF 군번의 슬픔? ,2177,4,0,0
2019-01-27 03:56:47.169714,13098287,23,0,2019-01-26 15:56:43, IMF 군번의 슬픔? ,2180,3,0,0
2019-01-27 04:56:52.297745,13098287,23,0,2019-01-26 15:56:43, IMF 군번의 슬픔? ,2183,3,0,0
2019-01-27 05:56:44.423374,13098287,23,0,2019-01-26 15:56:43, IMF 군번의 슬픔? ,2184,1,0,0
2019-01-27 06:56:49.530573,13098287,23,0,2019-01-26 15:56:43, IMF 군번의 슬픔? ,2186,2,0,0
2019-01-27 07:56:54.705548,13098287,23,0,2019-01-26 15:56:43, IMF 군번의 슬픔? ,2190,4,0,0
2019-01-27 08:56:46.841565,13098287,23,0,2019-01-26 15:56:43, IMF 군번의 슬픔? ,2192,2,0,0
2019-01-27 09:56:52.027840,13098287,23,0,2019-01-26 15:56:43, IMF 군번의 슬픔? ,2195,3,0,0
2019-01-27 10:56:44.196474,13098287,23,0,2019-01-26 15:56:43, IMF 군번의 슬픔? ,2197,2,0,0
2019-01-27 11:56:49.351757,13098287,23,0,2019-01-26 15:56:43, IMF 군번의 슬픔? ,2199,2,0,0
2019-01-27 12:56:54.449436,13098287,23,0,2019-01-26 15:56:43, IMF 군번의 슬픔? ,2202,3,0,0
2019-01-27 13:56:46.653175,13098287,23,0,2019-01-26 15:56:43, IMF 군번의 슬픔? ,2203,1,0,0
2019-01-27 14:56:51.801366,13098287,23,0,2019-01-26 15:56:43, IMF 군번의 슬픔? ,2207,4,0,0
2019-01-27 15:56:43.881873,13098287,23,0,2019-01-26 15:56:43, IMF 군번의 슬픔? ,2208,1,0,0
