check_time,id,post_reply,post_symph,post_time,post_title,post_view,post_view_diff,post_reply_diff,post_symph_diff
2019-01-28 16:47:10.887790,13104909,3,0,2019-01-28 15:46:58, 연말정산 작성 때 도서공연비 확인 못하고 내버렸네요 ㅠㅠ ,689,689,3,0
2019-01-28 17:47:03.098308,13104909,3,0,2019-01-28 15:46:58, 연말정산 작성 때 도서공연비 확인 못하고 내버렸네요 ㅠㅠ ,757,68,0,0
2019-01-28 18:47:08.162394,13104909,3,0,2019-01-28 15:46:58, 연말정산 작성 때 도서공연비 확인 못하고 내버렸네요 ㅠㅠ ,777,20,0,0
2019-01-28 19:47:00.202260,13104909,3,0,2019-01-28 15:46:58, 연말정산 작성 때 도서공연비 확인 못하고 내버렸네요 ㅠㅠ ,794,17,0,0
2019-01-28 20:47:06.318756,13104909,3,0,2019-01-28 15:46:58, 연말정산 작성 때 도서공연비 확인 못하고 내버렸네요 ㅠㅠ ,802,8,0,0
2019-01-28 21:46:58.600495,13104909,3,0,2019-01-28 15:46:58, 연말정산 작성 때 도서공연비 확인 못하고 내버렸네요 ㅠㅠ ,811,9,0,0
2019-01-28 22:47:04.085618,13104909,3,0,2019-01-28 15:46:58, 연말정산 작성 때 도서공연비 확인 못하고 내버렸네요 ㅠㅠ ,813,2,0,0
2019-01-28 23:47:09.129988,13104909,3,0,2019-01-28 15:46:58, 연말정산 작성 때 도서공연비 확인 못하고 내버렸네요 ㅠㅠ ,817,4,0,0
2019-01-29 00:47:01.121413,13104909,3,0,2019-01-28 15:46:58, 연말정산 작성 때 도서공연비 확인 못하고 내버렸네요 ㅠㅠ ,823,6,0,0
2019-01-29 01:47:06.333745,13104909,3,0,2019-01-28 15:46:58, 연말정산 작성 때 도서공연비 확인 못하고 내버렸네요 ㅠㅠ ,826,3,0,0
2019-01-29 02:46:58.334345,13104909,3,0,2019-01-28 15:46:58, 연말정산 작성 때 도서공연비 확인 못하고 내버렸네요 ㅠㅠ ,829,3,0,0
2019-01-29 03:47:03.395371,13104909,3,0,2019-01-28 15:46:58, 연말정산 작성 때 도서공연비 확인 못하고 내버렸네요 ㅠㅠ ,833,4,0,0
2019-01-29 04:47:08.417885,13104909,3,0,2019-01-28 15:46:58, 연말정산 작성 때 도서공연비 확인 못하고 내버렸네요 ㅠㅠ ,834,1,0,0
2019-01-29 05:47:00.417996,13104909,3,0,2019-01-28 15:46:58, 연말정산 작성 때 도서공연비 확인 못하고 내버렸네요 ㅠㅠ ,835,1,0,0
2019-01-29 06:47:05.505799,13104909,3,0,2019-01-28 15:46:58, 연말정산 작성 때 도서공연비 확인 못하고 내버렸네요 ㅠㅠ ,837,2,0,0
2019-01-29 07:47:10.492336,13104909,3,0,2019-01-28 15:46:58, 연말정산 작성 때 도서공연비 확인 못하고 내버렸네요 ㅠㅠ ,839,2,0,0
2019-01-29 08:47:02.472152,13104909,3,0,2019-01-28 15:46:58, 연말정산 작성 때 도서공연비 확인 못하고 내버렸네요 ㅠㅠ ,841,2,0,0
2019-01-29 09:47:07.505782,13104909,3,0,2019-01-28 15:46:58, 연말정산 작성 때 도서공연비 확인 못하고 내버렸네요 ㅠㅠ ,842,1,0,0
2019-01-29 10:46:59.795633,13104909,3,0,2019-01-28 15:46:58, 연말정산 작성 때 도서공연비 확인 못하고 내버렸네요 ㅠㅠ ,843,1,0,0
2019-01-29 11:47:04.833692,13104909,3,0,2019-01-28 15:46:58, 연말정산 작성 때 도서공연비 확인 못하고 내버렸네요 ㅠㅠ ,844,1,0,0
2019-01-29 12:47:09.830514,13104909,3,0,2019-01-28 15:46:58, 연말정산 작성 때 도서공연비 확인 못하고 내버렸네요 ㅠㅠ ,848,4,0,0
2019-01-29 13:47:01.962181,13104909,3,0,2019-01-28 15:46:58, 연말정산 작성 때 도서공연비 확인 못하고 내버렸네요 ㅠㅠ ,852,4,0,0
2019-01-29 14:47:06.950749,13104909,3,0,2019-01-28 15:46:58, 연말정산 작성 때 도서공연비 확인 못하고 내버렸네요 ㅠㅠ ,853,1,0,0
2019-01-29 15:46:59.399702,13104909,3,0,2019-01-28 15:46:58, 연말정산 작성 때 도서공연비 확인 못하고 내버렸네요 ㅠㅠ ,855,2,0,0
