check_time,id,post_reply,post_symph,post_time,post_title,post_view,post_view_diff,post_reply_diff,post_symph_diff
2019-01-27 16:56:22.908440,13101354,0,0,2019-01-27 15:56:15, 킹덤스포)확실히 장르물은 상영등급이 받쳐춰야 하는 것 같습니다.. ,769,769,0,0
2019-01-27 17:56:15.086900,13101354,0,0,2019-01-27 15:56:15, 킹덤스포)확실히 장르물은 상영등급이 받쳐춰야 하는 것 같습니다.. ,888,119,0,0
2019-01-27 18:56:20.276257,13101354,0,0,2019-01-27 15:56:15, 킹덤스포)확실히 장르물은 상영등급이 받쳐춰야 하는 것 같습니다.. ,948,60,0,0
2019-01-27 19:56:25.307777,13101354,0,0,2019-01-27 15:56:15, 킹덤스포)확실히 장르물은 상영등급이 받쳐춰야 하는 것 같습니다.. ,986,38,0,0
2019-01-27 20:56:17.334207,13101354,0,0,2019-01-27 15:56:15, 킹덤스포)확실히 장르물은 상영등급이 받쳐춰야 하는 것 같습니다.. ,1017,31,0,0
2019-01-27 21:56:22.426752,13101354,0,0,2019-01-27 15:56:15, 킹덤스포)확실히 장르물은 상영등급이 받쳐춰야 하는 것 같습니다.. ,1040,23,0,0
2019-01-27 22:56:27.480461,13101354,0,0,2019-01-27 15:56:15, 킹덤스포)확실히 장르물은 상영등급이 받쳐춰야 하는 것 같습니다.. ,1057,17,0,0
2019-01-27 23:56:19.507025,13101354,0,0,2019-01-27 15:56:15, 킹덤스포)확실히 장르물은 상영등급이 받쳐춰야 하는 것 같습니다.. ,1070,13,0,0
2019-01-28 00:56:24.815728,13101354,0,0,2019-01-27 15:56:15, 킹덤스포)확실히 장르물은 상영등급이 받쳐춰야 하는 것 같습니다.. ,1083,13,0,0
2019-01-28 01:56:16.880385,13101354,0,0,2019-01-27 15:56:15, 킹덤스포)확실히 장르물은 상영등급이 받쳐춰야 하는 것 같습니다.. ,1087,4,0,0
2019-01-28 02:56:21.926009,13101354,0,0,2019-01-27 15:56:15, 킹덤스포)확실히 장르물은 상영등급이 받쳐춰야 하는 것 같습니다.. ,1090,3,0,0
2019-01-28 03:56:26.938275,13101354,0,0,2019-01-27 15:56:15, 킹덤스포)확실히 장르물은 상영등급이 받쳐춰야 하는 것 같습니다.. ,1095,5,0,0
2019-01-28 04:56:18.908183,13101354,0,0,2019-01-27 15:56:15, 킹덤스포)확실히 장르물은 상영등급이 받쳐춰야 하는 것 같습니다.. ,1097,2,0,0
2019-01-28 05:56:23.947841,13101354,0,0,2019-01-27 15:56:15, 킹덤스포)확실히 장르물은 상영등급이 받쳐춰야 하는 것 같습니다.. ,1098,1,0,0
2019-01-28 06:56:15.980129,13101354,0,0,2019-01-27 15:56:15, 킹덤스포)확실히 장르물은 상영등급이 받쳐춰야 하는 것 같습니다.. ,1099,1,0,0
2019-01-28 07:56:21.095000,13101354,0,0,2019-01-27 15:56:15, 킹덤스포)확실히 장르물은 상영등급이 받쳐춰야 하는 것 같습니다.. ,1104,5,0,0
2019-01-28 08:56:26.374020,13101354,0,0,2019-01-27 15:56:15, 킹덤스포)확실히 장르물은 상영등급이 받쳐춰야 하는 것 같습니다.. ,1108,4,0,0
2019-01-28 09:56:18.373488,13101354,0,0,2019-01-27 15:56:15, 킹덤스포)확실히 장르물은 상영등급이 받쳐춰야 하는 것 같습니다.. ,1110,2,0,0
2019-01-28 10:56:23.335065,13101354,0,0,2019-01-27 15:56:15, 킹덤스포)확실히 장르물은 상영등급이 받쳐춰야 하는 것 같습니다.. ,1114,4,0,0
2019-01-28 11:56:15.979463,13101354,0,0,2019-01-27 15:56:15, 킹덤스포)확실히 장르물은 상영등급이 받쳐춰야 하는 것 같습니다.. ,1117,3,0,0
2019-01-28 12:56:21.213181,13101354,0,0,2019-01-27 15:56:15, 킹덤스포)확실히 장르물은 상영등급이 받쳐춰야 하는 것 같습니다.. ,1118,1,0,0
2019-01-28 13:56:26.289331,13101354,0,0,2019-01-27 15:56:15, 킹덤스포)확실히 장르물은 상영등급이 받쳐춰야 하는 것 같습니다.. ,1120,2,0,0
2019-01-28 14:56:18.266629,13101354,0,0,2019-01-27 15:56:15, 킹덤스포)확실히 장르물은 상영등급이 받쳐춰야 하는 것 같습니다.. ,1121,1,0,0
2019-01-28 15:56:23.668661,13101354,0,0,2019-01-27 15:56:15, 킹덤스포)확실히 장르물은 상영등급이 받쳐춰야 하는 것 같습니다.. ,1125,4,0,0
