check_time,id,post_reply,post_symph,post_time,post_title,post_view,post_view_diff,post_reply_diff,post_symph_diff
2019-01-26 16:36:55.416863,13098241,8,10,2019-01-26 15:36:51, 오늘자 총리님& 김경수 도지사 콜라보.jpgs ,1979,1979,8,10
2019-01-26 17:37:00.916671,13098241,9,14,2019-01-26 15:36:51, 오늘자 총리님& 김경수 도지사 콜라보.jpgs ,2425,446,1,4
2019-01-26 18:36:53.039315,13098241,9,14,2019-01-26 15:36:51, 오늘자 총리님& 김경수 도지사 콜라보.jpgs ,2692,267,0,0
2019-01-26 19:36:58.129558,13098241,9,15,2019-01-26 15:36:51, 오늘자 총리님& 김경수 도지사 콜라보.jpgs ,2845,153,0,1
2019-01-26 20:37:03.220071,13098241,10,16,2019-01-26 15:36:51, 오늘자 총리님& 김경수 도지사 콜라보.jpgs ,2958,113,1,1
2019-01-26 21:36:55.316412,13098241,10,16,2019-01-26 15:36:51, 오늘자 총리님& 김경수 도지사 콜라보.jpgs ,3062,104,0,0
2019-01-26 22:37:00.355586,13098241,10,17,2019-01-26 15:36:51, 오늘자 총리님& 김경수 도지사 콜라보.jpgs ,3152,90,0,1
2019-01-26 23:36:52.388288,13098241,10,17,2019-01-26 15:36:51, 오늘자 총리님& 김경수 도지사 콜라보.jpgs ,3237,85,0,0
2019-01-27 00:36:57.437049,13098241,10,18,2019-01-26 15:36:51, 오늘자 총리님& 김경수 도지사 콜라보.jpgs ,3320,83,0,1
2019-01-27 01:37:02.429460,13098241,10,19,2019-01-26 15:36:51, 오늘자 총리님& 김경수 도지사 콜라보.jpgs ,3385,65,0,1
2019-01-27 02:36:54.491748,13098241,10,19,2019-01-26 15:36:51, 오늘자 총리님& 김경수 도지사 콜라보.jpgs ,3462,77,0,0
2019-01-27 03:36:59.551274,13098241,10,19,2019-01-26 15:36:51, 오늘자 총리님& 김경수 도지사 콜라보.jpgs ,3528,66,0,0
2019-01-27 04:36:51.614810,13098241,10,19,2019-01-26 15:36:51, 오늘자 총리님& 김경수 도지사 콜라보.jpgs ,3549,21,0,0
2019-01-27 05:36:56.660527,13098241,10,19,2019-01-26 15:36:51, 오늘자 총리님& 김경수 도지사 콜라보.jpgs ,3562,13,0,0
2019-01-27 06:37:01.716146,13098241,10,19,2019-01-26 15:36:51, 오늘자 총리님& 김경수 도지사 콜라보.jpgs ,3572,10,0,0
2019-01-27 07:36:53.942022,13098241,10,19,2019-01-26 15:36:51, 오늘자 총리님& 김경수 도지사 콜라보.jpgs ,3590,18,0,0
2019-01-27 08:37:00.724639,13098241,10,20,2019-01-26 15:36:51, 오늘자 총리님& 김경수 도지사 콜라보.jpgs ,3620,30,0,1
2019-01-27 09:36:52.777905,13098241,10,21,2019-01-26 15:36:51, 오늘자 총리님& 김경수 도지사 콜라보.jpgs ,3666,46,0,1
2019-01-27 10:36:57.931820,13098241,10,22,2019-01-26 15:36:51, 오늘자 총리님& 김경수 도지사 콜라보.jpgs ,3714,48,0,1
2019-01-27 11:37:03.125914,13098241,10,22,2019-01-26 15:36:51, 오늘자 총리님& 김경수 도지사 콜라보.jpgs ,3740,26,0,0
2019-01-27 12:36:55.145724,13098241,10,22,2019-01-26 15:36:51, 오늘자 총리님& 김경수 도지사 콜라보.jpgs ,3762,22,0,0
2019-01-27 13:37:00.243394,13098241,10,22,2019-01-26 15:36:51, 오늘자 총리님& 김경수 도지사 콜라보.jpgs ,3770,8,0,0
2019-01-27 14:36:52.595911,13098241,10,22,2019-01-26 15:36:51, 오늘자 총리님& 김경수 도지사 콜라보.jpgs ,3779,9,0,0
2019-01-27 15:36:57.664445,13098241,10,22,2019-01-26 15:36:51, 오늘자 총리님& 김경수 도지사 콜라보.jpgs ,3793,14,0,0
