check_time,id,post_reply,post_symph,post_time,post_title,post_view,post_view_diff,post_reply_diff,post_symph_diff
2019-01-30 16:27:09.090904,13112350,1,10,2019-01-30 15:26:59, 워낙 어이없는 판결이라...지지층이 결집하는수밖에 없습니다. ,815,815,1,10
2019-01-30 17:27:01.127346,13112350,1,10,2019-01-30 15:26:59, 워낙 어이없는 판결이라...지지층이 결집하는수밖에 없습니다. ,843,28,0,0
2019-01-30 18:27:06.255996,13112350,1,10,2019-01-30 15:26:59, 워낙 어이없는 판결이라...지지층이 결집하는수밖에 없습니다. ,879,36,0,0
2019-01-30 19:27:11.342372,13112350,1,10,2019-01-30 15:26:59, 워낙 어이없는 판결이라...지지층이 결집하는수밖에 없습니다. ,898,19,0,0
2019-01-30 20:27:03.623640,13112350,1,10,2019-01-30 15:26:59, 워낙 어이없는 판결이라...지지층이 결집하는수밖에 없습니다. ,909,11,0,0
2019-01-30 21:27:08.668041,13112350,1,10,2019-01-30 15:26:59, 워낙 어이없는 판결이라...지지층이 결집하는수밖에 없습니다. ,919,10,0,0
2019-01-30 22:27:00.719847,13112350,1,10,2019-01-30 15:26:59, 워낙 어이없는 판결이라...지지층이 결집하는수밖에 없습니다. ,924,5,0,0
2019-01-30 23:27:05.827571,13112350,1,10,2019-01-30 15:26:59, 워낙 어이없는 판결이라...지지층이 결집하는수밖에 없습니다. ,928,4,0,0
2019-01-31 00:27:11.178337,13112350,1,10,2019-01-30 15:26:59, 워낙 어이없는 판결이라...지지층이 결집하는수밖에 없습니다. ,932,4,0,0
2019-01-31 01:27:03.304312,13112350,1,10,2019-01-30 15:26:59, 워낙 어이없는 판결이라...지지층이 결집하는수밖에 없습니다. ,935,3,0,0
2019-01-31 02:27:08.323823,13112350,1,10,2019-01-30 15:26:59, 워낙 어이없는 판결이라...지지층이 결집하는수밖에 없습니다. ,940,5,0,0
2019-01-31 03:27:00.400077,13112350,1,10,2019-01-30 15:26:59, 워낙 어이없는 판결이라...지지층이 결집하는수밖에 없습니다. ,942,2,0,0
2019-01-31 04:27:05.440822,13112350,1,10,2019-01-30 15:26:59, 워낙 어이없는 판결이라...지지층이 결집하는수밖에 없습니다. ,945,3,0,0
2019-01-31 05:27:10.426445,13112350,1,10,2019-01-30 15:26:59, 워낙 어이없는 판결이라...지지층이 결집하는수밖에 없습니다. ,946,1,0,0
2019-01-31 06:27:02.440790,13112350,1,10,2019-01-30 15:26:59, 워낙 어이없는 판결이라...지지층이 결집하는수밖에 없습니다. ,949,3,0,0
2019-01-31 07:27:07.493716,13112350,1,10,2019-01-30 15:26:59, 워낙 어이없는 판결이라...지지층이 결집하는수밖에 없습니다. ,950,1,0,0
2019-01-31 08:26:59.521729,13112350,1,10,2019-01-30 15:26:59, 워낙 어이없는 판결이라...지지층이 결집하는수밖에 없습니다. ,952,2,0,0
2019-01-31 09:27:04.520965,13112350,1,10,2019-01-30 15:26:59, 워낙 어이없는 판결이라...지지층이 결집하는수밖에 없습니다. ,955,3,0,0
2019-01-31 10:27:09.579794,13112350,1,10,2019-01-30 15:26:59, 워낙 어이없는 판결이라...지지층이 결집하는수밖에 없습니다. ,958,3,0,0
2019-01-31 11:27:01.573200,13112350,1,10,2019-01-30 15:26:59, 워낙 어이없는 판결이라...지지층이 결집하는수밖에 없습니다. ,960,2,0,0
2019-01-31 12:27:06.762559,13112350,1,10,2019-01-30 15:26:59, 워낙 어이없는 판결이라...지지층이 결집하는수밖에 없습니다. ,962,2,0,0
2019-01-31 13:26:59.267142,13112350,1,10,2019-01-30 15:26:59, 워낙 어이없는 판결이라...지지층이 결집하는수밖에 없습니다. ,963,1,0,0
2019-01-31 14:27:04.334240,13112350,1,10,2019-01-30 15:26:59, 워낙 어이없는 판결이라...지지층이 결집하는수밖에 없습니다. ,964,1,0,0
2019-01-31 15:27:09.395716,13112350,1,10,2019-01-30 15:26:59, 워낙 어이없는 판결이라...지지층이 결집하는수밖에 없습니다. ,965,1,0,0
