check_time,id,post_reply,post_symph,post_time,post_title,post_view,post_view_diff,post_reply_diff,post_symph_diff
2019-01-24 16:02:21.092490,13089699,10,0,2019-01-24 15:02:14, 휴지심 말고 검증된 도구를 사용하여 측정합시다.jpg ,1304,1304,10,0
2019-01-24 17:02:26.076122,13089699,11,0,2019-01-24 15:02:14, 휴지심 말고 검증된 도구를 사용하여 측정합시다.jpg ,1471,167,1,0
2019-01-24 18:02:18.062092,13089699,11,0,2019-01-24 15:02:14, 휴지심 말고 검증된 도구를 사용하여 측정합시다.jpg ,1522,51,0,0
2019-01-24 19:02:23.213624,13089699,11,0,2019-01-24 15:02:14, 휴지심 말고 검증된 도구를 사용하여 측정합시다.jpg ,1551,29,0,0
2019-01-24 20:02:15.665170,13089699,11,0,2019-01-24 15:02:14, 휴지심 말고 검증된 도구를 사용하여 측정합시다.jpg ,1563,12,0,0
2019-01-24 21:02:20.722985,13089699,11,0,2019-01-24 15:02:14, 휴지심 말고 검증된 도구를 사용하여 측정합시다.jpg ,1578,15,0,0
2019-01-24 22:02:25.841961,13089699,11,0,2019-01-24 15:02:14, 휴지심 말고 검증된 도구를 사용하여 측정합시다.jpg ,1592,14,0,0
2019-01-24 23:02:18.013895,13089699,11,0,2019-01-24 15:02:14, 휴지심 말고 검증된 도구를 사용하여 측정합시다.jpg ,1600,8,0,0
2019-01-25 00:02:23.175278,13089699,11,0,2019-01-24 15:02:14, 휴지심 말고 검증된 도구를 사용하여 측정합시다.jpg ,1613,13,0,0
2019-01-25 01:02:15.285832,13089699,11,0,2019-01-24 15:02:14, 휴지심 말고 검증된 도구를 사용하여 측정합시다.jpg ,1617,4,0,0
2019-01-25 02:02:20.388786,13089699,11,0,2019-01-24 15:02:14, 휴지심 말고 검증된 도구를 사용하여 측정합시다.jpg ,1620,3,0,0
2019-01-25 03:02:25.441380,13089699,11,0,2019-01-24 15:02:14, 휴지심 말고 검증된 도구를 사용하여 측정합시다.jpg ,1625,5,0,0
2019-01-25 04:02:17.479449,13089699,11,0,2019-01-24 15:02:14, 휴지심 말고 검증된 도구를 사용하여 측정합시다.jpg ,1626,1,0,0
2019-01-25 05:02:22.623082,13089699,11,0,2019-01-24 15:02:14, 휴지심 말고 검증된 도구를 사용하여 측정합시다.jpg ,1628,2,0,0
2019-01-25 06:02:14.717227,13089699,11,0,2019-01-24 15:02:14, 휴지심 말고 검증된 도구를 사용하여 측정합시다.jpg ,1629,1,0,0
2019-01-25 07:02:19.736621,13089699,11,0,2019-01-24 15:02:14, 휴지심 말고 검증된 도구를 사용하여 측정합시다.jpg ,1630,1,0,0
2019-01-25 08:02:24.800970,13089699,11,0,2019-01-24 15:02:14, 휴지심 말고 검증된 도구를 사용하여 측정합시다.jpg ,1633,3,0,0
2019-01-25 09:02:16.848408,13089699,11,0,2019-01-24 15:02:14, 휴지심 말고 검증된 도구를 사용하여 측정합시다.jpg ,1635,2,0,0
2019-01-25 10:02:21.937529,13089699,11,0,2019-01-24 15:02:14, 휴지심 말고 검증된 도구를 사용하여 측정합시다.jpg ,1636,1,0,0
2019-01-25 11:02:14.191620,13089699,11,0,2019-01-24 15:02:14, 휴지심 말고 검증된 도구를 사용하여 측정합시다.jpg ,1640,4,0,0
2019-01-25 12:02:20.057549,13089699,11,0,2019-01-24 15:02:14, 휴지심 말고 검증된 도구를 사용하여 측정합시다.jpg ,1641,1,0,0
2019-01-25 13:02:25.249843,13089699,11,0,2019-01-24 15:02:14, 휴지심 말고 검증된 도구를 사용하여 측정합시다.jpg ,1646,5,0,0
2019-01-25 14:02:17.434542,13089699,11,0,2019-01-24 15:02:14, 휴지심 말고 검증된 도구를 사용하여 측정합시다.jpg ,1648,2,0,0
2019-01-25 15:02:22.739099,13089699,11,0,2019-01-24 15:02:14, 휴지심 말고 검증된 도구를 사용하여 측정합시다.jpg ,1650,2,0,0
