check_time,id,post_reply,post_symph,post_time,post_title,post_view,post_view_diff,post_reply_diff,post_symph_diff
2019-01-29 16:26:06.451108,13108583,13,11,2019-01-29 15:26:00, 경찰문제 많네요 클럽사건으로 떠오른 사건 ,2328,2328,13,11
2019-01-29 17:26:11.656385,13108583,13,12,2019-01-29 15:26:00, 경찰문제 많네요 클럽사건으로 떠오른 사건 ,2663,335,0,1
2019-01-29 18:26:03.875039,13108583,13,12,2019-01-29 15:26:00, 경찰문제 많네요 클럽사건으로 떠오른 사건 ,2837,174,0,0
2019-01-29 19:26:09.001910,13108583,13,12,2019-01-29 15:26:00, 경찰문제 많네요 클럽사건으로 떠오른 사건 ,2940,103,0,0
2019-01-29 20:26:00.987967,13108583,13,12,2019-01-29 15:26:00, 경찰문제 많네요 클럽사건으로 떠오른 사건 ,3024,84,0,0
2019-01-29 21:26:06.329178,13108583,13,12,2019-01-29 15:26:00, 경찰문제 많네요 클럽사건으로 떠오른 사건 ,3087,63,0,0
2019-01-29 22:26:11.445859,13108583,13,12,2019-01-29 15:26:00, 경찰문제 많네요 클럽사건으로 떠오른 사건 ,3144,57,0,0
2019-01-29 23:26:03.499303,13108583,13,12,2019-01-29 15:26:00, 경찰문제 많네요 클럽사건으로 떠오른 사건 ,3189,45,0,0
2019-01-30 00:26:08.614204,13108583,13,12,2019-01-29 15:26:00, 경찰문제 많네요 클럽사건으로 떠오른 사건 ,3225,36,0,0
2019-01-30 01:26:00.726222,13108583,13,12,2019-01-29 15:26:00, 경찰문제 많네요 클럽사건으로 떠오른 사건 ,3256,31,0,0
2019-01-30 02:26:05.839914,13108583,13,12,2019-01-29 15:26:00, 경찰문제 많네요 클럽사건으로 떠오른 사건 ,3279,23,0,0
2019-01-30 03:26:10.966580,13108583,13,12,2019-01-29 15:26:00, 경찰문제 많네요 클럽사건으로 떠오른 사건 ,3284,5,0,0
2019-01-30 04:26:03.073639,13108583,13,12,2019-01-29 15:26:00, 경찰문제 많네요 클럽사건으로 떠오른 사건 ,3290,6,0,0
2019-01-30 05:26:08.097627,13108583,13,12,2019-01-29 15:26:00, 경찰문제 많네요 클럽사건으로 떠오른 사건 ,3295,5,0,0
2019-01-30 06:26:00.181336,13108583,13,12,2019-01-29 15:26:00, 경찰문제 많네요 클럽사건으로 떠오른 사건 ,3300,5,0,0
2019-01-30 07:26:05.229280,13108583,13,12,2019-01-29 15:26:00, 경찰문제 많네요 클럽사건으로 떠오른 사건 ,3311,11,0,0
2019-01-30 08:26:10.275943,13108583,13,12,2019-01-29 15:26:00, 경찰문제 많네요 클럽사건으로 떠오른 사건 ,3320,9,0,0
2019-01-30 09:26:02.375544,13108583,13,12,2019-01-29 15:26:00, 경찰문제 많네요 클럽사건으로 떠오른 사건 ,3333,13,0,0
2019-01-30 10:26:07.393096,13108583,13,12,2019-01-29 15:26:00, 경찰문제 많네요 클럽사건으로 떠오른 사건 ,3350,17,0,0
2019-01-30 11:26:12.555199,13108583,13,12,2019-01-29 15:26:00, 경찰문제 많네요 클럽사건으로 떠오른 사건 ,3354,4,0,0
2019-01-30 12:26:04.682202,13108583,13,12,2019-01-29 15:26:00, 경찰문제 많네요 클럽사건으로 떠오른 사건 ,3364,10,0,0
2019-01-30 13:26:09.816778,13108583,13,12,2019-01-29 15:26:00, 경찰문제 많네요 클럽사건으로 떠오른 사건 ,3371,7,0,0
2019-01-30 14:26:02.034835,13108583,13,12,2019-01-29 15:26:00, 경찰문제 많네요 클럽사건으로 떠오른 사건 ,3375,4,0,0
2019-01-30 15:26:07.389094,13108583,13,12,2019-01-29 15:26:00, 경찰문제 많네요 클럽사건으로 떠오른 사건 ,3382,7,0,0
