check_time,id,post_reply,post_symph,post_time,post_title,post_view,post_view_diff,post_reply_diff,post_symph_diff
2019-01-30 16:02:26.233909,13112148,0,0,2019-01-30 15:02:21, 아 엄청 불안하네요 =ㅅ= ,616,616,0,0
2019-01-30 17:02:31.264704,13112148,0,0,2019-01-30 15:02:21, 아 엄청 불안하네요 =ㅅ= ,624,8,0,0
2019-01-30 18:02:23.307237,13112148,0,0,2019-01-30 15:02:21, 아 엄청 불안하네요 =ㅅ= ,628,4,0,0
2019-01-30 19:02:28.347012,13112148,0,0,2019-01-30 15:02:21, 아 엄청 불안하네요 =ㅅ= ,631,3,0,0
2019-01-30 20:02:33.467786,13112148,0,0,2019-01-30 15:02:21, 아 엄청 불안하네요 =ㅅ= ,633,2,0,0
2019-01-30 21:02:25.529841,13112148,0,0,2019-01-30 15:02:21, 아 엄청 불안하네요 =ㅅ= ,634,1,0,0
2019-01-30 22:02:30.600682,13112148,0,0,2019-01-30 15:02:21, 아 엄청 불안하네요 =ㅅ= ,636,2,0,0
2019-01-30 23:02:22.682406,13112148,0,0,2019-01-30 15:02:21, 아 엄청 불안하네요 =ㅅ= ,638,2,0,0
2019-01-31 00:02:27.720597,13112148,0,0,2019-01-30 15:02:21, 아 엄청 불안하네요 =ㅅ= ,639,1,0,0
2019-01-31 01:02:32.823809,13112148,0,0,2019-01-30 15:02:21, 아 엄청 불안하네요 =ㅅ= ,640,1,0,0
2019-01-31 02:02:25.046070,13112148,0,0,2019-01-30 15:02:21, 아 엄청 불안하네요 =ㅅ= ,643,3,0,0
2019-01-31 03:02:30.058715,13112148,0,0,2019-01-30 15:02:21, 아 엄청 불안하네요 =ㅅ= ,644,1,0,0
2019-01-31 04:02:22.208581,13112148,0,0,2019-01-30 15:02:21, 아 엄청 불안하네요 =ㅅ= ,645,1,0,0
2019-01-31 05:02:27.308316,13112148,0,0,2019-01-30 15:02:21, 아 엄청 불안하네요 =ㅅ= ,648,3,0,0
2019-01-31 06:02:32.682562,13112148,0,0,2019-01-30 15:02:21, 아 엄청 불안하네요 =ㅅ= ,649,1,0,0
2019-01-31 07:02:24.961800,13112148,0,0,2019-01-30 15:02:21, 아 엄청 불안하네요 =ㅅ= ,650,1,0,0
2019-01-31 08:02:30.026853,13112148,0,0,2019-01-30 15:02:21, 아 엄청 불안하네요 =ㅅ= ,651,1,0,0
2019-01-31 09:02:22.229448,13112148,0,0,2019-01-30 15:02:21, 아 엄청 불안하네요 =ㅅ= ,652,1,0,0
2019-01-31 10:02:27.247209,13112148,0,0,2019-01-30 15:02:21, 아 엄청 불안하네요 =ㅅ= ,653,1,0,0
2019-01-31 11:02:32.272509,13112148,0,0,2019-01-30 15:02:21, 아 엄청 불안하네요 =ㅅ= ,654,1,0,0
2019-01-31 12:02:24.397958,13112148,0,0,2019-01-30 15:02:21, 아 엄청 불안하네요 =ㅅ= ,656,2,0,0
2019-01-31 13:02:29.450122,13112148,0,0,2019-01-30 15:02:21, 아 엄청 불안하네요 =ㅅ= ,657,1,0,0
2019-01-31 14:02:21.886679,13112148,0,0,2019-01-30 15:02:21, 아 엄청 불안하네요 =ㅅ= ,660,3,0,0
2019-01-31 15:02:27.036942,13112148,0,0,2019-01-30 15:02:21, 아 엄청 불안하네요 =ㅅ= ,662,2,0,0
