check_time,id,post_reply,post_symph,post_time,post_title,post_view,post_view_diff,post_reply_diff,post_symph_diff
2019-01-30 16:17:02.413548,13112258,2,1,2019-01-30 15:17:02, 집행유예라 다행이라는 사람들 뭔가요? ,1047,1047,2,1
2019-01-30 17:17:07.453349,13112258,2,1,2019-01-30 15:17:02, 집행유예라 다행이라는 사람들 뭔가요? ,1065,18,0,0
2019-01-30 18:17:12.865694,13112258,2,1,2019-01-30 15:17:02, 집행유예라 다행이라는 사람들 뭔가요? ,1069,4,0,0
2019-01-30 19:17:04.916962,13112258,2,1,2019-01-30 15:17:02, 집행유예라 다행이라는 사람들 뭔가요? ,1074,5,0,0
2019-01-30 20:17:09.908155,13112258,2,1,2019-01-30 15:17:02, 집행유예라 다행이라는 사람들 뭔가요? ,1080,6,0,0
2019-01-30 21:17:14.912328,13112258,2,1,2019-01-30 15:17:02, 집행유예라 다행이라는 사람들 뭔가요? ,1080,0,0,0
2019-01-30 22:17:06.913164,13112258,2,1,2019-01-30 15:17:02, 집행유예라 다행이라는 사람들 뭔가요? ,1085,5,0,0
2019-01-30 23:17:11.899929,13112258,2,1,2019-01-30 15:17:02, 집행유예라 다행이라는 사람들 뭔가요? ,1087,2,0,0
2019-01-31 00:17:04.084333,13112258,2,1,2019-01-30 15:17:02, 집행유예라 다행이라는 사람들 뭔가요? ,1088,1,0,0
2019-01-31 01:17:09.098581,13112258,2,1,2019-01-30 15:17:02, 집행유예라 다행이라는 사람들 뭔가요? ,1090,2,0,0
2019-01-31 02:17:14.130928,13112258,2,1,2019-01-30 15:17:02, 집행유예라 다행이라는 사람들 뭔가요? ,1091,1,0,0
2019-01-31 03:17:06.146926,13112258,2,1,2019-01-30 15:17:02, 집행유예라 다행이라는 사람들 뭔가요? ,1094,3,0,0
2019-01-31 04:17:11.176723,13112258,2,1,2019-01-30 15:17:02, 집행유예라 다행이라는 사람들 뭔가요? ,1097,3,0,0
2019-01-31 05:17:03.197487,13112258,2,1,2019-01-30 15:17:02, 집행유예라 다행이라는 사람들 뭔가요? ,1097,0,0,0
2019-01-31 06:17:08.547412,13112258,2,1,2019-01-30 15:17:02, 집행유예라 다행이라는 사람들 뭔가요? ,1098,1,0,0
2019-01-31 07:17:13.700352,13112258,2,1,2019-01-30 15:17:02, 집행유예라 다행이라는 사람들 뭔가요? ,1099,1,0,0
2019-01-31 08:17:05.686625,13112258,2,1,2019-01-30 15:17:02, 집행유예라 다행이라는 사람들 뭔가요? ,1101,2,0,0
2019-01-31 09:17:10.809692,13112258,2,1,2019-01-30 15:17:02, 집행유예라 다행이라는 사람들 뭔가요? ,1103,2,0,0
2019-01-31 10:17:03.104795,13112258,2,1,2019-01-30 15:17:02, 집행유예라 다행이라는 사람들 뭔가요? ,1105,2,0,0
2019-01-31 11:17:09.072177,13112258,2,1,2019-01-30 15:17:02, 집행유예라 다행이라는 사람들 뭔가요? ,1108,3,0,0
2019-01-31 12:17:14.332593,13112258,2,1,2019-01-30 15:17:02, 집행유예라 다행이라는 사람들 뭔가요? ,1109,1,0,0
2019-01-31 13:17:06.567027,13112258,2,1,2019-01-30 15:17:02, 집행유예라 다행이라는 사람들 뭔가요? ,1110,1,0,0
2019-01-31 14:17:11.607327,13112258,2,1,2019-01-30 15:17:02, 집행유예라 다행이라는 사람들 뭔가요? ,1111,1,0,0
2019-01-31 15:17:03.764537,13112258,2,1,2019-01-30 15:17:02, 집행유예라 다행이라는 사람들 뭔가요? ,1112,1,0,0
