check_time,id,post_reply,post_symph,post_time,post_title,post_view,post_view_diff,post_reply_diff,post_symph_diff
2019-01-29 05:51:27.968405,13106981,4,0,2019-01-29 04:51:22, 아우 뉴에그에서 주문한 물품이 중국으로 갔나봐요 ㅜ ,246,246,4,0
2019-01-29 06:51:33.069292,13106981,5,0,2019-01-29 04:51:22, 아우 뉴에그에서 주문한 물품이 중국으로 갔나봐요 ㅜ ,397,151,1,0
2019-01-29 07:51:25.081835,13106981,5,0,2019-01-29 04:51:22, 아우 뉴에그에서 주문한 물품이 중국으로 갔나봐요 ㅜ ,581,184,0,0
2019-01-29 08:51:30.177218,13106981,5,0,2019-01-29 04:51:22, 아우 뉴에그에서 주문한 물품이 중국으로 갔나봐요 ㅜ ,676,95,0,0
2019-01-29 09:51:22.203237,13106981,5,0,2019-01-29 04:51:22, 아우 뉴에그에서 주문한 물품이 중국으로 갔나봐요 ㅜ ,714,38,0,0
2019-01-29 10:51:27.193968,13106981,5,0,2019-01-29 04:51:22, 아우 뉴에그에서 주문한 물품이 중국으로 갔나봐요 ㅜ ,721,7,0,0
2019-01-29 11:51:32.441219,13106981,5,0,2019-01-29 04:51:22, 아우 뉴에그에서 주문한 물품이 중국으로 갔나봐요 ㅜ ,724,3,0,0
2019-01-29 12:51:24.506195,13106981,5,0,2019-01-29 04:51:22, 아우 뉴에그에서 주문한 물품이 중국으로 갔나봐요 ㅜ ,728,4,0,0
2019-01-29 13:51:29.717483,13106981,5,0,2019-01-29 04:51:22, 아우 뉴에그에서 주문한 물품이 중국으로 갔나봐요 ㅜ ,731,3,0,0
2019-01-29 14:51:22.570498,13106981,5,0,2019-01-29 04:51:22, 아우 뉴에그에서 주문한 물품이 중국으로 갔나봐요 ㅜ ,734,3,0,0
2019-01-29 15:51:27.587321,13106981,5,0,2019-01-29 04:51:22, 아우 뉴에그에서 주문한 물품이 중국으로 갔나봐요 ㅜ ,736,2,0,0
2019-01-29 16:51:32.636667,13106981,5,0,2019-01-29 04:51:22, 아우 뉴에그에서 주문한 물품이 중국으로 갔나봐요 ㅜ ,742,6,0,0
2019-01-29 17:51:24.649894,13106981,5,0,2019-01-29 04:51:22, 아우 뉴에그에서 주문한 물품이 중국으로 갔나봐요 ㅜ ,745,3,0,0
2019-01-29 18:51:29.676407,13106981,5,0,2019-01-29 04:51:22, 아우 뉴에그에서 주문한 물품이 중국으로 갔나봐요 ㅜ ,747,2,0,0
2019-01-29 19:51:34.760968,13106981,5,0,2019-01-29 04:51:22, 아우 뉴에그에서 주문한 물품이 중국으로 갔나봐요 ㅜ ,748,1,0,0
2019-01-29 20:51:26.756005,13106981,5,0,2019-01-29 04:51:22, 아우 뉴에그에서 주문한 물품이 중국으로 갔나봐요 ㅜ ,751,3,0,0
2019-01-29 21:51:31.890405,13106981,5,0,2019-01-29 04:51:22, 아우 뉴에그에서 주문한 물품이 중국으로 갔나봐요 ㅜ ,754,3,0,0
2019-01-29 22:51:24.174020,13106981,5,0,2019-01-29 04:51:22, 아우 뉴에그에서 주문한 물품이 중국으로 갔나봐요 ㅜ ,755,1,0,0
2019-01-29 23:51:29.307266,13106981,5,0,2019-01-29 04:51:22, 아우 뉴에그에서 주문한 물품이 중국으로 갔나봐요 ㅜ ,757,2,0,0
2019-01-30 00:51:34.399251,13106981,5,0,2019-01-29 04:51:22, 아우 뉴에그에서 주문한 물품이 중국으로 갔나봐요 ㅜ ,762,5,0,0
2019-01-30 01:51:26.547908,13106981,5,0,2019-01-29 04:51:22, 아우 뉴에그에서 주문한 물품이 중국으로 갔나봐요 ㅜ ,764,2,0,0
2019-01-30 02:51:31.769125,13106981,5,0,2019-01-29 04:51:22, 아우 뉴에그에서 주문한 물품이 중국으로 갔나봐요 ㅜ ,765,1,0,0
2019-01-30 03:51:23.898910,13106981,5,0,2019-01-29 04:51:22, 아우 뉴에그에서 주문한 물품이 중국으로 갔나봐요 ㅜ ,766,1,0,0
2019-01-30 04:51:28.982103,13106981,5,0,2019-01-29 04:51:22, 아우 뉴에그에서 주문한 물품이 중국으로 갔나봐요 ㅜ ,769,3,0,0
