check_time,id,post_reply,post_symph,post_time,post_title,post_view,post_view_diff,post_reply_diff,post_symph_diff
2019-01-28 05:22:23.441799,13103153,22,0,2019-01-28 04:22:16, 29살 막막하네요ㅠㅜ ,1286,1286,22,0
2019-01-28 06:22:28.454621,13103153,32,1,2019-01-28 04:22:16, 29살 막막하네요ㅠㅜ ,2622,1336,10,1
2019-01-28 07:22:20.678254,13103153,40,2,2019-01-28 04:22:16, 29살 막막하네요ㅠㅜ ,4507,1885,8,1
2019-01-28 08:22:27.641781,13103153,53,2,2019-01-28 04:22:16, 29살 막막하네요ㅠㅜ ,6573,2066,13,0
2019-01-28 09:22:19.650683,13103153,58,2,2019-01-28 04:22:16, 29살 막막하네요ㅠㅜ ,7692,1119,5,0
2019-01-28 10:22:24.703724,13103153,62,2,2019-01-28 04:22:16, 29살 막막하네요ㅠㅜ ,8080,388,4,0
2019-01-28 11:22:16.677310,13103153,63,3,2019-01-28 04:22:16, 29살 막막하네요ㅠㅜ ,8366,286,1,1
2019-01-28 12:22:21.874744,13103153,65,3,2019-01-28 04:22:16, 29살 막막하네요ㅠㅜ ,8491,125,2,0
2019-01-28 13:22:26.999344,13103153,65,3,2019-01-28 04:22:16, 29살 막막하네요ㅠㅜ ,8605,114,0,0
2019-01-28 14:22:19.111711,13103153,65,3,2019-01-28 04:22:16, 29살 막막하네요ㅠㅜ ,8668,63,0,0
2019-01-28 15:22:24.183074,13103153,65,3,2019-01-28 04:22:16, 29살 막막하네요ㅠㅜ ,8736,68,0,0
2019-01-28 16:22:16.277847,13103153,66,3,2019-01-28 04:22:16, 29살 막막하네요ㅠㅜ ,8785,49,1,0
2019-01-28 17:22:21.373838,13103153,66,3,2019-01-28 04:22:16, 29살 막막하네요ㅠㅜ ,8826,41,0,0
2019-01-28 18:22:26.413317,13103153,66,3,2019-01-28 04:22:16, 29살 막막하네요ㅠㅜ ,8849,23,0,0
2019-01-28 19:22:18.664080,13103153,66,3,2019-01-28 04:22:16, 29살 막막하네요ㅠㅜ ,8873,24,0,0
2019-01-28 20:22:23.720187,13103153,66,3,2019-01-28 04:22:16, 29살 막막하네요ㅠㅜ ,8887,14,0,0
2019-01-28 21:22:28.756807,13103153,66,3,2019-01-28 04:22:16, 29살 막막하네요ㅠㅜ ,8902,15,0,0
2019-01-28 22:22:20.783694,13103153,66,3,2019-01-28 04:22:16, 29살 막막하네요ㅠㅜ ,8924,22,0,0
2019-01-28 23:22:25.803326,13103153,66,3,2019-01-28 04:22:16, 29살 막막하네요ㅠㅜ ,8938,14,0,0
2019-01-29 00:22:17.846990,13103153,66,3,2019-01-28 04:22:16, 29살 막막하네요ㅠㅜ ,8954,16,0,0
2019-01-29 01:22:22.860338,13103153,66,3,2019-01-28 04:22:16, 29살 막막하네요ㅠㅜ ,8967,13,0,0
2019-01-29 02:22:27.940270,13103153,66,3,2019-01-28 04:22:16, 29살 막막하네요ㅠㅜ ,8976,9,0,0
2019-01-29 03:22:20.015213,13103153,66,3,2019-01-28 04:22:16, 29살 막막하네요ㅠㅜ ,8980,4,0,0
2019-01-29 04:22:25.076948,13103153,66,3,2019-01-28 04:22:16, 29살 막막하네요ㅠㅜ ,8982,2,0,0
