check_time,id,post_reply,post_symph,post_time,post_title,post_view,post_view_diff,post_reply_diff,post_symph_diff
2019-01-30 05:09:32.320792,13110559,0,0,2019-01-30 04:09:31, 노스포] 극한직업...예지력 덕분에 망함 ,646,646,0,0
2019-01-30 06:09:37.307647,13110559,0,0,2019-01-30 04:09:31, 노스포] 극한직업...예지력 덕분에 망함 ,1039,393,0,0
2019-01-30 07:09:42.296716,13110559,0,0,2019-01-30 04:09:31, 노스포] 극한직업...예지력 덕분에 망함 ,1674,635,0,0
2019-01-30 08:09:34.296359,13110559,1,0,2019-01-30 04:09:31, 노스포] 극한직업...예지력 덕분에 망함 ,2378,704,1,0
2019-01-30 09:09:39.303662,13110559,1,0,2019-01-30 04:09:31, 노스포] 극한직업...예지력 덕분에 망함 ,2726,348,0,0
2019-01-30 10:09:31.334161,13110559,1,0,2019-01-30 04:09:31, 노스포] 극한직업...예지력 덕분에 망함 ,2837,111,0,0
2019-01-30 11:09:36.373666,13110559,1,0,2019-01-30 04:09:31, 노스포] 극한직업...예지력 덕분에 망함 ,2885,48,0,0
2019-01-30 12:09:41.386648,13110559,1,0,2019-01-30 04:09:31, 노스포] 극한직업...예지력 덕분에 망함 ,2904,19,0,0
2019-01-30 13:09:33.413611,13110559,1,0,2019-01-30 04:09:31, 노스포] 극한직업...예지력 덕분에 망함 ,2930,26,0,0
2019-01-30 14:09:38.516331,13110559,1,0,2019-01-30 04:09:31, 노스포] 극한직업...예지력 덕분에 망함 ,2936,6,0,0
2019-01-30 15:09:43.657650,13110559,1,0,2019-01-30 04:09:31, 노스포] 극한직업...예지력 덕분에 망함 ,2950,14,0,0
2019-01-30 16:09:35.799347,13110559,1,0,2019-01-30 04:09:31, 노스포] 극한직업...예지력 덕분에 망함 ,2954,4,0,0
2019-01-30 17:09:40.815834,13110559,1,0,2019-01-30 04:09:31, 노스포] 극한직업...예지력 덕분에 망함 ,2962,8,0,0
2019-01-30 18:09:32.879729,13110559,1,0,2019-01-30 04:09:31, 노스포] 극한직업...예지력 덕분에 망함 ,2968,6,0,0
2019-01-30 19:09:37.929173,13110559,1,0,2019-01-30 04:09:31, 노스포] 극한직업...예지력 덕분에 망함 ,2973,5,0,0
2019-01-30 20:09:43.366313,13110559,1,0,2019-01-30 04:09:31, 노스포] 극한직업...예지력 덕분에 망함 ,2980,7,0,0
2019-01-30 21:09:35.415301,13110559,1,0,2019-01-30 04:09:31, 노스포] 극한직업...예지력 덕분에 망함 ,2991,11,0,0
2019-01-30 22:09:40.466106,13110559,1,0,2019-01-30 04:09:31, 노스포] 극한직업...예지력 덕분에 망함 ,2996,5,0,0
2019-01-30 23:09:32.807630,13110559,1,0,2019-01-30 04:09:31, 노스포] 극한직업...예지력 덕분에 망함 ,3007,11,0,0
2019-01-31 00:09:37.820431,13110559,1,0,2019-01-30 04:09:31, 노스포] 극한직업...예지력 덕분에 망함 ,3012,5,0,0
2019-01-31 01:09:42.886795,13110559,1,0,2019-01-30 04:09:31, 노스포] 극한직업...예지력 덕분에 망함 ,3016,4,0,0
2019-01-31 02:09:35.053192,13110559,1,0,2019-01-30 04:09:31, 노스포] 극한직업...예지력 덕분에 망함 ,3020,4,0,0
2019-01-31 03:09:40.014391,13110559,1,0,2019-01-30 04:09:31, 노스포] 극한직업...예지력 덕분에 망함 ,3023,3,0,0
2019-01-31 04:09:32.006757,13110559,1,0,2019-01-30 04:09:31, 노스포] 극한직업...예지력 덕분에 망함 ,3026,3,0,0
