check_time,id,post_reply,post_symph,post_time,post_title,post_view,post_view_diff,post_reply_diff,post_symph_diff
2019-02-01 05:12:11.982580,13118481,1,0,2019-02-01 04:12:06, 하아 아주 오랬만에 카메라 장비병이 도졌네요. ,248,248,1,0
2019-02-01 06:12:17.345531,13118481,2,0,2019-02-01 04:12:06, 하아 아주 오랬만에 카메라 장비병이 도졌네요. ,367,119,1,0
2019-02-01 07:12:09.617522,13118481,2,0,2019-02-01 04:12:06, 하아 아주 오랬만에 카메라 장비병이 도졌네요. ,512,145,0,0
2019-02-01 08:12:14.910091,13118481,2,0,2019-02-01 04:12:06, 하아 아주 오랬만에 카메라 장비병이 도졌네요. ,648,136,0,0
2019-02-01 09:12:07.096839,13118481,3,0,2019-02-01 04:12:06, 하아 아주 오랬만에 카메라 장비병이 도졌네요. ,721,73,1,0
2019-02-01 10:12:12.295970,13118481,3,0,2019-02-01 04:12:06, 하아 아주 오랬만에 카메라 장비병이 도졌네요. ,754,33,0,0
2019-02-01 11:12:17.700177,13118481,3,0,2019-02-01 04:12:06, 하아 아주 오랬만에 카메라 장비병이 도졌네요. ,765,11,0,0
2019-02-01 12:12:10.008068,13118481,3,0,2019-02-01 04:12:06, 하아 아주 오랬만에 카메라 장비병이 도졌네요. ,773,8,0,0
2019-02-01 13:12:15.107060,13118481,3,0,2019-02-01 04:12:06, 하아 아주 오랬만에 카메라 장비병이 도졌네요. ,779,6,0,0
2019-02-01 14:12:07.070530,13118481,3,0,2019-02-01 04:12:06, 하아 아주 오랬만에 카메라 장비병이 도졌네요. ,789,10,0,0
2019-02-01 15:12:12.200286,13118481,3,0,2019-02-01 04:12:06, 하아 아주 오랬만에 카메라 장비병이 도졌네요. ,795,6,0,0
2019-02-01 16:12:17.293943,13118481,3,0,2019-02-01 04:12:06, 하아 아주 오랬만에 카메라 장비병이 도졌네요. ,799,4,0,0
2019-02-01 17:12:09.346993,13118481,3,0,2019-02-01 04:12:06, 하아 아주 오랬만에 카메라 장비병이 도졌네요. ,807,8,0,0
2019-02-01 18:12:14.531839,13118481,3,0,2019-02-01 04:12:06, 하아 아주 오랬만에 카메라 장비병이 도졌네요. ,814,7,0,0
2019-02-01 19:12:07.244237,13118481,3,0,2019-02-01 04:12:06, 하아 아주 오랬만에 카메라 장비병이 도졌네요. ,819,5,0,0
2019-02-01 20:12:12.652418,13118481,3,0,2019-02-01 04:12:06, 하아 아주 오랬만에 카메라 장비병이 도졌네요. ,820,1,0,0
2019-02-01 21:12:17.873579,13118481,3,0,2019-02-01 04:12:06, 하아 아주 오랬만에 카메라 장비병이 도졌네요. ,820,0,0,0
2019-02-01 22:12:10.141717,13118481,3,0,2019-02-01 04:12:06, 하아 아주 오랬만에 카메라 장비병이 도졌네요. ,821,1,0,0
2019-02-01 23:12:15.583864,13118481,3,0,2019-02-01 04:12:06, 하아 아주 오랬만에 카메라 장비병이 도졌네요. ,823,2,0,0
2019-02-02 00:12:07.744490,13118481,3,0,2019-02-01 04:12:06, 하아 아주 오랬만에 카메라 장비병이 도졌네요. ,824,1,0,0
2019-02-02 01:12:12.732040,13118481,3,0,2019-02-01 04:12:06, 하아 아주 오랬만에 카메라 장비병이 도졌네요. ,828,4,0,0
2019-02-02 02:12:17.798371,13118481,3,0,2019-02-01 04:12:06, 하아 아주 오랬만에 카메라 장비병이 도졌네요. ,830,2,0,0
2019-02-02 03:12:09.796947,13118481,3,0,2019-02-01 04:12:06, 하아 아주 오랬만에 카메라 장비병이 도졌네요. ,832,2,0,0
2019-02-02 04:12:14.833842,13118481,3,0,2019-02-01 04:12:06, 하아 아주 오랬만에 카메라 장비병이 도졌네요. ,834,2,0,0
