check_time,id,post_reply,post_symph,post_time,post_title,post_view,post_view_diff,post_reply_diff,post_symph_diff
2019-01-25 05:51:46.312587,13092276,0,0,2019-01-25 04:51:46, 허어....알파스타가 본모습을 드러내는군요?! ,618,618,0,0
2019-01-25 06:51:51.455783,13092276,0,0,2019-01-25 04:51:46, 허어....알파스타가 본모습을 드러내는군요?! ,1052,434,0,0
2019-01-25 07:51:56.788734,13092276,0,0,2019-01-25 04:51:46, 허어....알파스타가 본모습을 드러내는군요?! ,1511,459,0,0
2019-01-25 08:51:48.891752,13092276,0,0,2019-01-25 04:51:46, 허어....알파스타가 본모습을 드러내는군요?! ,1788,277,0,0
2019-01-25 09:51:54.239398,13092276,0,0,2019-01-25 04:51:46, 허어....알파스타가 본모습을 드러내는군요?! ,1891,103,0,0
2019-01-25 10:51:46.348793,13092276,0,0,2019-01-25 04:51:46, 허어....알파스타가 본모습을 드러내는군요?! ,1921,30,0,0
2019-01-25 11:51:51.422440,13092276,0,0,2019-01-25 04:51:46, 허어....알파스타가 본모습을 드러내는군요?! ,1936,15,0,0
2019-01-25 12:51:56.566429,13092276,0,0,2019-01-25 04:51:46, 허어....알파스타가 본모습을 드러내는군요?! ,1945,9,0,0
2019-01-25 13:51:48.655880,13092276,0,0,2019-01-25 04:51:46, 허어....알파스타가 본모습을 드러내는군요?! ,1949,4,0,0
2019-01-25 14:51:53.740531,13092276,0,0,2019-01-25 04:51:46, 허어....알파스타가 본모습을 드러내는군요?! ,1954,5,0,0
2019-01-25 15:51:46.079325,13092276,0,0,2019-01-25 04:51:46, 허어....알파스타가 본모습을 드러내는군요?! ,1958,4,0,0
2019-01-25 16:51:51.165890,13092276,0,0,2019-01-25 04:51:46, 허어....알파스타가 본모습을 드러내는군요?! ,1962,4,0,0
2019-01-25 17:51:56.245719,13092276,0,0,2019-01-25 04:51:46, 허어....알파스타가 본모습을 드러내는군요?! ,1965,3,0,0
2019-01-25 18:51:48.189611,13092276,0,0,2019-01-25 04:51:46, 허어....알파스타가 본모습을 드러내는군요?! ,1967,2,0,0
2019-01-25 19:51:53.230592,13092276,0,0,2019-01-25 04:51:46, 허어....알파스타가 본모습을 드러내는군요?! ,1972,5,0,0
2019-01-25 20:51:58.242937,13092276,0,0,2019-01-25 04:51:46, 허어....알파스타가 본모습을 드러내는군요?! ,1975,3,0,0
2019-01-25 21:51:50.270316,13092276,0,0,2019-01-25 04:51:46, 허어....알파스타가 본모습을 드러내는군요?! ,1978,3,0,0
2019-01-25 22:51:55.413323,13092276,0,0,2019-01-25 04:51:46, 허어....알파스타가 본모습을 드러내는군요?! ,1982,4,0,0
2019-01-25 23:51:47.663152,13092276,0,0,2019-01-25 04:51:46, 허어....알파스타가 본모습을 드러내는군요?! ,1982,0,0,0
2019-01-26 00:51:53.097021,13092276,0,0,2019-01-25 04:51:46, 허어....알파스타가 본모습을 드러내는군요?! ,1984,2,0,0
2019-01-26 01:51:58.414110,13092276,0,0,2019-01-25 04:51:46, 허어....알파스타가 본모습을 드러내는군요?! ,1988,4,0,0
2019-01-26 02:51:51.080227,13092276,0,0,2019-01-25 04:51:46, 허어....알파스타가 본모습을 드러내는군요?! ,1988,0,0,0
2019-01-26 03:51:56.247970,13092276,0,0,2019-01-25 04:51:46, 허어....알파스타가 본모습을 드러내는군요?! ,1989,1,0,0
2019-01-26 04:51:48.384208,13092276,0,0,2019-01-25 04:51:46, 허어....알파스타가 본모습을 드러내는군요?! ,1990,1,0,0
