check_time,id,post_reply,post_symph,post_time,post_title,post_view,post_view_diff,post_reply_diff,post_symph_diff
2019-01-30 05:22:35.773443,13110566,0,0,2019-01-30 04:22:33, 오늘 날씨는 좀 포근한 편이네요 ㅋㅋㅋ ,361,361,0,0
2019-01-30 06:22:40.976207,13110566,0,0,2019-01-30 04:22:33, 오늘 날씨는 좀 포근한 편이네요 ㅋㅋㅋ ,621,260,0,0
2019-01-30 07:22:33.080256,13110566,0,0,2019-01-30 04:22:33, 오늘 날씨는 좀 포근한 편이네요 ㅋㅋㅋ ,895,274,0,0
2019-01-30 08:22:38.164385,13110566,1,0,2019-01-30 04:22:33, 오늘 날씨는 좀 포근한 편이네요 ㅋㅋㅋ ,1129,234,1,0
2019-01-30 09:22:43.203870,13110566,1,0,2019-01-30 04:22:33, 오늘 날씨는 좀 포근한 편이네요 ㅋㅋㅋ ,1215,86,0,0
2019-01-30 10:22:35.283213,13110566,1,0,2019-01-30 04:22:33, 오늘 날씨는 좀 포근한 편이네요 ㅋㅋㅋ ,1243,28,0,0
2019-01-30 11:22:40.296191,13110566,1,0,2019-01-30 04:22:33, 오늘 날씨는 좀 포근한 편이네요 ㅋㅋㅋ ,1250,7,0,0
2019-01-30 12:22:45.466312,13110566,1,0,2019-01-30 04:22:33, 오늘 날씨는 좀 포근한 편이네요 ㅋㅋㅋ ,1256,6,0,0
2019-01-30 13:22:37.744144,13110566,1,0,2019-01-30 04:22:33, 오늘 날씨는 좀 포근한 편이네요 ㅋㅋㅋ ,1262,6,0,0
2019-01-30 14:22:42.807311,13110566,1,0,2019-01-30 04:22:33, 오늘 날씨는 좀 포근한 편이네요 ㅋㅋㅋ ,1265,3,0,0
2019-01-30 15:22:34.860425,13110566,1,0,2019-01-30 04:22:33, 오늘 날씨는 좀 포근한 편이네요 ㅋㅋㅋ ,1267,2,0,0
2019-01-30 16:22:39.873936,13110566,1,0,2019-01-30 04:22:33, 오늘 날씨는 좀 포근한 편이네요 ㅋㅋㅋ ,1270,3,0,0
2019-01-30 17:22:44.963361,13110566,1,0,2019-01-30 04:22:33, 오늘 날씨는 좀 포근한 편이네요 ㅋㅋㅋ ,1274,4,0,0
2019-01-30 18:22:37.003946,13110566,1,0,2019-01-30 04:22:33, 오늘 날씨는 좀 포근한 편이네요 ㅋㅋㅋ ,1275,1,0,0
2019-01-30 19:22:42.051689,13110566,1,0,2019-01-30 04:22:33, 오늘 날씨는 좀 포근한 편이네요 ㅋㅋㅋ ,1279,4,0,0
2019-01-30 20:22:34.053928,13110566,1,0,2019-01-30 04:22:33, 오늘 날씨는 좀 포근한 편이네요 ㅋㅋㅋ ,1281,2,0,0
2019-01-30 21:22:39.108266,13110566,1,0,2019-01-30 04:22:33, 오늘 날씨는 좀 포근한 편이네요 ㅋㅋㅋ ,1285,4,0,0
2019-01-30 22:22:44.186989,13110566,1,0,2019-01-30 04:22:33, 오늘 날씨는 좀 포근한 편이네요 ㅋㅋㅋ ,1292,7,0,0
2019-01-30 23:22:36.175426,13110566,1,0,2019-01-30 04:22:33, 오늘 날씨는 좀 포근한 편이네요 ㅋㅋㅋ ,1295,3,0,0
2019-01-31 00:22:41.277224,13110566,1,0,2019-01-30 04:22:33, 오늘 날씨는 좀 포근한 편이네요 ㅋㅋㅋ ,1297,2,0,0
2019-01-31 01:22:33.480550,13110566,1,0,2019-01-30 04:22:33, 오늘 날씨는 좀 포근한 편이네요 ㅋㅋㅋ ,1301,4,0,0
2019-01-31 02:22:38.546674,13110566,1,0,2019-01-30 04:22:33, 오늘 날씨는 좀 포근한 편이네요 ㅋㅋㅋ ,1304,3,0,0
2019-01-31 03:22:43.690402,13110566,1,0,2019-01-30 04:22:33, 오늘 날씨는 좀 포근한 편이네요 ㅋㅋㅋ ,1307,3,0,0
2019-01-31 04:22:35.710529,13110566,1,0,2019-01-30 04:22:33, 오늘 날씨는 좀 포근한 편이네요 ㅋㅋㅋ ,1308,1,0,0
