check_time,id,post_reply,post_symph,post_time,post_title,post_view,post_view_diff,post_reply_diff,post_symph_diff
2019-01-24 05:10:57.278589,13087776,0,0,2019-01-24 04:10:51, 알함브라의 추억을 이제서야 봤습니다...좀 허무하네요 걍 단편으로 만들지 ,329,329,0,0
2019-01-24 06:11:02.407581,13087776,0,0,2019-01-24 04:10:51, 알함브라의 추억을 이제서야 봤습니다...좀 허무하네요 걍 단편으로 만들지 ,571,242,0,0
2019-01-24 07:10:54.707190,13087776,0,0,2019-01-24 04:10:51, 알함브라의 추억을 이제서야 봤습니다...좀 허무하네요 걍 단편으로 만들지 ,878,307,0,0
2019-01-24 08:10:59.990677,13087776,1,0,2019-01-24 04:10:51, 알함브라의 추억을 이제서야 봤습니다...좀 허무하네요 걍 단편으로 만들지 ,1188,310,1,0
2019-01-24 09:10:52.427152,13087776,1,0,2019-01-24 04:10:51, 알함브라의 추억을 이제서야 봤습니다...좀 허무하네요 걍 단편으로 만들지 ,1346,158,0,0
2019-01-24 10:10:57.610130,13087776,1,0,2019-01-24 04:10:51, 알함브라의 추억을 이제서야 봤습니다...좀 허무하네요 걍 단편으로 만들지 ,1378,32,0,0
2019-01-24 11:11:02.624056,13087776,1,0,2019-01-24 04:10:51, 알함브라의 추억을 이제서야 봤습니다...좀 허무하네요 걍 단편으로 만들지 ,1390,12,0,0
2019-01-24 12:10:54.653602,13087776,1,0,2019-01-24 04:10:51, 알함브라의 추억을 이제서야 봤습니다...좀 허무하네요 걍 단편으로 만들지 ,1397,7,0,0
2019-01-24 13:10:59.717657,13087776,1,0,2019-01-24 04:10:51, 알함브라의 추억을 이제서야 봤습니다...좀 허무하네요 걍 단편으로 만들지 ,1402,5,0,0
2019-01-24 14:10:51.717389,13087776,1,0,2019-01-24 04:10:51, 알함브라의 추억을 이제서야 봤습니다...좀 허무하네요 걍 단편으로 만들지 ,1407,5,0,0
2019-01-24 15:10:56.782488,13087776,1,0,2019-01-24 04:10:51, 알함브라의 추억을 이제서야 봤습니다...좀 허무하네요 걍 단편으로 만들지 ,1413,6,0,0
2019-01-24 16:11:01.817634,13087776,1,0,2019-01-24 04:10:51, 알함브라의 추억을 이제서야 봤습니다...좀 허무하네요 걍 단편으로 만들지 ,1415,2,0,0
2019-01-24 17:10:53.848054,13087776,1,0,2019-01-24 04:10:51, 알함브라의 추억을 이제서야 봤습니다...좀 허무하네요 걍 단편으로 만들지 ,1416,1,0,0
2019-01-24 18:10:58.940113,13087776,1,0,2019-01-24 04:10:51, 알함브라의 추억을 이제서야 봤습니다...좀 허무하네요 걍 단편으로 만들지 ,1419,3,0,0
2019-01-24 19:10:51.044795,13087776,1,0,2019-01-24 04:10:51, 알함브라의 추억을 이제서야 봤습니다...좀 허무하네요 걍 단편으로 만들지 ,1425,6,0,0
2019-01-24 20:10:56.133114,13087776,1,0,2019-01-24 04:10:51, 알함브라의 추억을 이제서야 봤습니다...좀 허무하네요 걍 단편으로 만들지 ,1428,3,0,0
2019-01-24 21:11:01.220598,13087776,1,0,2019-01-24 04:10:51, 알함브라의 추억을 이제서야 봤습니다...좀 허무하네요 걍 단편으로 만들지 ,1433,5,0,0
2019-01-24 22:10:53.304545,13087776,1,0,2019-01-24 04:10:51, 알함브라의 추억을 이제서야 봤습니다...좀 허무하네요 걍 단편으로 만들지 ,1433,0,0,0
2019-01-24 23:10:58.538391,13087776,1,0,2019-01-24 04:10:51, 알함브라의 추억을 이제서야 봤습니다...좀 허무하네요 걍 단편으로 만들지 ,1436,3,0,0
2019-01-25 00:11:03.719389,13087776,1,0,2019-01-24 04:10:51, 알함브라의 추억을 이제서야 봤습니다...좀 허무하네요 걍 단편으로 만들지 ,1439,3,0,0
2019-01-25 01:10:56.007975,13087776,1,0,2019-01-24 04:10:51, 알함브라의 추억을 이제서야 봤습니다...좀 허무하네요 걍 단편으로 만들지 ,1442,3,0,0
2019-01-25 02:11:01.664870,13087776,1,0,2019-01-24 04:10:51, 알함브라의 추억을 이제서야 봤습니다...좀 허무하네요 걍 단편으로 만들지 ,1445,3,0,0
2019-01-25 03:10:53.743003,13087776,1,0,2019-01-24 04:10:51, 알함브라의 추억을 이제서야 봤습니다...좀 허무하네요 걍 단편으로 만들지 ,1447,2,0,0
2019-01-25 04:10:58.969673,13087776,1,0,2019-01-24 04:10:51, 알함브라의 추억을 이제서야 봤습니다...좀 허무하네요 걍 단편으로 만들지 ,1448,1,0,0
