check_time,id,post_reply,post_symph,post_time,post_title,post_view,post_view_diff,post_reply_diff,post_symph_diff
2019-01-29 05:02:01.133468,13106972,8,3,2019-01-29 04:01:55, 하루를 끝내고 잠자리에 들면서 따뜻한 털뭉치를 안고 잘 수 있다는 건 ,971,971,8,3
2019-01-29 06:02:06.191191,13106972,8,4,2019-01-29 04:01:55, 하루를 끝내고 잠자리에 들면서 따뜻한 털뭉치를 안고 잘 수 있다는 건 ,1627,656,0,1
2019-01-29 07:01:58.244336,13106972,8,6,2019-01-29 04:01:55, 하루를 끝내고 잠자리에 들면서 따뜻한 털뭉치를 안고 잘 수 있다는 건 ,2556,929,0,2
2019-01-29 08:02:03.547680,13106972,9,7,2019-01-29 04:01:55, 하루를 끝내고 잠자리에 들면서 따뜻한 털뭉치를 안고 잘 수 있다는 건 ,3550,994,1,1
2019-01-29 09:01:55.674457,13106972,9,8,2019-01-29 04:01:55, 하루를 끝내고 잠자리에 들면서 따뜻한 털뭉치를 안고 잘 수 있다는 건 ,4379,829,0,1
2019-01-29 10:02:00.932067,13106972,9,9,2019-01-29 04:01:55, 하루를 끝내고 잠자리에 들면서 따뜻한 털뭉치를 안고 잘 수 있다는 건 ,4763,384,0,1
2019-01-29 11:02:06.085230,13106972,9,9,2019-01-29 04:01:55, 하루를 끝내고 잠자리에 들면서 따뜻한 털뭉치를 안고 잘 수 있다는 건 ,4945,182,0,0
2019-01-29 12:01:58.129210,13106972,9,10,2019-01-29 04:01:55, 하루를 끝내고 잠자리에 들면서 따뜻한 털뭉치를 안고 잘 수 있다는 건 ,5023,78,0,1
2019-01-29 13:02:03.198832,13106972,9,10,2019-01-29 04:01:55, 하루를 끝내고 잠자리에 들면서 따뜻한 털뭉치를 안고 잘 수 있다는 건 ,5075,52,0,0
2019-01-29 14:01:55.249587,13106972,9,10,2019-01-29 04:01:55, 하루를 끝내고 잠자리에 들면서 따뜻한 털뭉치를 안고 잘 수 있다는 건 ,5111,36,0,0
2019-01-29 15:02:00.255269,13106972,9,10,2019-01-29 04:01:55, 하루를 끝내고 잠자리에 들면서 따뜻한 털뭉치를 안고 잘 수 있다는 건 ,5137,26,0,0
2019-01-29 16:02:05.307948,13106972,9,10,2019-01-29 04:01:55, 하루를 끝내고 잠자리에 들면서 따뜻한 털뭉치를 안고 잘 수 있다는 건 ,5172,35,0,0
2019-01-29 17:01:57.372521,13106972,9,10,2019-01-29 04:01:55, 하루를 끝내고 잠자리에 들면서 따뜻한 털뭉치를 안고 잘 수 있다는 건 ,5188,16,0,0
2019-01-29 18:02:02.442980,13106972,9,10,2019-01-29 04:01:55, 하루를 끝내고 잠자리에 들면서 따뜻한 털뭉치를 안고 잘 수 있다는 건 ,5203,15,0,0
2019-01-29 19:02:07.466890,13106972,9,10,2019-01-29 04:01:55, 하루를 끝내고 잠자리에 들면서 따뜻한 털뭉치를 안고 잘 수 있다는 건 ,5220,17,0,0
2019-01-29 20:01:59.704239,13106972,9,10,2019-01-29 04:01:55, 하루를 끝내고 잠자리에 들면서 따뜻한 털뭉치를 안고 잘 수 있다는 건 ,5238,18,0,0
2019-01-29 21:02:04.821355,13106972,9,10,2019-01-29 04:01:55, 하루를 끝내고 잠자리에 들면서 따뜻한 털뭉치를 안고 잘 수 있다는 건 ,5248,10,0,0
2019-01-29 22:01:56.887938,13106972,9,10,2019-01-29 04:01:55, 하루를 끝내고 잠자리에 들면서 따뜻한 털뭉치를 안고 잘 수 있다는 건 ,5258,10,0,0
2019-01-29 23:02:01.901061,13106972,9,10,2019-01-29 04:01:55, 하루를 끝내고 잠자리에 들면서 따뜻한 털뭉치를 안고 잘 수 있다는 건 ,5268,10,0,0
2019-01-30 00:02:07.151214,13106972,9,10,2019-01-29 04:01:55, 하루를 끝내고 잠자리에 들면서 따뜻한 털뭉치를 안고 잘 수 있다는 건 ,5283,15,0,0
2019-01-30 01:01:59.203587,13106972,9,10,2019-01-29 04:01:55, 하루를 끝내고 잠자리에 들면서 따뜻한 털뭉치를 안고 잘 수 있다는 건 ,5292,9,0,0
2019-01-30 02:02:04.254301,13106972,9,10,2019-01-29 04:01:55, 하루를 끝내고 잠자리에 들면서 따뜻한 털뭉치를 안고 잘 수 있다는 건 ,5299,7,0,0
2019-01-30 03:01:56.426872,13106972,9,10,2019-01-29 04:01:55, 하루를 끝내고 잠자리에 들면서 따뜻한 털뭉치를 안고 잘 수 있다는 건 ,5303,4,0,0
2019-01-30 04:02:01.509031,13106972,9,10,2019-01-29 04:01:55, 하루를 끝내고 잠자리에 들면서 따뜻한 털뭉치를 안고 잘 수 있다는 건 ,5307,4,0,0
