check_time,id,post_reply,post_symph,post_time,post_title,post_view,post_view_diff,post_reply_diff,post_symph_diff
2019-01-25 05:32:11.401415,13092263,4,0,2019-01-25 04:32:08, 아이폰 매출 하락을 막기위해 돈이면 다하는 크래커를 불러서 안드를 해킹한다. ,616,616,4,0
2019-01-25 06:32:16.439902,13092263,5,0,2019-01-25 04:32:08, 아이폰 매출 하락을 막기위해 돈이면 다하는 크래커를 불러서 안드를 해킹한다. ,963,347,1,0
2019-01-25 07:32:08.543511,13092263,5,0,2019-01-25 04:32:08, 아이폰 매출 하락을 막기위해 돈이면 다하는 크래커를 불러서 안드를 해킹한다. ,1517,554,0,0
2019-01-25 08:32:13.658946,13092263,6,0,2019-01-25 04:32:08, 아이폰 매출 하락을 막기위해 돈이면 다하는 크래커를 불러서 안드를 해킹한다. ,1961,444,1,0
2019-01-25 09:32:18.772429,13092263,6,0,2019-01-25 04:32:08, 아이폰 매출 하락을 막기위해 돈이면 다하는 크래커를 불러서 안드를 해킹한다. ,2127,166,0,0
2019-01-25 10:32:10.907954,13092263,6,0,2019-01-25 04:32:08, 아이폰 매출 하락을 막기위해 돈이면 다하는 크래커를 불러서 안드를 해킹한다. ,2163,36,0,0
2019-01-25 11:32:16.145552,13092263,6,0,2019-01-25 04:32:08, 아이폰 매출 하락을 막기위해 돈이면 다하는 크래커를 불러서 안드를 해킹한다. ,2173,10,0,0
2019-01-25 12:32:08.382549,13092263,6,0,2019-01-25 04:32:08, 아이폰 매출 하락을 막기위해 돈이면 다하는 크래커를 불러서 안드를 해킹한다. ,2181,8,0,0
2019-01-25 13:32:13.387410,13092263,6,0,2019-01-25 04:32:08, 아이폰 매출 하락을 막기위해 돈이면 다하는 크래커를 불러서 안드를 해킹한다. ,2191,10,0,0
2019-01-25 14:32:18.493143,13092263,6,0,2019-01-25 04:32:08, 아이폰 매출 하락을 막기위해 돈이면 다하는 크래커를 불러서 안드를 해킹한다. ,2198,7,0,0
2019-01-25 15:32:10.511581,13092263,6,0,2019-01-25 04:32:08, 아이폰 매출 하락을 막기위해 돈이면 다하는 크래커를 불러서 안드를 해킹한다. ,2200,2,0,0
2019-01-25 16:32:15.555925,13092263,6,0,2019-01-25 04:32:08, 아이폰 매출 하락을 막기위해 돈이면 다하는 크래커를 불러서 안드를 해킹한다. ,2208,8,0,0
2019-01-25 17:32:20.807250,13092263,6,0,2019-01-25 04:32:08, 아이폰 매출 하락을 막기위해 돈이면 다하는 크래커를 불러서 안드를 해킹한다. ,2210,2,0,0
2019-01-25 18:32:13.069651,13092263,6,0,2019-01-25 04:32:08, 아이폰 매출 하락을 막기위해 돈이면 다하는 크래커를 불러서 안드를 해킹한다. ,2215,5,0,0
2019-01-25 19:32:18.087826,13092263,6,0,2019-01-25 04:32:08, 아이폰 매출 하락을 막기위해 돈이면 다하는 크래커를 불러서 안드를 해킹한다. ,2219,4,0,0
2019-01-25 20:32:10.164285,13092263,6,0,2019-01-25 04:32:08, 아이폰 매출 하락을 막기위해 돈이면 다하는 크래커를 불러서 안드를 해킹한다. ,2221,2,0,0
2019-01-25 21:32:15.203052,13092263,6,0,2019-01-25 04:32:08, 아이폰 매출 하락을 막기위해 돈이면 다하는 크래커를 불러서 안드를 해킹한다. ,2223,2,0,0
2019-01-25 22:32:20.226940,13092263,6,0,2019-01-25 04:32:08, 아이폰 매출 하락을 막기위해 돈이면 다하는 크래커를 불러서 안드를 해킹한다. ,2224,1,0,0
2019-01-25 23:32:12.269358,13092263,6,0,2019-01-25 04:32:08, 아이폰 매출 하락을 막기위해 돈이면 다하는 크래커를 불러서 안드를 해킹한다. ,2228,4,0,0
2019-01-26 00:32:17.474980,13092263,6,0,2019-01-25 04:32:08, 아이폰 매출 하락을 막기위해 돈이면 다하는 크래커를 불러서 안드를 해킹한다. ,2229,1,0,0
2019-01-26 01:32:09.601268,13092263,6,0,2019-01-25 04:32:08, 아이폰 매출 하락을 막기위해 돈이면 다하는 크래커를 불러서 안드를 해킹한다. ,2232,3,0,0
2019-01-26 02:32:14.722782,13092263,6,0,2019-01-25 04:32:08, 아이폰 매출 하락을 막기위해 돈이면 다하는 크래커를 불러서 안드를 해킹한다. ,2235,3,0,0
2019-01-26 03:32:19.864955,13092263,6,0,2019-01-25 04:32:08, 아이폰 매출 하락을 막기위해 돈이면 다하는 크래커를 불러서 안드를 해킹한다. ,2238,3,0,0
2019-01-26 04:32:13.033606,13092263,6,0,2019-01-25 04:32:08, 아이폰 매출 하락을 막기위해 돈이면 다하는 크래커를 불러서 안드를 해킹한다. ,2240,2,0,0
