check_time,id,post_reply,post_symph,post_time,post_title,post_view,post_view_diff,post_reply_diff,post_symph_diff
2019-01-31 05:45:05.307247,13114986,2,0,2019-01-31 04:44:56, 스파이더맨 갓오브워 등 인기 타이틀 구하기가 쉽지않군요.. ,417,417,2,0
2019-01-31 06:44:57.294422,13114986,3,0,2019-01-31 04:44:56, 스파이더맨 갓오브워 등 인기 타이틀 구하기가 쉽지않군요.. ,846,429,1,0
2019-01-31 07:45:02.335825,13114986,4,0,2019-01-31 04:44:56, 스파이더맨 갓오브워 등 인기 타이틀 구하기가 쉽지않군요.. ,1247,401,1,0
2019-01-31 08:45:07.387654,13114986,6,0,2019-01-31 04:44:56, 스파이더맨 갓오브워 등 인기 타이틀 구하기가 쉽지않군요.. ,1468,221,2,0
2019-01-31 09:44:59.512712,13114986,6,0,2019-01-31 04:44:56, 스파이더맨 갓오브워 등 인기 타이틀 구하기가 쉽지않군요.. ,1554,86,0,0
2019-01-31 10:45:04.938512,13114986,6,0,2019-01-31 04:44:56, 스파이더맨 갓오브워 등 인기 타이틀 구하기가 쉽지않군요.. ,1587,33,0,0
2019-01-31 11:44:57.184003,13114986,6,0,2019-01-31 04:44:56, 스파이더맨 갓오브워 등 인기 타이틀 구하기가 쉽지않군요.. ,1592,5,0,0
2019-01-31 12:45:02.339507,13114986,6,0,2019-01-31 04:44:56, 스파이더맨 갓오브워 등 인기 타이틀 구하기가 쉽지않군요.. ,1597,5,0,0
2019-01-31 13:45:07.439852,13114986,6,0,2019-01-31 04:44:56, 스파이더맨 갓오브워 등 인기 타이틀 구하기가 쉽지않군요.. ,1607,10,0,0
2019-01-31 14:44:59.493683,13114986,6,0,2019-01-31 04:44:56, 스파이더맨 갓오브워 등 인기 타이틀 구하기가 쉽지않군요.. ,1611,4,0,0
2019-01-31 15:45:04.519949,13114986,6,0,2019-01-31 04:44:56, 스파이더맨 갓오브워 등 인기 타이틀 구하기가 쉽지않군요.. ,1617,6,0,0
2019-01-31 16:44:56.532354,13114986,6,0,2019-01-31 04:44:56, 스파이더맨 갓오브워 등 인기 타이틀 구하기가 쉽지않군요.. ,1619,2,0,0
2019-01-31 17:45:01.585097,13114986,6,0,2019-01-31 04:44:56, 스파이더맨 갓오브워 등 인기 타이틀 구하기가 쉽지않군요.. ,1624,5,0,0
2019-01-31 18:45:06.597816,13114986,6,0,2019-01-31 04:44:56, 스파이더맨 갓오브워 등 인기 타이틀 구하기가 쉽지않군요.. ,1629,5,0,0
2019-01-31 19:44:58.583863,13114986,6,0,2019-01-31 04:44:56, 스파이더맨 갓오브워 등 인기 타이틀 구하기가 쉽지않군요.. ,1630,1,0,0
2019-01-31 20:45:03.597357,13114986,6,0,2019-01-31 04:44:56, 스파이더맨 갓오브워 등 인기 타이틀 구하기가 쉽지않군요.. ,1632,2,0,0
2019-01-31 21:45:08.611685,13114986,6,0,2019-01-31 04:44:56, 스파이더맨 갓오브워 등 인기 타이틀 구하기가 쉽지않군요.. ,1635,3,0,0
2019-01-31 22:45:00.808238,13114986,6,0,2019-01-31 04:44:56, 스파이더맨 갓오브워 등 인기 타이틀 구하기가 쉽지않군요.. ,1636,1,0,0
2019-01-31 23:45:05.954902,13114986,6,0,2019-01-31 04:44:56, 스파이더맨 갓오브워 등 인기 타이틀 구하기가 쉽지않군요.. ,1639,3,0,0
2019-02-01 00:44:58.007980,13114986,6,0,2019-01-31 04:44:56, 스파이더맨 갓오브워 등 인기 타이틀 구하기가 쉽지않군요.. ,1640,1,0,0
2019-02-01 01:45:03.071029,13114986,6,0,2019-01-31 04:44:56, 스파이더맨 갓오브워 등 인기 타이틀 구하기가 쉽지않군요.. ,1644,4,0,0
2019-02-01 02:45:08.084512,13114986,6,0,2019-01-31 04:44:56, 스파이더맨 갓오브워 등 인기 타이틀 구하기가 쉽지않군요.. ,1647,3,0,0
2019-02-01 03:45:00.097819,13114986,6,0,2019-01-31 04:44:56, 스파이더맨 갓오브워 등 인기 타이틀 구하기가 쉽지않군요.. ,1648,1,0,0
2019-02-01 04:45:05.597845,13114986,6,0,2019-01-31 04:44:56, 스파이더맨 갓오브워 등 인기 타이틀 구하기가 쉽지않군요.. ,1651,3,0,0
