check_time,id,post_reply,post_symph,post_time,post_title,post_view,post_view_diff,post_reply_diff,post_symph_diff
2019-01-25 05:11:08.058377,13092248,2,0,2019-01-25 04:11:00, 알파스타 잘 하네요 ,495,495,2,0
2019-01-25 06:11:00.136816,13092248,2,0,2019-01-25 04:11:00, 알파스타 잘 하네요 ,641,146,0,0
2019-01-25 07:11:05.500205,13092248,2,0,2019-01-25 04:11:00, 알파스타 잘 하네요 ,878,237,0,0
2019-01-25 08:11:10.494363,13092248,2,0,2019-01-25 04:11:00, 알파스타 잘 하네요 ,1176,298,0,0
2019-01-25 09:11:02.749936,13092248,2,0,2019-01-25 04:11:00, 알파스타 잘 하네요 ,1357,181,0,0
2019-01-25 10:11:07.772341,13092248,2,0,2019-01-25 04:11:00, 알파스타 잘 하네요 ,1427,70,0,0
2019-01-25 11:11:00.100180,13092248,2,0,2019-01-25 04:11:00, 알파스타 잘 하네요 ,1448,21,0,0
2019-01-25 12:11:05.368554,13092248,2,0,2019-01-25 04:11:00, 알파스타 잘 하네요 ,1463,15,0,0
2019-01-25 13:11:10.422479,13092248,2,0,2019-01-25 04:11:00, 알파스타 잘 하네요 ,1470,7,0,0
2019-01-25 14:11:02.915386,13092248,2,0,2019-01-25 04:11:00, 알파스타 잘 하네요 ,1475,5,0,0
2019-01-25 15:11:08.248771,13092248,2,0,2019-01-25 04:11:00, 알파스타 잘 하네요 ,1480,5,0,0
2019-01-25 16:11:00.389074,13092248,2,0,2019-01-25 04:11:00, 알파스타 잘 하네요 ,1486,6,0,0
2019-01-25 17:11:05.690182,13092248,2,0,2019-01-25 04:11:00, 알파스타 잘 하네요 ,1489,3,0,0
2019-01-25 18:11:10.801818,13092248,2,0,2019-01-25 04:11:00, 알파스타 잘 하네요 ,1492,3,0,0
2019-01-25 19:11:02.840514,13092248,2,0,2019-01-25 04:11:00, 알파스타 잘 하네요 ,1496,4,0,0
2019-01-25 20:11:07.848653,13092248,2,0,2019-01-25 04:11:00, 알파스타 잘 하네요 ,1499,3,0,0
2019-01-25 21:11:12.834931,13092248,2,0,2019-01-25 04:11:00, 알파스타 잘 하네요 ,1501,2,0,0
2019-01-25 22:11:04.862024,13092248,2,0,2019-01-25 04:11:00, 알파스타 잘 하네요 ,1503,2,0,0
2019-01-25 23:11:09.950161,13092248,2,0,2019-01-25 04:11:00, 알파스타 잘 하네요 ,1505,2,0,0
2019-01-26 00:11:01.959047,13092248,2,0,2019-01-25 04:11:00, 알파스타 잘 하네요 ,1508,3,0,0
2019-01-26 01:11:07.230283,13092248,2,0,2019-01-25 04:11:00, 알파스타 잘 하네요 ,1510,2,0,0
2019-01-26 02:11:12.453158,13092248,2,0,2019-01-25 04:11:00, 알파스타 잘 하네요 ,1512,2,0,0
2019-01-26 03:11:04.468097,13092248,2,0,2019-01-25 04:11:00, 알파스타 잘 하네요 ,1517,5,0,0
2019-01-26 04:11:09.481615,13092248,2,0,2019-01-25 04:11:00, 알파스타 잘 하네요 ,1518,1,0,0
