check_time,id,post_reply,post_symph,post_time,post_title,post_view,post_view_diff,post_reply_diff,post_symph_diff
2019-01-25 05:40:33.853097,13092265,5,0,2019-01-25 04:40:30, [뻘글] 알파스타고 나발이고 ,619,619,5,0
2019-01-25 06:40:38.894689,13092265,5,0,2019-01-25 04:40:30, [뻘글] 알파스타고 나발이고 ,1004,385,0,0
2019-01-25 07:40:30.903488,13092265,5,0,2019-01-25 04:40:30, [뻘글] 알파스타고 나발이고 ,1519,515,0,0
2019-01-25 08:40:35.929807,13092265,5,0,2019-01-25 04:40:30, [뻘글] 알파스타고 나발이고 ,1932,413,0,0
2019-01-25 09:40:40.984397,13092265,5,0,2019-01-25 04:40:30, [뻘글] 알파스타고 나발이고 ,2077,145,0,0
2019-01-25 10:40:33.079141,13092265,5,0,2019-01-25 04:40:30, [뻘글] 알파스타고 나발이고 ,2114,37,0,0
2019-01-25 11:40:38.185660,13092265,5,0,2019-01-25 04:40:30, [뻘글] 알파스타고 나발이고 ,2127,13,0,0
2019-01-25 12:40:30.517605,13092265,5,0,2019-01-25 04:40:30, [뻘글] 알파스타고 나발이고 ,2134,7,0,0
2019-01-25 13:40:35.710296,13092265,5,0,2019-01-25 04:40:30, [뻘글] 알파스타고 나발이고 ,2145,11,0,0
2019-01-25 14:40:40.908967,13092265,5,0,2019-01-25 04:40:30, [뻘글] 알파스타고 나발이고 ,2152,7,0,0
2019-01-25 15:40:33.046149,13092265,5,0,2019-01-25 04:40:30, [뻘글] 알파스타고 나발이고 ,2153,1,0,0
2019-01-25 16:40:38.197713,13092265,5,0,2019-01-25 04:40:30, [뻘글] 알파스타고 나발이고 ,2154,1,0,0
2019-01-25 17:40:30.614233,13092265,5,0,2019-01-25 04:40:30, [뻘글] 알파스타고 나발이고 ,2158,4,0,0
2019-01-25 18:40:35.761843,13092265,5,0,2019-01-25 04:40:30, [뻘글] 알파스타고 나발이고 ,2161,3,0,0
2019-01-25 19:40:41.098773,13092265,5,0,2019-01-25 04:40:30, [뻘글] 알파스타고 나발이고 ,2163,2,0,0
2019-01-25 20:40:33.101126,13092265,5,0,2019-01-25 04:40:30, [뻘글] 알파스타고 나발이고 ,2165,2,0,0
2019-01-25 21:40:38.123559,13092265,5,0,2019-01-25 04:40:30, [뻘글] 알파스타고 나발이고 ,2167,2,0,0
2019-01-25 22:40:30.263255,13092265,5,0,2019-01-25 04:40:30, [뻘글] 알파스타고 나발이고 ,2174,7,0,0
2019-01-25 23:40:35.437979,13092265,5,0,2019-01-25 04:40:30, [뻘글] 알파스타고 나발이고 ,2175,1,0,0
2019-01-26 00:40:40.536843,13092265,5,0,2019-01-25 04:40:30, [뻘글] 알파스타고 나발이고 ,2176,1,0,0
2019-01-26 01:40:32.572991,13092265,5,0,2019-01-25 04:40:30, [뻘글] 알파스타고 나발이고 ,2178,2,0,0
2019-01-26 02:40:37.533788,13092265,5,0,2019-01-25 04:40:30, [뻘글] 알파스타고 나발이고 ,2180,2,0,0
2019-01-26 03:40:42.632240,13092265,5,0,2019-01-25 04:40:30, [뻘글] 알파스타고 나발이고 ,2183,3,0,0
2019-01-26 04:40:34.598666,13092265,5,0,2019-01-25 04:40:30, [뻘글] 알파스타고 나발이고 ,2184,1,0,0
