check_time,id,post_reply,post_symph,post_time,post_title,post_view,post_view_diff,post_reply_diff,post_symph_diff
2019-01-30 05:22:26.141502,13110565,7,0,2019-01-30 04:22:15, 야밤에 카톡이 왔는데 당황스럽네요.... ,1064,1064,7,0
2019-01-30 06:22:18.286919,13110565,7,0,2019-01-30 04:22:15, 야밤에 카톡이 왔는데 당황스럽네요.... ,1897,833,0,0
2019-01-30 07:22:23.415839,13110565,7,0,2019-01-30 04:22:15, 야밤에 카톡이 왔는데 당황스럽네요.... ,3128,1231,0,0
2019-01-30 08:22:15.498249,13110565,7,0,2019-01-30 04:22:15, 야밤에 카톡이 왔는데 당황스럽네요.... ,4134,1006,0,0
2019-01-30 09:22:20.557225,13110565,7,0,2019-01-30 04:22:15, 야밤에 카톡이 왔는데 당황스럽네요.... ,4634,500,0,0
2019-01-30 10:22:25.588466,13110565,7,0,2019-01-30 04:22:15, 야밤에 카톡이 왔는데 당황스럽네요.... ,4853,219,0,0
2019-01-30 11:22:17.974055,13110565,7,0,2019-01-30 04:22:15, 야밤에 카톡이 왔는데 당황스럽네요.... ,4943,90,0,0
2019-01-30 12:22:23.005849,13110565,7,0,2019-01-30 04:22:15, 야밤에 카톡이 왔는데 당황스럽네요.... ,5001,58,0,0
2019-01-30 13:22:15.267626,13110565,7,0,2019-01-30 04:22:15, 야밤에 카톡이 왔는데 당황스럽네요.... ,5044,43,0,0
2019-01-30 14:22:20.403252,13110565,7,0,2019-01-30 04:22:15, 야밤에 카톡이 왔는데 당황스럽네요.... ,5095,51,0,0
2019-01-30 15:22:25.926246,13110565,7,0,2019-01-30 04:22:15, 야밤에 카톡이 왔는데 당황스럽네요.... ,5108,13,0,0
2019-01-30 16:22:18.286365,13110565,7,0,2019-01-30 04:22:15, 야밤에 카톡이 왔는데 당황스럽네요.... ,5112,4,0,0
2019-01-30 17:22:23.421223,13110565,7,0,2019-01-30 04:22:15, 야밤에 카톡이 왔는데 당황스럽네요.... ,5118,6,0,0
2019-01-30 18:22:15.611129,13110565,7,0,2019-01-30 04:22:15, 야밤에 카톡이 왔는데 당황스럽네요.... ,5125,7,0,0
2019-01-30 19:22:20.669409,13110565,7,0,2019-01-30 04:22:15, 야밤에 카톡이 왔는데 당황스럽네요.... ,5129,4,0,0
2019-01-30 20:22:26.154883,13110565,7,0,2019-01-30 04:22:15, 야밤에 카톡이 왔는데 당황스럽네요.... ,5133,4,0,0
2019-01-30 21:22:18.457612,13110565,7,0,2019-01-30 04:22:15, 야밤에 카톡이 왔는데 당황스럽네요.... ,5135,2,0,0
2019-01-30 22:22:23.586779,13110565,7,0,2019-01-30 04:22:15, 야밤에 카톡이 왔는데 당황스럽네요.... ,5137,2,0,0
2019-01-30 23:22:15.630864,13110565,7,0,2019-01-30 04:22:15, 야밤에 카톡이 왔는데 당황스럽네요.... ,5140,3,0,0
2019-01-31 00:22:20.659221,13110565,7,0,2019-01-30 04:22:15, 야밤에 카톡이 왔는데 당황스럽네요.... ,5144,4,0,0
2019-01-31 01:22:25.691660,13110565,7,0,2019-01-30 04:22:15, 야밤에 카톡이 왔는데 당황스럽네요.... ,5147,3,0,0
2019-01-31 02:22:17.889412,13110565,7,0,2019-01-30 04:22:15, 야밤에 카톡이 왔는데 당황스럽네요.... ,5149,2,0,0
2019-01-31 03:22:22.857256,13110565,7,0,2019-01-30 04:22:15, 야밤에 카톡이 왔는데 당황스럽네요.... ,5150,1,0,0
2019-01-31 04:22:27.857148,13110565,7,0,2019-01-30 04:22:15, 야밤에 카톡이 왔는데 당황스럽네요.... ,5154,4,0,0
