check_time,id,post_reply,post_symph,post_time,post_title,post_view,post_view_diff,post_reply_diff,post_symph_diff
2019-01-30 05:46:54.216411,13110574,3,0,2019-01-30 04:46:44, 야밤의 유로트럭 중 ,581,581,3,0
2019-01-30 06:46:46.196768,13110574,3,0,2019-01-30 04:46:44, 야밤의 유로트럭 중 ,1203,622,0,0
2019-01-30 07:46:51.371204,13110574,4,0,2019-01-30 04:46:44, 야밤의 유로트럭 중 ,1888,685,1,0
2019-01-30 08:46:56.441705,13110574,4,0,2019-01-30 04:46:44, 야밤의 유로트럭 중 ,2367,479,0,0
2019-01-30 09:46:48.531552,13110574,5,0,2019-01-30 04:46:44, 야밤의 유로트럭 중 ,2561,194,1,0
2019-01-30 10:46:53.556787,13110574,5,0,2019-01-30 04:46:44, 야밤의 유로트럭 중 ,2619,58,0,0
2019-01-30 11:46:45.607491,13110574,5,0,2019-01-30 04:46:44, 야밤의 유로트럭 중 ,2644,25,0,0
2019-01-30 12:46:50.653063,13110574,5,0,2019-01-30 04:46:44, 야밤의 유로트럭 중 ,2665,21,0,0
2019-01-30 13:46:55.706940,13110574,5,0,2019-01-30 04:46:44, 야밤의 유로트럭 중 ,2674,9,0,0
2019-01-30 14:46:47.710967,13110574,5,0,2019-01-30 04:46:44, 야밤의 유로트럭 중 ,2683,9,0,0
2019-01-30 15:46:52.772333,13110574,5,0,2019-01-30 04:46:44, 야밤의 유로트럭 중 ,2686,3,0,0
2019-01-30 16:46:44.804883,13110574,5,0,2019-01-30 04:46:44, 야밤의 유로트럭 중 ,2692,6,0,0
2019-01-30 17:46:50.251473,13110574,5,0,2019-01-30 04:46:44, 야밤의 유로트럭 중 ,2694,2,0,0
2019-01-30 18:46:55.294782,13110574,5,0,2019-01-30 04:46:44, 야밤의 유로트럭 중 ,2695,1,0,0
2019-01-30 19:46:47.348620,13110574,5,0,2019-01-30 04:46:44, 야밤의 유로트럭 중 ,2697,2,0,0
2019-01-30 20:46:52.348592,13110574,5,0,2019-01-30 04:46:44, 야밤의 유로트럭 중 ,2698,1,0,0
2019-01-30 21:46:44.575089,13110574,5,0,2019-01-30 04:46:44, 야밤의 유로트럭 중 ,2702,4,0,0
2019-01-30 22:46:49.656934,13110574,5,0,2019-01-30 04:46:44, 야밤의 유로트럭 중 ,2707,5,0,0
2019-01-30 23:46:54.809583,13110574,5,0,2019-01-30 04:46:44, 야밤의 유로트럭 중 ,2708,1,0,0
2019-01-31 00:46:47.205129,13110574,5,0,2019-01-30 04:46:44, 야밤의 유로트럭 중 ,2709,1,0,0
2019-01-31 01:46:52.291629,13110574,5,0,2019-01-30 04:46:44, 야밤의 유로트럭 중 ,2711,2,0,0
2019-01-31 02:46:44.400810,13110574,5,0,2019-01-30 04:46:44, 야밤의 유로트럭 중 ,2712,1,0,0
2019-01-31 03:46:49.414737,13110574,5,0,2019-01-30 04:46:44, 야밤의 유로트럭 중 ,2714,2,0,0
2019-01-31 04:46:54.522157,13110574,5,0,2019-01-30 04:46:44, 야밤의 유로트럭 중 ,2718,4,0,0
