check_time,id,post_reply,post_symph,post_time,post_title,post_view,post_view_diff,post_reply_diff,post_symph_diff
2019-01-27 05:55:08.654812,13100178,7,0,2019-01-27 04:54:57, 손혜원의원 휴전선언? ,1114,1114,7,0
2019-01-27 06:55:00.666909,13100178,10,0,2019-01-27 04:54:57, 손혜원의원 휴전선언? ,1906,792,3,0
2019-01-27 07:55:05.816539,13100178,13,0,2019-01-27 04:54:57, 손혜원의원 휴전선언? ,3056,1150,3,0
2019-01-27 08:54:59.168272,13100178,15,1,2019-01-27 04:54:57, 손혜원의원 휴전선언? ,4477,1421,2,1
2019-01-27 09:55:04.216415,13100178,16,2,2019-01-27 04:54:57, 손혜원의원 휴전선언? ,5568,1091,1,1
2019-01-27 10:55:09.318717,13100178,17,2,2019-01-27 04:54:57, 손혜원의원 휴전선언? ,6131,563,1,0
2019-01-27 11:55:01.379923,13100178,17,2,2019-01-27 04:54:57, 손혜원의원 휴전선언? ,6443,312,0,0
2019-01-27 12:55:06.517278,13100178,17,2,2019-01-27 04:54:57, 손혜원의원 휴전선언? ,6598,155,0,0
2019-01-27 13:54:58.532907,13100178,17,2,2019-01-27 04:54:57, 손혜원의원 휴전선언? ,6668,70,0,0
2019-01-27 14:55:03.558020,13100178,17,2,2019-01-27 04:54:57, 손혜원의원 휴전선언? ,6729,61,0,0
2019-01-27 15:55:08.584272,13100178,17,2,2019-01-27 04:54:57, 손혜원의원 휴전선언? ,6773,44,0,0
2019-01-27 16:55:00.570502,13100178,17,2,2019-01-27 04:54:57, 손혜원의원 휴전선언? ,6807,34,0,0
2019-01-27 17:55:05.597941,13100178,17,2,2019-01-27 04:54:57, 손혜원의원 휴전선언? ,6824,17,0,0
2019-01-27 18:54:57.611060,13100178,17,2,2019-01-27 04:54:57, 손혜원의원 휴전선언? ,6831,7,0,0
2019-01-27 19:55:02.640829,13100178,17,2,2019-01-27 04:54:57, 손혜원의원 휴전선언? ,6848,17,0,0
2019-01-27 20:55:07.709664,13100178,17,2,2019-01-27 04:54:57, 손혜원의원 휴전선언? ,6868,20,0,0
2019-01-27 21:54:59.743880,13100178,17,2,2019-01-27 04:54:57, 손혜원의원 휴전선언? ,6883,15,0,0
2019-01-27 22:55:04.887530,13100178,17,2,2019-01-27 04:54:57, 손혜원의원 휴전선언? ,6898,15,0,0
2019-01-27 23:54:57.032547,13100178,17,2,2019-01-27 04:54:57, 손혜원의원 휴전선언? ,6911,13,0,0
2019-01-28 00:55:02.173371,13100178,17,2,2019-01-27 04:54:57, 손혜원의원 휴전선언? ,6917,6,0,0
2019-01-28 01:55:07.237129,13100178,17,2,2019-01-27 04:54:57, 손혜원의원 휴전선언? ,6926,9,0,0
2019-01-28 02:54:59.267756,13100178,17,2,2019-01-27 04:54:57, 손혜원의원 휴전선언? ,6933,7,0,0
2019-01-28 03:55:04.294947,13100178,17,2,2019-01-27 04:54:57, 손혜원의원 휴전선언? ,6935,2,0,0
2019-01-28 04:55:09.311412,13100178,17,2,2019-01-27 04:54:57, 손혜원의원 휴전선언? ,6937,2,0,0
