check_time,id,post_reply,post_symph,post_time,post_title,post_view,post_view_diff,post_reply_diff,post_symph_diff
2019-02-01 05:07:03.468221,13118478,4,1,2019-02-01 04:06:54, 하와와 남대생쟝 술 마시는 것이에요 ,669,669,4,1
2019-02-01 06:06:55.436017,13118478,4,1,2019-02-01 04:06:54, 하와와 남대생쟝 술 마시는 것이에요 ,1122,453,0,0
2019-02-01 07:07:00.504955,13118478,4,1,2019-02-01 04:06:54, 하와와 남대생쟝 술 마시는 것이에요 ,1694,572,0,0
2019-02-01 08:07:05.603421,13118478,4,1,2019-02-01 04:06:54, 하와와 남대생쟝 술 마시는 것이에요 ,2386,692,0,0
2019-02-01 09:06:57.731470,13118478,4,1,2019-02-01 04:06:54, 하와와 남대생쟝 술 마시는 것이에요 ,2810,424,0,0
2019-02-01 10:07:02.775378,13118478,4,1,2019-02-01 04:06:54, 하와와 남대생쟝 술 마시는 것이에요 ,2972,162,0,0
2019-02-01 11:06:54.855773,13118478,4,1,2019-02-01 04:06:54, 하와와 남대생쟝 술 마시는 것이에요 ,3020,48,0,0
2019-02-01 12:07:00.027344,13118478,4,1,2019-02-01 04:06:54, 하와와 남대생쟝 술 마시는 것이에요 ,3044,24,0,0
2019-02-01 13:07:05.185462,13118478,4,1,2019-02-01 04:06:54, 하와와 남대생쟝 술 마시는 것이에요 ,3062,18,0,0
2019-02-01 14:06:57.194926,13118478,4,1,2019-02-01 04:06:54, 하와와 남대생쟝 술 마시는 것이에요 ,3077,15,0,0
2019-02-01 15:07:02.338733,13118478,4,1,2019-02-01 04:06:54, 하와와 남대생쟝 술 마시는 것이에요 ,3085,8,0,0
2019-02-01 16:06:54.418634,13118478,4,1,2019-02-01 04:06:54, 하와와 남대생쟝 술 마시는 것이에요 ,3090,5,0,0
2019-02-01 17:06:59.798000,13118478,4,1,2019-02-01 04:06:54, 하와와 남대생쟝 술 마시는 것이에요 ,3098,8,0,0
2019-02-01 18:07:04.947200,13118478,4,1,2019-02-01 04:06:54, 하와와 남대생쟝 술 마시는 것이에요 ,3105,7,0,0
2019-02-01 19:06:57.230721,13118478,4,1,2019-02-01 04:06:54, 하와와 남대생쟝 술 마시는 것이에요 ,3108,3,0,0
2019-02-01 20:07:02.416987,13118478,4,1,2019-02-01 04:06:54, 하와와 남대생쟝 술 마시는 것이에요 ,3110,2,0,0
2019-02-01 21:06:54.849334,13118478,4,1,2019-02-01 04:06:54, 하와와 남대생쟝 술 마시는 것이에요 ,3114,4,0,0
2019-02-01 22:06:59.928750,13118478,4,1,2019-02-01 04:06:54, 하와와 남대생쟝 술 마시는 것이에요 ,3115,1,0,0
2019-02-01 23:07:04.970062,13118478,4,1,2019-02-01 04:06:54, 하와와 남대생쟝 술 마시는 것이에요 ,3119,4,0,0
2019-02-02 00:06:57.189997,13118478,4,1,2019-02-01 04:06:54, 하와와 남대생쟝 술 마시는 것이에요 ,3121,2,0,0
2019-02-02 01:07:02.259592,13118478,4,1,2019-02-01 04:06:54, 하와와 남대생쟝 술 마시는 것이에요 ,3123,2,0,0
2019-02-02 02:06:54.643305,13118478,4,1,2019-02-01 04:06:54, 하와와 남대생쟝 술 마시는 것이에요 ,3125,2,0,0
2019-02-02 03:06:59.726667,13118478,4,1,2019-02-01 04:06:54, 하와와 남대생쟝 술 마시는 것이에요 ,3127,2,0,0
2019-02-02 04:07:04.762982,13118478,4,1,2019-02-01 04:06:54, 하와와 남대생쟝 술 마시는 것이에요 ,3128,1,0,0
