check_time,id,post_reply,post_symph,post_time,post_title,post_view,post_view_diff,post_reply_diff,post_symph_diff
2019-01-24 05:46:57.859293,13087786,0,0,2019-01-24 04:46:47, [펌] 낼 때 마다 망한 소련의 경제개혁들 ,535,535,0,0
2019-01-24 06:46:49.950663,13087786,0,0,2019-01-24 04:46:47, [펌] 낼 때 마다 망한 소련의 경제개혁들 ,1180,645,0,0
2019-01-24 07:46:55.874741,13087786,1,1,2019-01-24 04:46:47, [펌] 낼 때 마다 망한 소련의 경제개혁들 ,1820,640,1,1
2019-01-24 08:46:47.970044,13087786,2,2,2019-01-24 04:46:47, [펌] 낼 때 마다 망한 소련의 경제개혁들 ,2274,454,1,1
2019-01-24 09:46:53.133279,13087786,2,2,2019-01-24 04:46:47, [펌] 낼 때 마다 망한 소련의 경제개혁들 ,2454,180,0,0
2019-01-24 10:46:58.233704,13087786,2,2,2019-01-24 04:46:47, [펌] 낼 때 마다 망한 소련의 경제개혁들 ,2503,49,0,0
2019-01-24 11:46:50.610222,13087786,2,3,2019-01-24 04:46:47, [펌] 낼 때 마다 망한 소련의 경제개혁들 ,2522,19,0,1
2019-01-24 12:46:55.804575,13087786,2,3,2019-01-24 04:46:47, [펌] 낼 때 마다 망한 소련의 경제개혁들 ,2539,17,0,0
2019-01-24 13:46:48.040720,13087786,2,3,2019-01-24 04:46:47, [펌] 낼 때 마다 망한 소련의 경제개혁들 ,2551,12,0,0
2019-01-24 14:46:53.160945,13087786,2,3,2019-01-24 04:46:47, [펌] 낼 때 마다 망한 소련의 경제개혁들 ,2557,6,0,0
2019-01-24 15:46:58.334519,13087786,2,3,2019-01-24 04:46:47, [펌] 낼 때 마다 망한 소련의 경제개혁들 ,2563,6,0,0
2019-01-24 16:46:50.547499,13087786,2,3,2019-01-24 04:46:47, [펌] 낼 때 마다 망한 소련의 경제개혁들 ,2568,5,0,0
2019-01-24 17:46:55.614414,13087786,2,3,2019-01-24 04:46:47, [펌] 낼 때 마다 망한 소련의 경제개혁들 ,2572,4,0,0
2019-01-24 18:46:47.624105,13087786,2,3,2019-01-24 04:46:47, [펌] 낼 때 마다 망한 소련의 경제개혁들 ,2576,4,0,0
2019-01-24 19:46:52.860355,13087786,2,3,2019-01-24 04:46:47, [펌] 낼 때 마다 망한 소련의 경제개혁들 ,2578,2,0,0
2019-01-24 20:46:57.927882,13087786,2,3,2019-01-24 04:46:47, [펌] 낼 때 마다 망한 소련의 경제개혁들 ,2580,2,0,0
2019-01-24 21:46:50.247269,13087786,2,3,2019-01-24 04:46:47, [펌] 낼 때 마다 망한 소련의 경제개혁들 ,2581,1,0,0
2019-01-24 22:46:55.283047,13087786,2,3,2019-01-24 04:46:47, [펌] 낼 때 마다 망한 소련의 경제개혁들 ,2587,6,0,0
2019-01-24 23:46:47.255961,13087786,2,3,2019-01-24 04:46:47, [펌] 낼 때 마다 망한 소련의 경제개혁들 ,2591,4,0,0
2019-01-25 00:46:52.433737,13087786,2,3,2019-01-24 04:46:47, [펌] 낼 때 마다 망한 소련의 경제개혁들 ,2596,5,0,0
2019-01-25 01:46:57.689720,13087786,2,3,2019-01-24 04:46:47, [펌] 낼 때 마다 망한 소련의 경제개혁들 ,2598,2,0,0
2019-01-25 02:46:49.693947,13087786,2,3,2019-01-24 04:46:47, [펌] 낼 때 마다 망한 소련의 경제개혁들 ,2601,3,0,0
2019-01-25 03:46:54.686687,13087786,2,3,2019-01-24 04:46:47, [펌] 낼 때 마다 망한 소련의 경제개혁들 ,2605,4,0,0
2019-01-25 04:46:59.708274,13087786,2,3,2019-01-24 04:46:47, [펌] 낼 때 마다 망한 소련의 경제개혁들 ,2606,1,0,0
