check_time,id,post_reply,post_symph,post_time,post_title,post_view,post_view_diff,post_reply_diff,post_symph_diff
2019-01-24 05:59:17.715897,13087791,5,0,2019-01-24 04:59:11, 11월 구매 1월 배송 받은 새 키보드 입니다. ,770,770,5,0
2019-01-24 06:59:22.752673,13087791,8,0,2019-01-24 04:59:11, 11월 구매 1월 배송 받은 새 키보드 입니다. ,1626,856,3,0
2019-01-24 07:59:14.793760,13087791,8,0,2019-01-24 04:59:11, 11월 구매 1월 배송 받은 새 키보드 입니다. ,2282,656,0,0
2019-01-24 08:59:19.864424,13087791,8,0,2019-01-24 04:59:11, 11월 구매 1월 배송 받은 새 키보드 입니다. ,2646,364,0,0
2019-01-24 09:59:12.124077,13087791,8,0,2019-01-24 04:59:11, 11월 구매 1월 배송 받은 새 키보드 입니다. ,2746,100,0,0
2019-01-24 10:59:17.167497,13087791,8,0,2019-01-24 04:59:11, 11월 구매 1월 배송 받은 새 키보드 입니다. ,2778,32,0,0
2019-01-24 11:59:22.246972,13087791,8,0,2019-01-24 04:59:11, 11월 구매 1월 배송 받은 새 키보드 입니다. ,2789,11,0,0
2019-01-24 12:59:14.320170,13087791,8,0,2019-01-24 04:59:11, 11월 구매 1월 배송 받은 새 키보드 입니다. ,2795,6,0,0
2019-01-24 13:59:19.366808,13087791,8,0,2019-01-24 04:59:11, 11월 구매 1월 배송 받은 새 키보드 입니다. ,2802,7,0,0
2019-01-24 14:59:11.489979,13087791,8,0,2019-01-24 04:59:11, 11월 구매 1월 배송 받은 새 키보드 입니다. ,2808,6,0,0
2019-01-24 15:59:16.584739,13087791,8,0,2019-01-24 04:59:11, 11월 구매 1월 배송 받은 새 키보드 입니다. ,2812,4,0,0
2019-01-24 16:59:21.611455,13087791,8,0,2019-01-24 04:59:11, 11월 구매 1월 배송 받은 새 키보드 입니다. ,2817,5,0,0
2019-01-24 17:59:13.637258,13087791,8,0,2019-01-24 04:59:11, 11월 구매 1월 배송 받은 새 키보드 입니다. ,2820,3,0,0
2019-01-24 18:59:18.680880,13087791,8,0,2019-01-24 04:59:11, 11월 구매 1월 배송 받은 새 키보드 입니다. ,2825,5,0,0
2019-01-24 19:59:23.663928,13087791,8,0,2019-01-24 04:59:11, 11월 구매 1월 배송 받은 새 키보드 입니다. ,2828,3,0,0
2019-01-24 20:59:15.690243,13087791,8,0,2019-01-24 04:59:11, 11월 구매 1월 배송 받은 새 키보드 입니다. ,2833,5,0,0
2019-01-24 21:59:20.733539,13087791,8,0,2019-01-24 04:59:11, 11월 구매 1월 배송 받은 새 키보드 입니다. ,2836,3,0,0
2019-01-24 22:59:12.783180,13087791,8,0,2019-01-24 04:59:11, 11월 구매 1월 배송 받은 새 키보드 입니다. ,2839,3,0,0
2019-01-24 23:59:18.149143,13087791,8,0,2019-01-24 04:59:11, 11월 구매 1월 배송 받은 새 키보드 입니다. ,2842,3,0,0
2019-01-25 00:59:23.309466,13087791,8,0,2019-01-24 04:59:11, 11월 구매 1월 배송 받은 새 키보드 입니다. ,2846,4,0,0
2019-01-25 01:59:15.426801,13087791,8,0,2019-01-24 04:59:11, 11월 구매 1월 배송 받은 새 키보드 입니다. ,2850,4,0,0
2019-01-25 02:59:20.574902,13087791,8,0,2019-01-24 04:59:11, 11월 구매 1월 배송 받은 새 키보드 입니다. ,2853,3,0,0
2019-01-25 03:59:12.696845,13087791,8,0,2019-01-24 04:59:11, 11월 구매 1월 배송 받은 새 키보드 입니다. ,2855,2,0,0
2019-01-25 04:59:17.767436,13087791,8,0,2019-01-24 04:59:11, 11월 구매 1월 배송 받은 새 키보드 입니다. ,2859,4,0,0
