check_time,id,post_reply,post_symph,post_time,post_title,post_view,post_view_diff,post_reply_diff,post_symph_diff
2019-01-24 05:21:29.773652,13087780,2,0,2019-01-24 04:21:25, 블베 키투가 저를 뽐뿌하네요.. ,309,309,2,0
2019-01-24 06:21:34.770204,13087780,2,0,2019-01-24 04:21:25, 블베 키투가 저를 뽐뿌하네요.. ,575,266,0,0
2019-01-24 07:21:31.830382,13087780,2,0,2019-01-24 04:21:25, 블베 키투가 저를 뽐뿌하네요.. ,884,309,0,0
2019-01-24 08:21:36.886126,13087780,2,0,2019-01-24 04:21:25, 블베 키투가 저를 뽐뿌하네요.. ,1106,222,0,0
2019-01-24 09:21:29.970623,13087780,3,0,2019-01-24 04:21:25, 블베 키투가 저를 뽐뿌하네요.. ,1200,94,1,0
2019-01-24 10:21:35.103138,13087780,3,0,2019-01-24 04:21:25, 블베 키투가 저를 뽐뿌하네요.. ,1216,16,0,0
2019-01-24 11:21:27.162937,13087780,3,0,2019-01-24 04:21:25, 블베 키투가 저를 뽐뿌하네요.. ,1226,10,0,0
2019-01-24 12:21:32.307427,13087780,3,0,2019-01-24 04:21:25, 블베 키투가 저를 뽐뿌하네요.. ,1240,14,0,0
2019-01-24 13:21:37.347233,13087780,3,0,2019-01-24 04:21:25, 블베 키투가 저를 뽐뿌하네요.. ,1243,3,0,0
2019-01-24 14:21:29.346719,13087780,3,0,2019-01-24 04:21:25, 블베 키투가 저를 뽐뿌하네요.. ,1245,2,0,0
2019-01-24 15:21:34.306488,13087780,3,0,2019-01-24 04:21:25, 블베 키투가 저를 뽐뿌하네요.. ,1246,1,0,0
2019-01-24 16:21:26.296106,13087780,3,0,2019-01-24 04:21:25, 블베 키투가 저를 뽐뿌하네요.. ,1252,6,0,0
2019-01-24 17:21:31.333706,13087780,3,0,2019-01-24 04:21:25, 블베 키투가 저를 뽐뿌하네요.. ,1260,8,0,0
2019-01-24 18:21:36.347187,13087780,3,0,2019-01-24 04:21:25, 블베 키투가 저를 뽐뿌하네요.. ,1264,4,0,0
2019-01-24 19:21:28.321788,13087780,3,0,2019-01-24 04:21:25, 블베 키투가 저를 뽐뿌하네요.. ,1266,2,0,0
2019-01-24 20:21:33.328453,13087780,3,0,2019-01-24 04:21:25, 블베 키투가 저를 뽐뿌하네요.. ,1270,4,0,0
2019-01-24 21:21:25.425842,13087780,3,0,2019-01-24 04:21:25, 블베 키투가 저를 뽐뿌하네요.. ,1274,4,0,0
2019-01-24 22:21:30.499475,13087780,3,0,2019-01-24 04:21:25, 블베 키투가 저를 뽐뿌하네요.. ,1278,4,0,0
2019-01-24 23:21:35.529094,13087780,3,0,2019-01-24 04:21:25, 블베 키투가 저를 뽐뿌하네요.. ,1283,5,0,0
2019-01-25 00:21:27.638108,13087780,3,0,2019-01-24 04:21:25, 블베 키투가 저를 뽐뿌하네요.. ,1287,4,0,0
2019-01-25 01:21:32.813758,13087780,3,0,2019-01-24 04:21:25, 블베 키투가 저를 뽐뿌하네요.. ,1290,3,0,0
2019-01-25 02:21:37.765691,13087780,3,0,2019-01-24 04:21:25, 블베 키투가 저를 뽐뿌하네요.. ,1292,2,0,0
2019-01-25 03:21:29.889775,13087780,3,0,2019-01-24 04:21:25, 블베 키투가 저를 뽐뿌하네요.. ,1295,3,0,0
2019-01-25 04:21:34.847504,13087780,3,0,2019-01-24 04:21:25, 블베 키투가 저를 뽐뿌하네요.. ,1296,1,0,0
