check_time,id,post_reply,post_symph,post_time,post_title,post_view,post_view_diff,post_reply_diff,post_symph_diff
2019-01-27 05:33:49.688590,13100170,0,0,2019-01-27 04:33:42, 앤썸게임 생각외로 상당히 잘나왔네요 ,309,309,0,0
2019-01-27 06:33:54.825938,13100170,0,0,2019-01-27 04:33:42, 앤썸게임 생각외로 상당히 잘나왔네요 ,432,123,0,0
2019-01-27 07:33:46.961275,13100170,0,0,2019-01-27 04:33:42, 앤썸게임 생각외로 상당히 잘나왔네요 ,532,100,0,0
2019-01-27 08:33:52.047042,13100170,0,0,2019-01-27 04:33:42, 앤썸게임 생각외로 상당히 잘나왔네요 ,658,126,0,0
2019-01-27 09:33:44.094095,13100170,0,0,2019-01-27 04:33:42, 앤썸게임 생각외로 상당히 잘나왔네요 ,784,126,0,0
2019-01-27 10:33:49.376800,13100170,0,0,2019-01-27 04:33:42, 앤썸게임 생각외로 상당히 잘나왔네요 ,859,75,0,0
2019-01-27 11:33:54.459954,13100170,0,0,2019-01-27 04:33:42, 앤썸게임 생각외로 상당히 잘나왔네요 ,894,35,0,0
2019-01-27 12:33:46.533435,13100170,0,0,2019-01-27 04:33:42, 앤썸게임 생각외로 상당히 잘나왔네요 ,911,17,0,0
2019-01-27 13:33:51.596715,13100170,0,0,2019-01-27 04:33:42, 앤썸게임 생각외로 상당히 잘나왔네요 ,923,12,0,0
2019-01-27 14:33:43.617385,13100170,0,0,2019-01-27 04:33:42, 앤썸게임 생각외로 상당히 잘나왔네요 ,927,4,0,0
2019-01-27 15:33:48.633237,13100170,0,0,2019-01-27 04:33:42, 앤썸게임 생각외로 상당히 잘나왔네요 ,930,3,0,0
2019-01-27 16:33:53.630326,13100170,0,0,2019-01-27 04:33:42, 앤썸게임 생각외로 상당히 잘나왔네요 ,932,2,0,0
2019-01-27 17:33:45.623808,13100170,0,0,2019-01-27 04:33:42, 앤썸게임 생각외로 상당히 잘나왔네요 ,936,4,0,0
2019-01-27 18:33:50.688144,13100170,0,0,2019-01-27 04:33:42, 앤썸게임 생각외로 상당히 잘나왔네요 ,939,3,0,0
2019-01-27 19:33:42.751177,13100170,0,0,2019-01-27 04:33:42, 앤썸게임 생각외로 상당히 잘나왔네요 ,944,5,0,0
2019-01-27 20:33:47.813818,13100170,0,0,2019-01-27 04:33:42, 앤썸게임 생각외로 상당히 잘나왔네요 ,946,2,0,0
2019-01-27 21:33:52.894068,13100170,0,0,2019-01-27 04:33:42, 앤썸게임 생각외로 상당히 잘나왔네요 ,950,4,0,0
2019-01-27 22:33:44.913368,13100170,0,0,2019-01-27 04:33:42, 앤썸게임 생각외로 상당히 잘나왔네요 ,955,5,0,0
2019-01-27 23:33:49.983289,13100170,0,0,2019-01-27 04:33:42, 앤썸게임 생각외로 상당히 잘나왔네요 ,957,2,0,0
2019-01-28 00:33:42.057207,13100170,0,0,2019-01-27 04:33:42, 앤썸게임 생각외로 상당히 잘나왔네요 ,960,3,0,0
2019-01-28 01:33:47.098120,13100170,0,0,2019-01-27 04:33:42, 앤썸게임 생각외로 상당히 잘나왔네요 ,965,5,0,0
2019-01-28 02:33:52.137629,13100170,0,0,2019-01-27 04:33:42, 앤썸게임 생각외로 상당히 잘나왔네요 ,967,2,0,0
2019-01-28 03:33:44.164000,13100170,0,0,2019-01-27 04:33:42, 앤썸게임 생각외로 상당히 잘나왔네요 ,970,3,0,0
2019-01-28 04:33:49.204475,13100170,0,0,2019-01-27 04:33:42, 앤썸게임 생각외로 상당히 잘나왔네요 ,972,2,0,0
