check_time,id,post_reply,post_symph,post_time,post_title,post_view,post_view_diff,post_reply_diff,post_symph_diff
2019-02-01 05:14:47.184067,13118482,1,0,2019-02-01 04:14:44, 맥용 지니 플레이어가 나오는 모양이네요. ,305,305,1,0
2019-02-01 06:14:52.237171,13118482,1,0,2019-02-01 04:14:44, 맥용 지니 플레이어가 나오는 모양이네요. ,497,192,0,0
2019-02-01 07:14:44.240081,13118482,1,0,2019-02-01 04:14:44, 맥용 지니 플레이어가 나오는 모양이네요. ,720,223,0,0
2019-02-01 08:14:49.266661,13118482,1,0,2019-02-01 04:14:44, 맥용 지니 플레이어가 나오는 모양이네요. ,943,223,0,0
2019-02-01 09:14:54.343258,13118482,1,0,2019-02-01 04:14:44, 맥용 지니 플레이어가 나오는 모양이네요. ,1057,114,0,0
2019-02-01 10:14:46.648647,13118482,1,0,2019-02-01 04:14:44, 맥용 지니 플레이어가 나오는 모양이네요. ,1103,46,0,0
2019-02-01 11:14:51.827100,13118482,1,0,2019-02-01 04:14:44, 맥용 지니 플레이어가 나오는 모양이네요. ,1113,10,0,0
2019-02-01 12:14:56.983263,13118482,1,0,2019-02-01 04:14:44, 맥용 지니 플레이어가 나오는 모양이네요. ,1119,6,0,0
2019-02-01 13:14:49.107154,13118482,1,0,2019-02-01 04:14:44, 맥용 지니 플레이어가 나오는 모양이네요. ,1126,7,0,0
2019-02-01 14:14:54.239853,13118482,1,0,2019-02-01 04:14:44, 맥용 지니 플레이어가 나오는 모양이네요. ,1132,6,0,0
2019-02-01 15:14:46.354419,13118482,1,0,2019-02-01 04:14:44, 맥용 지니 플레이어가 나오는 모양이네요. ,1132,0,0,0
2019-02-01 16:14:51.502607,13118482,1,0,2019-02-01 04:14:44, 맥용 지니 플레이어가 나오는 모양이네요. ,1137,5,0,0
2019-02-01 17:14:56.671223,13118482,1,0,2019-02-01 04:14:44, 맥용 지니 플레이어가 나오는 모양이네요. ,1140,3,0,0
2019-02-01 18:14:48.839189,13118482,1,0,2019-02-01 04:14:44, 맥용 지니 플레이어가 나오는 모양이네요. ,1142,2,0,0
2019-02-01 19:14:53.907395,13118482,1,0,2019-02-01 04:14:44, 맥용 지니 플레이어가 나오는 모양이네요. ,1145,3,0,0
2019-02-01 20:14:46.947708,13118482,1,0,2019-02-01 04:14:44, 맥용 지니 플레이어가 나오는 모양이네요. ,1147,2,0,0
2019-02-01 21:14:52.061474,13118482,1,0,2019-02-01 04:14:44, 맥용 지니 플레이어가 나오는 모양이네요. ,1150,3,0,0
2019-02-01 22:14:44.083796,13118482,1,0,2019-02-01 04:14:44, 맥용 지니 플레이어가 나오는 모양이네요. ,1151,1,0,0
2019-02-01 23:14:49.177822,13118482,1,0,2019-02-01 04:14:44, 맥용 지니 플레이어가 나오는 모양이네요. ,1153,2,0,0
2019-02-02 00:14:54.261222,13118482,1,0,2019-02-01 04:14:44, 맥용 지니 플레이어가 나오는 모양이네요. ,1155,2,0,0
2019-02-02 01:14:46.371560,13118482,1,0,2019-02-01 04:14:44, 맥용 지니 플레이어가 나오는 모양이네요. ,1157,2,0,0
2019-02-02 02:14:51.555166,13118482,1,0,2019-02-01 04:14:44, 맥용 지니 플레이어가 나오는 모양이네요. ,1160,3,0,0
2019-02-02 03:14:56.650367,13118482,1,0,2019-02-01 04:14:44, 맥용 지니 플레이어가 나오는 모양이네요. ,1162,2,0,0
2019-02-02 04:14:48.644080,13118482,1,0,2019-02-01 04:14:44, 맥용 지니 플레이어가 나오는 모양이네요. ,1163,1,0,0
