check_time,id,post_reply,post_symph,post_time,post_title,post_view,post_view_diff,post_reply_diff,post_symph_diff
2019-01-27 05:40:02.242016,13100174,2,0,2019-01-27 04:39:53, [음악] 해이(Hey) - I Love Your All ,114,114,2,0
2019-01-27 06:39:54.253278,13100174,2,0,2019-01-27 04:39:53, [음악] 해이(Hey) - I Love Your All ,169,55,0,0
2019-01-27 07:39:59.252845,13100174,2,0,2019-01-27 04:39:53, [음악] 해이(Hey) - I Love Your All ,224,55,0,0
2019-01-27 08:40:04.282569,13100174,2,0,2019-01-27 04:39:53, [음악] 해이(Hey) - I Love Your All ,278,54,0,0
2019-01-27 09:39:56.348388,13100174,2,0,2019-01-27 04:39:53, [음악] 해이(Hey) - I Love Your All ,328,50,0,0
2019-01-27 10:40:01.405984,13100174,2,0,2019-01-27 04:39:53, [음악] 해이(Hey) - I Love Your All ,357,29,0,0
2019-01-27 11:39:53.453816,13100174,2,0,2019-01-27 04:39:53, [음악] 해이(Hey) - I Love Your All ,372,15,0,0
2019-01-27 12:39:58.563779,13100174,2,0,2019-01-27 04:39:53, [음악] 해이(Hey) - I Love Your All ,381,9,0,0
2019-01-27 13:40:03.546107,13100174,2,0,2019-01-27 04:39:53, [음악] 해이(Hey) - I Love Your All ,386,5,0,0
2019-01-27 14:39:55.665498,13100174,2,0,2019-01-27 04:39:53, [음악] 해이(Hey) - I Love Your All ,391,5,0,0
2019-01-27 15:40:00.714456,13100174,2,0,2019-01-27 04:39:53, [음악] 해이(Hey) - I Love Your All ,392,1,0,0
2019-01-27 16:40:05.717189,13100174,2,0,2019-01-27 04:39:53, [음악] 해이(Hey) - I Love Your All ,394,2,0,0
2019-01-27 17:39:57.748964,13100174,2,0,2019-01-27 04:39:53, [음악] 해이(Hey) - I Love Your All ,396,2,0,0
2019-01-27 18:40:02.800475,13100174,2,0,2019-01-27 04:39:53, [음악] 해이(Hey) - I Love Your All ,398,2,0,0
2019-01-27 19:39:54.875895,13100174,2,0,2019-01-27 04:39:53, [음악] 해이(Hey) - I Love Your All ,399,1,0,0
2019-01-27 20:39:59.941598,13100174,2,0,2019-01-27 04:39:53, [음악] 해이(Hey) - I Love Your All ,401,2,0,0
2019-01-27 21:40:05.151310,13100174,2,0,2019-01-27 04:39:53, [음악] 해이(Hey) - I Love Your All ,402,1,0,0
2019-01-27 22:39:57.197333,13100174,2,0,2019-01-27 04:39:53, [음악] 해이(Hey) - I Love Your All ,403,1,0,0
2019-01-27 23:40:02.253544,13100174,2,0,2019-01-27 04:39:53, [음악] 해이(Hey) - I Love Your All ,405,2,0,0
2019-01-28 00:39:54.241762,13100174,2,0,2019-01-27 04:39:53, [음악] 해이(Hey) - I Love Your All ,406,1,0,0
2019-01-28 01:39:59.291336,13100174,2,0,2019-01-27 04:39:53, [음악] 해이(Hey) - I Love Your All ,408,2,0,0
2019-01-28 02:40:04.322535,13100174,2,0,2019-01-27 04:39:53, [음악] 해이(Hey) - I Love Your All ,411,3,0,0
2019-01-28 03:39:56.485248,13100174,2,0,2019-01-27 04:39:53, [음악] 해이(Hey) - I Love Your All ,414,3,0,0
2019-01-28 04:40:01.670226,13100174,2,0,2019-01-27 04:39:53, [음악] 해이(Hey) - I Love Your All ,415,1,0,0
