check_time,id,post_reply,post_symph,post_time,post_title,post_view,post_view_diff,post_reply_diff,post_symph_diff
2019-01-28 05:55:06.677172,13103166,18,0,2019-01-28 04:55:06, 뉴욕에서 밥먹었는데 영수증 팁란..jpg ,2165,2165,18,0
2019-01-28 06:55:11.759241,13103166,23,0,2019-01-28 04:55:06, 뉴욕에서 밥먹었는데 영수증 팁란..jpg ,4943,2778,5,0
2019-01-28 07:55:17.043185,13103166,28,0,2019-01-28 04:55:06, 뉴욕에서 밥먹었는데 영수증 팁란..jpg ,9003,4060,5,0
2019-01-28 08:55:09.097710,13103166,33,1,2019-01-28 04:55:06, 뉴욕에서 밥먹었는데 영수증 팁란..jpg ,12584,3581,5,1
2019-01-28 09:55:14.111471,13103166,48,1,2019-01-28 04:55:06, 뉴욕에서 밥먹었는데 영수증 팁란..jpg ,16800,4216,15,0
2019-01-28 10:55:06.084959,13103166,74,2,2019-01-28 04:55:06, 뉴욕에서 밥먹었는데 영수증 팁란..jpg ,22276,5476,26,1
2019-01-28 11:55:11.177303,13103166,96,2,2019-01-28 04:55:06, 뉴욕에서 밥먹었는데 영수증 팁란..jpg ,27480,5204,22,0
2019-01-28 12:55:16.270158,13103166,123,2,2019-01-28 04:55:06, 뉴욕에서 밥먹었는데 영수증 팁란..jpg ,32876,5396,27,0
2019-01-28 13:55:08.270504,13103166,147,2,2019-01-28 04:55:06, 뉴욕에서 밥먹었는데 영수증 팁란..jpg ,37167,4291,24,0
2019-01-28 14:55:13.361360,13103166,189,2,2019-01-28 04:55:06, 뉴욕에서 밥먹었는데 영수증 팁란..jpg ,40311,3144,42,0
2019-01-28 15:55:18.387596,13103166,209,2,2019-01-28 04:55:06, 뉴욕에서 밥먹었는데 영수증 팁란..jpg ,43149,2838,20,0
2019-01-28 16:55:10.501558,13103166,222,2,2019-01-28 04:55:06, 뉴욕에서 밥먹었는데 영수증 팁란..jpg ,45655,2506,13,0
2019-01-28 17:55:15.604270,13103166,223,2,2019-01-28 04:55:06, 뉴욕에서 밥먹었는데 영수증 팁란..jpg ,45820,165,1,0
2019-01-28 18:55:07.673715,13103166,223,2,2019-01-28 04:55:06, 뉴욕에서 밥먹었는데 영수증 팁란..jpg ,45887,67,0,0
2019-01-28 19:55:12.799816,13103166,223,2,2019-01-28 04:55:06, 뉴욕에서 밥먹었는데 영수증 팁란..jpg ,45915,28,0,0
2019-01-28 20:55:17.931213,13103166,223,2,2019-01-28 04:55:06, 뉴욕에서 밥먹었는데 영수증 팁란..jpg ,45945,30,0,0
2019-01-28 21:55:09.948901,13103166,223,2,2019-01-28 04:55:06, 뉴욕에서 밥먹었는데 영수증 팁란..jpg ,45969,24,0,0
2019-01-28 22:55:15.010992,13103166,229,2,2019-01-28 04:55:06, 뉴욕에서 밥먹었는데 영수증 팁란..jpg ,46004,35,6,0
2019-01-28 23:55:07.053462,13103166,229,2,2019-01-28 04:55:06, 뉴욕에서 밥먹었는데 영수증 팁란..jpg ,46042,38,0,0
2019-01-29 00:55:12.117671,13103166,230,2,2019-01-28 04:55:06, 뉴욕에서 밥먹었는데 영수증 팁란..jpg ,46077,35,1,0
2019-01-29 01:55:17.133582,13103166,232,2,2019-01-28 04:55:06, 뉴욕에서 밥먹었는데 영수증 팁란..jpg ,46101,24,2,0
2019-01-29 02:55:09.176963,13103166,240,2,2019-01-28 04:55:06, 뉴욕에서 밥먹었는데 영수증 팁란..jpg ,46124,23,8,0
2019-01-29 03:55:14.203071,13103166,247,2,2019-01-28 04:55:06, 뉴욕에서 밥먹었는데 영수증 팁란..jpg ,46141,17,7,0
2019-01-29 04:55:06.289509,13103166,247,2,2019-01-28 04:55:06, 뉴욕에서 밥먹었는데 영수증 팁란..jpg ,46158,17,0,0
