check_time,id,post_reply,post_symph,post_time,post_title,post_view,post_view_diff,post_reply_diff,post_symph_diff
2019-01-24 05:50:29.046079,13087787,6,0,2019-01-24 04:50:23, jm이랑 낭중지추랑 윾머랑 현실친구인가봐요? ,800,800,6,0
2019-01-24 06:50:34.055380,13087787,7,0,2019-01-24 04:50:23, jm이랑 낭중지추랑 윾머랑 현실친구인가봐요? ,1562,762,1,0
2019-01-24 07:50:26.032865,13087787,7,0,2019-01-24 04:50:23, jm이랑 낭중지추랑 윾머랑 현실친구인가봐요? ,2270,708,0,0
2019-01-24 08:50:31.070938,13087787,6,0,2019-01-24 04:50:23, jm이랑 낭중지추랑 윾머랑 현실친구인가봐요? ,2746,476,-1,0
2019-01-24 09:50:23.159304,13087787,6,0,2019-01-24 04:50:23, jm이랑 낭중지추랑 윾머랑 현실친구인가봐요? ,2902,156,0,0
2019-01-24 10:50:28.453357,13087787,6,0,2019-01-24 04:50:23, jm이랑 낭중지추랑 윾머랑 현실친구인가봐요? ,2972,70,0,0
2019-01-24 11:50:33.527034,13087787,6,0,2019-01-24 04:50:23, jm이랑 낭중지추랑 윾머랑 현실친구인가봐요? ,3010,38,0,0
2019-01-24 12:50:25.607512,13087787,6,0,2019-01-24 04:50:23, jm이랑 낭중지추랑 윾머랑 현실친구인가봐요? ,3038,28,0,0
2019-01-24 13:50:30.740169,13087787,6,0,2019-01-24 04:50:23, jm이랑 낭중지추랑 윾머랑 현실친구인가봐요? ,3062,24,0,0
2019-01-24 14:50:35.887963,13087787,6,1,2019-01-24 04:50:23, jm이랑 낭중지추랑 윾머랑 현실친구인가봐요? ,3082,20,0,1
2019-01-24 15:50:28.000327,13087787,6,1,2019-01-24 04:50:23, jm이랑 낭중지추랑 윾머랑 현실친구인가봐요? ,3101,19,0,0
2019-01-24 16:50:33.108590,13087787,6,1,2019-01-24 04:50:23, jm이랑 낭중지추랑 윾머랑 현실친구인가봐요? ,3111,10,0,0
2019-01-24 17:50:25.173863,13087787,6,1,2019-01-24 04:50:23, jm이랑 낭중지추랑 윾머랑 현실친구인가봐요? ,3123,12,0,0
2019-01-24 18:50:30.303601,13087787,6,1,2019-01-24 04:50:23, jm이랑 낭중지추랑 윾머랑 현실친구인가봐요? ,3135,12,0,0
2019-01-24 19:50:35.456618,13087787,6,1,2019-01-24 04:50:23, jm이랑 낭중지추랑 윾머랑 현실친구인가봐요? ,3142,7,0,0
2019-01-24 20:50:27.560665,13087787,6,1,2019-01-24 04:50:23, jm이랑 낭중지추랑 윾머랑 현실친구인가봐요? ,3153,11,0,0
2019-01-24 21:50:32.610624,13087787,6,1,2019-01-24 04:50:23, jm이랑 낭중지추랑 윾머랑 현실친구인가봐요? ,3163,10,0,0
2019-01-24 22:50:24.680037,13087787,6,1,2019-01-24 04:50:23, jm이랑 낭중지추랑 윾머랑 현실친구인가봐요? ,3173,10,0,0
2019-01-24 23:50:29.800156,13087787,6,1,2019-01-24 04:50:23, jm이랑 낭중지추랑 윾머랑 현실친구인가봐요? ,3181,8,0,0
2019-01-25 00:50:34.807840,13087787,6,1,2019-01-24 04:50:23, jm이랑 낭중지추랑 윾머랑 현실친구인가봐요? ,3188,7,0,0
2019-01-25 01:50:26.808328,13087787,6,1,2019-01-24 04:50:23, jm이랑 낭중지추랑 윾머랑 현실친구인가봐요? ,3192,4,0,0
2019-01-25 02:50:31.811232,13087787,6,1,2019-01-24 04:50:23, jm이랑 낭중지추랑 윾머랑 현실친구인가봐요? ,3199,7,0,0
2019-01-25 03:50:23.839337,13087787,6,1,2019-01-24 04:50:23, jm이랑 낭중지추랑 윾머랑 현실친구인가봐요? ,3206,7,0,0
2019-01-25 04:50:28.912989,13087787,6,1,2019-01-24 04:50:23, jm이랑 낭중지추랑 윾머랑 현실친구인가봐요? ,3210,4,0,0
