check_time,id,post_reply,post_symph,post_time,post_title,post_view,post_view_diff,post_reply_diff,post_symph_diff
2019-01-30 05:54:24.598270,13110578,0,0,2019-01-30 04:54:19, 스카이캐슬 쓰앵님의 과거 심정편(Feat. 뇌피셜 첨가) ,437,437,0,0
2019-01-30 06:54:29.694417,13110578,0,0,2019-01-30 04:54:19, 스카이캐슬 쓰앵님의 과거 심정편(Feat. 뇌피셜 첨가) ,934,497,0,0
2019-01-30 07:54:22.534003,13110578,0,0,2019-01-30 04:54:19, 스카이캐슬 쓰앵님의 과거 심정편(Feat. 뇌피셜 첨가) ,1571,637,0,0
2019-01-30 08:54:27.891994,13110578,0,0,2019-01-30 04:54:19, 스카이캐슬 쓰앵님의 과거 심정편(Feat. 뇌피셜 첨가) ,1939,368,0,0
2019-01-30 09:54:19.937450,13110578,0,0,2019-01-30 04:54:19, 스카이캐슬 쓰앵님의 과거 심정편(Feat. 뇌피셜 첨가) ,2078,139,0,0
2019-01-30 10:54:25.048012,13110578,0,0,2019-01-30 04:54:19, 스카이캐슬 쓰앵님의 과거 심정편(Feat. 뇌피셜 첨가) ,2122,44,0,0
2019-01-30 11:54:30.090590,13110578,0,0,2019-01-30 04:54:19, 스카이캐슬 쓰앵님의 과거 심정편(Feat. 뇌피셜 첨가) ,2147,25,0,0
2019-01-30 12:54:22.121527,13110578,0,0,2019-01-30 04:54:19, 스카이캐슬 쓰앵님의 과거 심정편(Feat. 뇌피셜 첨가) ,2158,11,0,0
2019-01-30 13:54:27.215214,13110578,0,0,2019-01-30 04:54:19, 스카이캐슬 쓰앵님의 과거 심정편(Feat. 뇌피셜 첨가) ,2172,14,0,0
2019-01-30 14:54:19.263612,13110578,0,0,2019-01-30 04:54:19, 스카이캐슬 쓰앵님의 과거 심정편(Feat. 뇌피셜 첨가) ,2177,5,0,0
2019-01-30 15:54:24.626986,13110578,0,0,2019-01-30 04:54:19, 스카이캐슬 쓰앵님의 과거 심정편(Feat. 뇌피셜 첨가) ,2182,5,0,0
2019-01-30 16:54:29.737536,13110578,0,0,2019-01-30 04:54:19, 스카이캐슬 쓰앵님의 과거 심정편(Feat. 뇌피셜 첨가) ,2187,5,0,0
2019-01-30 17:54:21.807468,13110578,0,0,2019-01-30 04:54:19, 스카이캐슬 쓰앵님의 과거 심정편(Feat. 뇌피셜 첨가) ,2194,7,0,0
2019-01-30 18:54:26.876922,13110578,0,0,2019-01-30 04:54:19, 스카이캐슬 쓰앵님의 과거 심정편(Feat. 뇌피셜 첨가) ,2198,4,0,0
2019-01-30 19:54:31.897534,13110578,0,0,2019-01-30 04:54:19, 스카이캐슬 쓰앵님의 과거 심정편(Feat. 뇌피셜 첨가) ,2203,5,0,0
2019-01-30 20:54:23.888213,13110578,0,0,2019-01-30 04:54:19, 스카이캐슬 쓰앵님의 과거 심정편(Feat. 뇌피셜 첨가) ,2207,4,0,0
2019-01-30 21:54:28.938323,13110578,0,0,2019-01-30 04:54:19, 스카이캐슬 쓰앵님의 과거 심정편(Feat. 뇌피셜 첨가) ,2209,2,0,0
2019-01-30 22:54:20.945111,13110578,0,0,2019-01-30 04:54:19, 스카이캐슬 쓰앵님의 과거 심정편(Feat. 뇌피셜 첨가) ,2212,3,0,0
2019-01-30 23:54:25.981367,13110578,0,0,2019-01-30 04:54:19, 스카이캐슬 쓰앵님의 과거 심정편(Feat. 뇌피셜 첨가) ,2214,2,0,0
2019-01-31 00:54:31.022896,13110578,0,0,2019-01-30 04:54:19, 스카이캐슬 쓰앵님의 과거 심정편(Feat. 뇌피셜 첨가) ,2220,6,0,0
2019-01-31 01:54:23.163591,13110578,0,0,2019-01-30 04:54:19, 스카이캐슬 쓰앵님의 과거 심정편(Feat. 뇌피셜 첨가) ,2224,4,0,0
2019-01-31 02:54:28.198131,13110578,0,0,2019-01-30 04:54:19, 스카이캐슬 쓰앵님의 과거 심정편(Feat. 뇌피셜 첨가) ,2228,4,0,0
2019-01-31 03:54:20.269280,13110578,0,0,2019-01-30 04:54:19, 스카이캐슬 쓰앵님의 과거 심정편(Feat. 뇌피셜 첨가) ,2230,2,0,0
2019-01-31 04:54:25.276668,13110578,0,0,2019-01-30 04:54:19, 스카이캐슬 쓰앵님의 과거 심정편(Feat. 뇌피셜 첨가) ,2235,5,0,0
