check_time,id,post_reply,post_symph,post_time,post_title,post_view,post_view_diff,post_reply_diff,post_symph_diff
2019-01-28 05:41:05.560280,13103159,2,0,2019-01-28 04:40:59, 한국/아시아 국가 제외 129개국에 아이온 모바일이 출시가 되었다는데... ,656,656,2,0
2019-01-28 06:41:10.626931,13103159,2,0,2019-01-28 04:40:59, 한국/아시아 국가 제외 129개국에 아이온 모바일이 출시가 되었다는데... ,1277,621,0,0
2019-01-28 07:41:02.679825,13103159,2,0,2019-01-28 04:40:59, 한국/아시아 국가 제외 129개국에 아이온 모바일이 출시가 되었다는데... ,2022,745,0,0
2019-01-28 08:41:07.704139,13103159,2,0,2019-01-28 04:40:59, 한국/아시아 국가 제외 129개국에 아이온 모바일이 출시가 되었다는데... ,2549,527,0,0
2019-01-28 09:40:59.730643,13103159,2,0,2019-01-28 04:40:59, 한국/아시아 국가 제외 129개국에 아이온 모바일이 출시가 되었다는데... ,2713,164,0,0
2019-01-28 10:41:04.741508,13103159,2,0,2019-01-28 04:40:59, 한국/아시아 국가 제외 129개국에 아이온 모바일이 출시가 되었다는데... ,2757,44,0,0
2019-01-28 11:41:09.848440,13103159,2,0,2019-01-28 04:40:59, 한국/아시아 국가 제외 129개국에 아이온 모바일이 출시가 되었다는데... ,2778,21,0,0
2019-01-28 12:41:01.982368,13103159,2,0,2019-01-28 04:40:59, 한국/아시아 국가 제외 129개국에 아이온 모바일이 출시가 되었다는데... ,2788,10,0,0
2019-01-28 13:41:07.100767,13103159,2,0,2019-01-28 04:40:59, 한국/아시아 국가 제외 129개국에 아이온 모바일이 출시가 되었다는데... ,2801,13,0,0
2019-01-28 14:40:59.224087,13103159,2,0,2019-01-28 04:40:59, 한국/아시아 국가 제외 129개국에 아이온 모바일이 출시가 되었다는데... ,2804,3,0,0
2019-01-28 15:41:04.383737,13103159,2,0,2019-01-28 04:40:59, 한국/아시아 국가 제외 129개국에 아이온 모바일이 출시가 되었다는데... ,2807,3,0,0
2019-01-28 16:41:09.498217,13103159,2,0,2019-01-28 04:40:59, 한국/아시아 국가 제외 129개국에 아이온 모바일이 출시가 되었다는데... ,2816,9,0,0
2019-01-28 17:41:01.848283,13103159,2,0,2019-01-28 04:40:59, 한국/아시아 국가 제외 129개국에 아이온 모바일이 출시가 되었다는데... ,2819,3,0,0
2019-01-28 18:41:06.946362,13103159,2,0,2019-01-28 04:40:59, 한국/아시아 국가 제외 129개국에 아이온 모바일이 출시가 되었다는데... ,2822,3,0,0
2019-01-28 19:40:59.442501,13103159,2,0,2019-01-28 04:40:59, 한국/아시아 국가 제외 129개국에 아이온 모바일이 출시가 되었다는데... ,2825,3,0,0
2019-01-28 20:41:04.526902,13103159,2,0,2019-01-28 04:40:59, 한국/아시아 국가 제외 129개국에 아이온 모바일이 출시가 되었다는데... ,2827,2,0,0
2019-01-28 21:41:09.575315,13103159,2,0,2019-01-28 04:40:59, 한국/아시아 국가 제외 129개국에 아이온 모바일이 출시가 되었다는데... ,2829,2,0,0
2019-01-28 22:41:01.656195,13103159,2,0,2019-01-28 04:40:59, 한국/아시아 국가 제외 129개국에 아이온 모바일이 출시가 되었다는데... ,2830,1,0,0
2019-01-28 23:41:06.757533,13103159,2,0,2019-01-28 04:40:59, 한국/아시아 국가 제외 129개국에 아이온 모바일이 출시가 되었다는데... ,2831,1,0,0
2019-01-29 00:41:11.834244,13103159,2,0,2019-01-28 04:40:59, 한국/아시아 국가 제외 129개국에 아이온 모바일이 출시가 되었다는데... ,2833,2,0,0
2019-01-29 01:41:03.890867,13103159,2,0,2019-01-28 04:40:59, 한국/아시아 국가 제외 129개국에 아이온 모바일이 출시가 되었다는데... ,2835,2,0,0
2019-01-29 02:41:08.890705,13103159,2,0,2019-01-28 04:40:59, 한국/아시아 국가 제외 129개국에 아이온 모바일이 출시가 되었다는데... ,2837,2,0,0
2019-01-29 03:41:01.081251,13103159,2,0,2019-01-28 04:40:59, 한국/아시아 국가 제외 129개국에 아이온 모바일이 출시가 되었다는데... ,2838,1,0,0
2019-01-29 04:41:06.169167,13103159,2,0,2019-01-28 04:40:59, 한국/아시아 국가 제외 129개국에 아이온 모바일이 출시가 되었다는데... ,2841,3,0,0
