check_time,id,post_reply,post_symph,post_time,post_title,post_view,post_view_diff,post_reply_diff,post_symph_diff
2019-01-24 05:01:55.533541,13087769,3,1,2019-01-24 04:01:51, 아... 잠들기 실패... ,288,288,3,1
2019-01-24 06:02:00.521036,13087769,3,1,2019-01-24 04:01:51, 아... 잠들기 실패... ,396,108,0,0
2019-01-24 07:01:52.467175,13087769,3,1,2019-01-24 04:01:51, 아... 잠들기 실패... ,511,115,0,0
2019-01-24 08:01:57.547365,13087769,3,1,2019-01-24 04:01:51, 아... 잠들기 실패... ,595,84,0,0
2019-01-24 09:02:02.527922,13087769,3,1,2019-01-24 04:01:51, 아... 잠들기 실패... ,646,51,0,0
2019-01-24 10:01:54.546513,13087769,3,1,2019-01-24 04:01:51, 아... 잠들기 실패... ,671,25,0,0
2019-01-24 11:01:59.554621,13087769,3,1,2019-01-24 04:01:51, 아... 잠들기 실패... ,676,5,0,0
2019-01-24 12:01:52.116450,13087769,3,1,2019-01-24 04:01:51, 아... 잠들기 실패... ,683,7,0,0
2019-01-24 13:01:57.226520,13087769,3,1,2019-01-24 04:01:51, 아... 잠들기 실패... ,684,1,0,0
2019-01-24 14:02:02.300481,13087769,3,1,2019-01-24 04:01:51, 아... 잠들기 실패... ,685,1,0,0
2019-01-24 15:01:54.637882,13087769,3,1,2019-01-24 04:01:51, 아... 잠들기 실패... ,687,2,0,0
2019-01-24 16:01:59.714833,13087769,3,1,2019-01-24 04:01:51, 아... 잠들기 실패... ,690,3,0,0
2019-01-24 17:01:51.873712,13087769,3,1,2019-01-24 04:01:51, 아... 잠들기 실패... ,691,1,0,0
2019-01-24 18:01:56.947601,13087769,3,1,2019-01-24 04:01:51, 아... 잠들기 실패... ,692,1,0,0
2019-01-24 19:02:02.117367,13087769,3,1,2019-01-24 04:01:51, 아... 잠들기 실패... ,695,3,0,0
2019-01-24 20:01:54.669998,13087769,3,1,2019-01-24 04:01:51, 아... 잠들기 실패... ,695,0,0,0
2019-01-24 21:01:59.823474,13087769,3,1,2019-01-24 04:01:51, 아... 잠들기 실패... ,698,3,0,0
2019-01-24 22:01:52.586733,13087769,3,1,2019-01-24 04:01:51, 아... 잠들기 실패... ,699,1,0,0
2019-01-24 23:01:59.528566,13087769,3,1,2019-01-24 04:01:51, 아... 잠들기 실패... ,702,3,0,0
2019-01-25 00:01:51.911175,13087769,3,1,2019-01-24 04:01:51, 아... 잠들기 실패... ,703,1,0,0
2019-01-25 01:01:57.354126,13087769,3,1,2019-01-24 04:01:51, 아... 잠들기 실패... ,706,3,0,0
2019-01-25 02:02:02.571515,13087769,3,1,2019-01-24 04:01:51, 아... 잠들기 실패... ,708,2,0,0
2019-01-25 03:01:54.652613,13087769,3,1,2019-01-24 04:01:51, 아... 잠들기 실패... ,710,2,0,0
2019-01-25 04:01:59.970173,13087769,3,1,2019-01-24 04:01:51, 아... 잠들기 실패... ,712,2,0,0
