check_time,id,post_reply,post_symph,post_time,post_title,post_view,post_view_diff,post_reply_diff,post_symph_diff
2019-01-31 05:14:19.643054,13114978,2,1,2019-01-31 04:14:12, 나를 돌아보게하는 상황이네요. ,654,654,2,1
2019-01-31 06:14:24.754029,13114978,2,1,2019-01-31 04:14:12, 나를 돌아보게하는 상황이네요. ,1054,400,0,0
2019-01-31 07:14:17.585249,13114978,2,1,2019-01-31 04:14:12, 나를 돌아보게하는 상황이네요. ,1406,352,0,0
2019-01-31 08:14:22.547905,13114978,2,1,2019-01-31 04:14:12, 나를 돌아보게하는 상황이네요. ,1641,235,0,0
2019-01-31 09:14:14.664412,13114978,2,2,2019-01-31 04:14:12, 나를 돌아보게하는 상황이네요. ,1736,95,0,1
2019-01-31 10:14:19.847736,13114978,2,2,2019-01-31 04:14:12, 나를 돌아보게하는 상황이네요. ,1770,34,0,0
2019-01-31 11:14:24.887682,13114978,2,2,2019-01-31 04:14:12, 나를 돌아보게하는 상황이네요. ,1787,17,0,0
2019-01-31 12:14:16.886879,13114978,2,2,2019-01-31 04:14:12, 나를 돌아보게하는 상황이네요. ,1794,7,0,0
2019-01-31 13:14:21.928030,13114978,2,2,2019-01-31 04:14:12, 나를 돌아보게하는 상황이네요. ,1804,10,0,0
2019-01-31 14:14:13.873494,13114978,2,2,2019-01-31 04:14:12, 나를 돌아보게하는 상황이네요. ,1810,6,0,0
2019-01-31 15:14:19.123443,13114978,2,2,2019-01-31 04:14:12, 나를 돌아보게하는 상황이네요. ,1813,3,0,0
2019-01-31 16:14:24.217608,13114978,2,2,2019-01-31 04:14:12, 나를 돌아보게하는 상황이네요. ,1815,2,0,0
2019-01-31 17:14:16.295750,13114978,2,2,2019-01-31 04:14:12, 나를 돌아보게하는 상황이네요. ,1821,6,0,0
2019-01-31 18:14:21.361636,13114978,2,2,2019-01-31 04:14:12, 나를 돌아보게하는 상황이네요. ,1823,2,0,0
2019-01-31 19:14:13.307251,13114978,2,2,2019-01-31 04:14:12, 나를 돌아보게하는 상황이네요. ,1825,2,0,0
2019-01-31 20:14:18.450031,13114978,2,2,2019-01-31 04:14:12, 나를 돌아보게하는 상황이네요. ,1827,2,0,0
2019-01-31 21:14:23.419602,13114978,2,2,2019-01-31 04:14:12, 나를 돌아보게하는 상황이네요. ,1831,4,0,0
2019-01-31 22:14:15.508843,13114978,2,2,2019-01-31 04:14:12, 나를 돌아보게하는 상황이네요. ,1833,2,0,0
2019-01-31 23:14:20.619902,13114978,2,2,2019-01-31 04:14:12, 나를 돌아보게하는 상황이네요. ,1835,2,0,0
2019-02-01 00:14:12.670625,13114978,2,2,2019-01-31 04:14:12, 나를 돌아보게하는 상황이네요. ,1837,2,0,0
2019-02-01 01:14:17.782206,13114978,2,2,2019-01-31 04:14:12, 나를 돌아보게하는 상황이네요. ,1840,3,0,0
2019-02-01 02:14:22.887403,13114978,2,2,2019-01-31 04:14:12, 나를 돌아보게하는 상황이네요. ,1842,2,0,0
2019-02-01 03:14:14.965930,13114978,2,2,2019-01-31 04:14:12, 나를 돌아보게하는 상황이네요. ,1843,1,0,0
2019-02-01 04:14:20.004680,13114978,2,2,2019-01-31 04:14:12, 나를 돌아보게하는 상황이네요. ,1845,2,0,0
