check_time,id,post_reply,post_symph,post_time,post_title,post_view,post_view_diff,post_reply_diff,post_symph_diff
2019-01-28 05:45:25.604743,13103162,11,5,2019-01-28 04:45:20, 금일 노가다 출근 ,682,682,11,5
2019-01-28 06:45:30.644560,13103162,17,7,2019-01-28 04:45:20, 금일 노가다 출근 ,1287,605,6,2
2019-01-28 07:45:22.680794,13103162,21,9,2019-01-28 04:45:20, 금일 노가다 출근 ,1887,600,4,2
2019-01-28 08:45:27.739345,13103162,21,12,2019-01-28 04:45:20, 금일 노가다 출근 ,2346,459,0,3
2019-01-28 09:45:20.053356,13103162,22,12,2019-01-28 04:45:20, 금일 노가다 출근 ,2557,211,1,0
2019-01-28 10:45:25.097645,13103162,22,12,2019-01-28 04:45:20, 금일 노가다 출근 ,2671,114,0,0
2019-01-28 11:45:30.150784,13103162,22,12,2019-01-28 04:45:20, 금일 노가다 출근 ,2729,58,0,0
2019-01-28 12:45:22.302969,13103162,22,12,2019-01-28 04:45:20, 금일 노가다 출근 ,2761,32,0,0
2019-01-28 13:45:27.433454,13103162,22,12,2019-01-28 04:45:20, 금일 노가다 출근 ,2799,38,0,0
2019-01-28 14:45:32.494305,13103162,22,12,2019-01-28 04:45:20, 금일 노가다 출근 ,2817,18,0,0
2019-01-28 15:45:24.585207,13103162,22,12,2019-01-28 04:45:20, 금일 노가다 출근 ,2833,16,0,0
2019-01-28 16:45:29.682856,13103162,22,12,2019-01-28 04:45:20, 금일 노가다 출근 ,2852,19,0,0
2019-01-28 17:45:21.785344,13103162,22,13,2019-01-28 04:45:20, 금일 노가다 출근 ,2886,34,0,1
2019-01-28 18:45:26.893950,13103162,22,13,2019-01-28 04:45:20, 금일 노가다 출근 ,2900,14,0,0
2019-01-28 19:45:32.110333,13103162,22,13,2019-01-28 04:45:20, 금일 노가다 출근 ,2929,29,0,0
2019-01-28 20:45:24.165583,13103162,22,13,2019-01-28 04:45:20, 금일 노가다 출근 ,2950,21,0,0
2019-01-28 21:45:29.160038,13103162,22,13,2019-01-28 04:45:20, 금일 노가다 출근 ,2963,13,0,0
2019-01-28 22:45:21.208430,13103162,22,13,2019-01-28 04:45:20, 금일 노가다 출근 ,2975,12,0,0
2019-01-28 23:45:26.283561,13103162,22,13,2019-01-28 04:45:20, 금일 노가다 출근 ,2990,15,0,0
2019-01-29 00:45:31.541791,13103162,22,13,2019-01-28 04:45:20, 금일 노가다 출근 ,3006,16,0,0
2019-01-29 01:45:23.519419,13103162,22,13,2019-01-28 04:45:20, 금일 노가다 출근 ,3013,7,0,0
2019-01-29 02:45:28.594324,13103162,22,13,2019-01-28 04:45:20, 금일 노가다 출근 ,3019,6,0,0
2019-01-29 03:45:20.585595,13103162,22,13,2019-01-28 04:45:20, 금일 노가다 출근 ,3021,2,0,0
2019-01-29 04:45:25.612730,13103162,22,13,2019-01-28 04:45:20, 금일 노가다 출근 ,3027,6,0,0
