check_time,id,post_reply,post_symph,post_time,post_title,post_view,post_view_diff,post_reply_diff,post_symph_diff
2019-01-28 05:30:58.943525,13103156,5,0,2019-01-28 04:30:58, 놀란감독 신작 내년 7월17일 북미 개봉예정이랍니다 ,640,640,5,0
2019-01-28 06:31:04.006978,13103156,6,0,2019-01-28 04:30:58, 놀란감독 신작 내년 7월17일 북미 개봉예정이랍니다 ,1139,499,1,0
2019-01-28 07:31:09.044228,13103156,9,0,2019-01-28 04:30:58, 놀란감독 신작 내년 7월17일 북미 개봉예정이랍니다 ,1755,616,3,0
2019-01-28 08:31:01.071643,13103156,9,0,2019-01-28 04:30:58, 놀란감독 신작 내년 7월17일 북미 개봉예정이랍니다 ,2229,474,0,0
2019-01-28 09:31:06.085846,13103156,9,0,2019-01-28 04:30:58, 놀란감독 신작 내년 7월17일 북미 개봉예정이랍니다 ,2402,173,0,0
2019-01-28 10:30:58.304741,13103156,9,0,2019-01-28 04:30:58, 놀란감독 신작 내년 7월17일 북미 개봉예정이랍니다 ,2450,48,0,0
2019-01-28 11:31:03.583718,13103156,9,0,2019-01-28 04:30:58, 놀란감독 신작 내년 7월17일 북미 개봉예정이랍니다 ,2473,23,0,0
2019-01-28 12:31:08.689644,13103156,9,0,2019-01-28 04:30:58, 놀란감독 신작 내년 7월17일 북미 개봉예정이랍니다 ,2484,11,0,0
2019-01-28 13:31:00.696668,13103156,9,0,2019-01-28 04:30:58, 놀란감독 신작 내년 7월17일 북미 개봉예정이랍니다 ,2496,12,0,0
2019-01-28 14:31:05.746477,13103156,9,0,2019-01-28 04:30:58, 놀란감독 신작 내년 7월17일 북미 개봉예정이랍니다 ,2503,7,0,0
2019-01-28 15:31:10.744821,13103156,9,0,2019-01-28 04:30:58, 놀란감독 신작 내년 7월17일 북미 개봉예정이랍니다 ,2507,4,0,0
2019-01-28 16:31:03.020321,13103156,9,0,2019-01-28 04:30:58, 놀란감독 신작 내년 7월17일 북미 개봉예정이랍니다 ,2513,6,0,0
2019-01-28 17:31:08.137294,13103156,9,0,2019-01-28 04:30:58, 놀란감독 신작 내년 7월17일 북미 개봉예정이랍니다 ,2517,4,0,0
2019-01-28 18:31:00.247464,13103156,9,0,2019-01-28 04:30:58, 놀란감독 신작 내년 7월17일 북미 개봉예정이랍니다 ,2520,3,0,0
2019-01-28 19:31:05.451384,13103156,9,0,2019-01-28 04:30:58, 놀란감독 신작 내년 7월17일 북미 개봉예정이랍니다 ,2521,1,0,0
2019-01-28 20:31:10.573185,13103156,9,0,2019-01-28 04:30:58, 놀란감독 신작 내년 7월17일 북미 개봉예정이랍니다 ,2526,5,0,0
2019-01-28 21:31:02.597457,13103156,9,0,2019-01-28 04:30:58, 놀란감독 신작 내년 7월17일 북미 개봉예정이랍니다 ,2528,2,0,0
2019-01-28 22:31:07.610118,13103156,9,0,2019-01-28 04:30:58, 놀란감독 신작 내년 7월17일 북미 개봉예정이랍니다 ,2532,4,0,0
2019-01-28 23:30:59.861003,13103156,9,0,2019-01-28 04:30:58, 놀란감독 신작 내년 7월17일 북미 개봉예정이랍니다 ,2533,1,0,0
2019-01-29 00:31:04.860310,13103156,9,0,2019-01-28 04:30:58, 놀란감독 신작 내년 7월17일 북미 개봉예정이랍니다 ,2535,2,0,0
2019-01-29 01:31:09.906900,13103156,9,0,2019-01-28 04:30:58, 놀란감독 신작 내년 7월17일 북미 개봉예정이랍니다 ,2539,4,0,0
2019-01-29 02:31:02.103793,13103156,9,0,2019-01-28 04:30:58, 놀란감독 신작 내년 7월17일 북미 개봉예정이랍니다 ,2541,2,0,0
2019-01-29 03:31:07.222502,13103156,9,0,2019-01-28 04:30:58, 놀란감독 신작 내년 7월17일 북미 개봉예정이랍니다 ,2543,2,0,0
2019-01-29 04:30:59.267352,13103156,9,0,2019-01-28 04:30:58, 놀란감독 신작 내년 7월17일 북미 개봉예정이랍니다 ,2545,2,0,0
