check_time,id,post_reply,post_symph,post_time,post_title,post_view,post_view_diff,post_reply_diff,post_symph_diff
2019-01-28 01:52:06.092672,13102956,10,0,2019-01-28 00:51:55, 가입일 쿨타임인가요 ,700,700,10,0
2019-01-28 02:51:58.191399,13102956,10,0,2019-01-28 00:51:55, 가입일 쿨타임인가요 ,771,71,0,0
2019-01-28 03:52:03.332409,13102956,10,0,2019-01-28 00:51:55, 가입일 쿨타임인가요 ,805,34,0,0
2019-01-28 04:51:55.372811,13102956,9,0,2019-01-28 00:51:55, 가입일 쿨타임인가요 ,827,22,-1,0
2019-01-28 05:52:00.503684,13102956,9,0,2019-01-28 00:51:55, 가입일 쿨타임인가요 ,845,18,0,0
2019-01-28 06:52:05.637703,13102956,9,0,2019-01-28 00:51:55, 가입일 쿨타임인가요 ,870,25,0,0
2019-01-28 07:51:57.839677,13102956,11,0,2019-01-28 00:51:55, 가입일 쿨타임인가요 ,903,33,2,0
2019-01-28 08:52:02.973185,13102956,11,0,2019-01-28 00:51:55, 가입일 쿨타임인가요 ,941,38,0,0
2019-01-28 09:51:55.125957,13102956,11,0,2019-01-28 00:51:55, 가입일 쿨타임인가요 ,954,13,0,0
2019-01-28 10:52:00.248707,13102956,11,0,2019-01-28 00:51:55, 가입일 쿨타임인가요 ,964,10,0,0
2019-01-28 11:52:05.376620,13102956,11,0,2019-01-28 00:51:55, 가입일 쿨타임인가요 ,973,9,0,0
2019-01-28 12:51:57.577604,13102956,11,0,2019-01-28 00:51:55, 가입일 쿨타임인가요 ,981,8,0,0
2019-01-28 13:52:02.676319,13102956,11,0,2019-01-28 00:51:55, 가입일 쿨타임인가요 ,983,2,0,0
2019-01-28 14:52:07.835819,13102956,11,0,2019-01-28 00:51:55, 가입일 쿨타임인가요 ,985,2,0,0
2019-01-28 15:51:59.921996,13102956,11,0,2019-01-28 00:51:55, 가입일 쿨타임인가요 ,990,5,0,0
2019-01-28 16:52:05.060841,13102956,11,0,2019-01-28 00:51:55, 가입일 쿨타임인가요 ,991,1,0,0
2019-01-28 17:51:57.486106,13102956,11,0,2019-01-28 00:51:55, 가입일 쿨타임인가요 ,994,3,0,0
2019-01-28 18:52:02.780731,13102956,11,0,2019-01-28 00:51:55, 가입일 쿨타임인가요 ,999,5,0,0
2019-01-28 19:52:07.922558,13102956,11,0,2019-01-28 00:51:55, 가입일 쿨타임인가요 ,1000,1,0,0
2019-01-28 20:52:00.182506,13102956,11,0,2019-01-28 00:51:55, 가입일 쿨타임인가요 ,1001,1,0,0
2019-01-28 21:52:05.192935,13102956,11,0,2019-01-28 00:51:55, 가입일 쿨타임인가요 ,1004,3,0,0
2019-01-28 22:51:57.713402,13102956,11,0,2019-01-28 00:51:55, 가입일 쿨타임인가요 ,1005,1,0,0
2019-01-28 23:52:02.865084,13102956,11,0,2019-01-28 00:51:55, 가입일 쿨타임인가요 ,1006,1,0,0
2019-01-29 00:52:08.015939,13102956,11,0,2019-01-28 00:51:55, 가입일 쿨타임인가요 ,1008,2,0,0
