check_time,id,post_reply,post_symph,post_time,post_title,post_view,post_view_diff,post_reply_diff,post_symph_diff
2019-01-28 01:27:33.762921,13102862,18,0,2019-01-28 00:27:22, 유튜브 수익이 조금 이해가 안되는 부분이 있습니다. ,1198,1198,18,0
2019-01-28 02:27:25.907269,13102862,18,0,2019-01-28 00:27:22, 유튜브 수익이 조금 이해가 안되는 부분이 있습니다. ,1448,250,0,0
2019-01-28 03:27:31.050928,13102862,18,0,2019-01-28 00:27:22, 유튜브 수익이 조금 이해가 안되는 부분이 있습니다. ,1581,133,0,0
2019-01-28 04:27:23.538674,13102862,18,0,2019-01-28 00:27:22, 유튜브 수익이 조금 이해가 안되는 부분이 있습니다. ,1654,73,0,0
2019-01-28 05:27:28.648463,13102862,18,0,2019-01-28 00:27:22, 유튜브 수익이 조금 이해가 안되는 부분이 있습니다. ,1708,54,0,0
2019-01-28 06:27:33.867234,13102862,18,0,2019-01-28 00:27:22, 유튜브 수익이 조금 이해가 안되는 부분이 있습니다. ,1772,64,0,0
2019-01-28 07:27:26.085490,13102862,18,0,2019-01-28 00:27:22, 유튜브 수익이 조금 이해가 안되는 부분이 있습니다. ,1874,102,0,0
2019-01-28 08:27:31.206074,13102862,18,0,2019-01-28 00:27:22, 유튜브 수익이 조금 이해가 안되는 부분이 있습니다. ,1995,121,0,0
2019-01-28 09:27:23.435656,13102862,18,0,2019-01-28 00:27:22, 유튜브 수익이 조금 이해가 안되는 부분이 있습니다. ,2057,62,0,0
2019-01-28 10:27:28.526323,13102862,18,0,2019-01-28 00:27:22, 유튜브 수익이 조금 이해가 안되는 부분이 있습니다. ,2094,37,0,0
2019-01-28 11:27:33.730771,13102862,18,0,2019-01-28 00:27:22, 유튜브 수익이 조금 이해가 안되는 부분이 있습니다. ,2113,19,0,0
2019-01-28 12:27:25.978681,13102862,18,0,2019-01-28 00:27:22, 유튜브 수익이 조금 이해가 안되는 부분이 있습니다. ,2123,10,0,0
2019-01-28 13:27:31.020797,13102862,18,0,2019-01-28 00:27:22, 유튜브 수익이 조금 이해가 안되는 부분이 있습니다. ,2132,9,0,0
2019-01-28 14:27:23.095862,13102862,18,0,2019-01-28 00:27:22, 유튜브 수익이 조금 이해가 안되는 부분이 있습니다. ,2137,5,0,0
2019-01-28 15:27:28.148893,13102862,18,0,2019-01-28 00:27:22, 유튜브 수익이 조금 이해가 안되는 부분이 있습니다. ,2144,7,0,0
2019-01-28 16:27:33.434730,13102862,18,0,2019-01-28 00:27:22, 유튜브 수익이 조금 이해가 안되는 부분이 있습니다. ,2145,1,0,0
2019-01-28 17:27:25.640735,13102862,18,0,2019-01-28 00:27:22, 유튜브 수익이 조금 이해가 안되는 부분이 있습니다. ,2148,3,0,0
2019-01-28 18:27:30.757961,13102862,18,0,2019-01-28 00:27:22, 유튜브 수익이 조금 이해가 안되는 부분이 있습니다. ,2154,6,0,0
2019-01-28 19:27:22.830752,13102862,18,0,2019-01-28 00:27:22, 유튜브 수익이 조금 이해가 안되는 부분이 있습니다. ,2157,3,0,0
2019-01-28 20:27:27.900305,13102862,18,0,2019-01-28 00:27:22, 유튜브 수익이 조금 이해가 안되는 부분이 있습니다. ,2161,4,0,0
2019-01-28 21:27:33.047581,13102862,18,0,2019-01-28 00:27:22, 유튜브 수익이 조금 이해가 안되는 부분이 있습니다. ,2165,4,0,0
2019-01-28 22:27:25.084837,13102862,18,0,2019-01-28 00:27:22, 유튜브 수익이 조금 이해가 안되는 부분이 있습니다. ,2169,4,0,0
2019-01-28 23:27:30.137445,13102862,18,0,2019-01-28 00:27:22, 유튜브 수익이 조금 이해가 안되는 부분이 있습니다. ,2172,3,0,0
2019-01-29 00:27:22.190751,13102862,18,0,2019-01-28 00:27:22, 유튜브 수익이 조금 이해가 안되는 부분이 있습니다. ,2173,1,0,0
