check_time,id,post_reply,post_symph,post_time,post_title,post_view,post_view_diff,post_reply_diff,post_symph_diff
2019-01-27 01:17:26.320468,13099722,8,0,2019-01-27 00:17:22, 예빈 ㅋㅋㅋㅋ ,910,910,8,0
2019-01-27 02:17:31.360161,13099722,8,0,2019-01-27 00:17:22, 예빈 ㅋㅋㅋㅋ ,937,27,0,0
2019-01-27 03:17:23.439707,13099722,8,0,2019-01-27 00:17:22, 예빈 ㅋㅋㅋㅋ ,946,9,0,0
2019-01-27 04:17:28.539984,13099722,8,0,2019-01-27 00:17:22, 예빈 ㅋㅋㅋㅋ ,958,12,0,0
2019-01-27 05:17:33.690191,13099722,8,0,2019-01-27 00:17:22, 예빈 ㅋㅋㅋㅋ ,963,5,0,0
2019-01-27 06:17:25.926406,13099722,8,0,2019-01-27 00:17:22, 예빈 ㅋㅋㅋㅋ ,970,7,0,0
2019-01-27 07:17:30.999557,13099722,8,0,2019-01-27 00:17:22, 예빈 ㅋㅋㅋㅋ ,979,9,0,0
2019-01-27 08:17:23.000549,13099722,8,0,2019-01-27 00:17:22, 예빈 ㅋㅋㅋㅋ ,991,12,0,0
2019-01-27 09:17:28.068439,13099722,8,0,2019-01-27 00:17:22, 예빈 ㅋㅋㅋㅋ ,1001,10,0,0
2019-01-27 10:17:33.256121,13099722,8,0,2019-01-27 00:17:22, 예빈 ㅋㅋㅋㅋ ,1016,15,0,0
2019-01-27 11:17:25.507145,13099722,8,0,2019-01-27 00:17:22, 예빈 ㅋㅋㅋㅋ ,1025,9,0,0
2019-01-27 12:17:30.583765,13099722,8,0,2019-01-27 00:17:22, 예빈 ㅋㅋㅋㅋ ,1032,7,0,0
2019-01-27 13:17:22.623506,13099722,8,0,2019-01-27 00:17:22, 예빈 ㅋㅋㅋㅋ ,1041,9,0,0
2019-01-27 14:17:27.636685,13099722,8,0,2019-01-27 00:17:22, 예빈 ㅋㅋㅋㅋ ,1042,1,0,0
2019-01-27 15:17:32.778974,13099722,8,0,2019-01-27 00:17:22, 예빈 ㅋㅋㅋㅋ ,1043,1,0,0
2019-01-27 16:17:24.915152,13099722,8,0,2019-01-27 00:17:22, 예빈 ㅋㅋㅋㅋ ,1049,6,0,0
2019-01-27 17:17:30.038159,13099722,8,0,2019-01-27 00:17:22, 예빈 ㅋㅋㅋㅋ ,1051,2,0,0
2019-01-27 18:17:22.192125,13099722,8,0,2019-01-27 00:17:22, 예빈 ㅋㅋㅋㅋ ,1057,6,0,0
2019-01-27 19:17:27.361205,13099722,8,0,2019-01-27 00:17:22, 예빈 ㅋㅋㅋㅋ ,1058,1,0,0
2019-01-27 20:17:32.649350,13099722,8,0,2019-01-27 00:17:22, 예빈 ㅋㅋㅋㅋ ,1063,5,0,0
2019-01-27 21:17:24.849001,13099722,8,0,2019-01-27 00:17:22, 예빈 ㅋㅋㅋㅋ ,1067,4,0,0
2019-01-27 22:17:29.860407,13099722,8,0,2019-01-27 00:17:22, 예빈 ㅋㅋㅋㅋ ,1071,4,0,0
2019-01-27 23:17:22.164383,13099722,8,0,2019-01-27 00:17:22, 예빈 ㅋㅋㅋㅋ ,1072,1,0,0
2019-01-28 00:17:27.416143,13099722,8,0,2019-01-27 00:17:22, 예빈 ㅋㅋㅋㅋ ,1073,1,0,0
