check_time,id,post_reply,post_symph,post_time,post_title,post_view,post_view_diff,post_reply_diff,post_symph_diff
2019-01-29 01:07:14.618509,13106641,4,0,2019-01-29 00:07:14, 클량 오징어분들 공식 티셔츠... ,854,854,4,0
2019-01-29 02:07:19.586376,13106641,4,0,2019-01-29 00:07:14, 클량 오징어분들 공식 티셔츠... ,945,91,0,0
2019-01-29 03:07:24.616072,13106641,4,0,2019-01-29 00:07:14, 클량 오징어분들 공식 티셔츠... ,983,38,0,0
2019-01-29 04:07:16.662927,13106641,4,0,2019-01-29 00:07:14, 클량 오징어분들 공식 티셔츠... ,1001,18,0,0
2019-01-29 05:07:21.983553,13106641,4,0,2019-01-29 00:07:14, 클량 오징어분들 공식 티셔츠... ,1022,21,0,0
2019-01-29 06:07:14.286076,13106641,4,0,2019-01-29 00:07:14, 클량 오징어분들 공식 티셔츠... ,1041,19,0,0
2019-01-29 07:07:19.585438,13106641,4,0,2019-01-29 00:07:14, 클량 오징어분들 공식 티셔츠... ,1078,37,0,0
2019-01-29 08:07:24.924852,13106641,4,0,2019-01-29 00:07:14, 클량 오징어분들 공식 티셔츠... ,1124,46,0,0
2019-01-29 09:07:17.031203,13106641,4,0,2019-01-29 00:07:14, 클량 오징어분들 공식 티셔츠... ,1165,41,0,0
2019-01-29 10:07:22.198015,13106641,4,0,2019-01-29 00:07:14, 클량 오징어분들 공식 티셔츠... ,1178,13,0,0
2019-01-29 11:07:14.317655,13106641,4,0,2019-01-29 00:07:14, 클량 오징어분들 공식 티셔츠... ,1183,5,0,0
2019-01-29 12:07:19.487102,13106641,4,0,2019-01-29 00:07:14, 클량 오징어분들 공식 티셔츠... ,1188,5,0,0
2019-01-29 13:07:24.934165,13106641,4,0,2019-01-29 00:07:14, 클량 오징어분들 공식 티셔츠... ,1190,2,0,0
2019-01-29 14:07:17.301172,13106641,4,0,2019-01-29 00:07:14, 클량 오징어분들 공식 티셔츠... ,1197,7,0,0
2019-01-29 15:07:22.492249,13106641,4,0,2019-01-29 00:07:14, 클량 오징어분들 공식 티셔츠... ,1205,8,0,0
2019-01-29 16:07:14.591004,13106641,4,0,2019-01-29 00:07:14, 클량 오징어분들 공식 티셔츠... ,1206,1,0,0
2019-01-29 17:07:19.738070,13106641,4,0,2019-01-29 00:07:14, 클량 오징어분들 공식 티셔츠... ,1210,4,0,0
2019-01-29 18:07:24.795417,13106641,4,0,2019-01-29 00:07:14, 클량 오징어분들 공식 티셔츠... ,1213,3,0,0
2019-01-29 19:07:16.902316,13106641,4,0,2019-01-29 00:07:14, 클량 오징어분들 공식 티셔츠... ,1215,2,0,0
2019-01-29 20:07:21.978249,13106641,4,0,2019-01-29 00:07:14, 클량 오징어분들 공식 티셔츠... ,1216,1,0,0
2019-01-29 21:07:14.098693,13106641,4,0,2019-01-29 00:07:14, 클량 오징어분들 공식 티셔츠... ,1216,0,0,0
2019-01-29 22:07:19.315662,13106641,4,0,2019-01-29 00:07:14, 클량 오징어분들 공식 티셔츠... ,1218,2,0,0
2019-01-29 23:07:24.599019,13106641,4,0,2019-01-29 00:07:14, 클량 오징어분들 공식 티셔츠... ,1219,1,0,0
2019-01-30 00:07:16.662343,13106641,4,0,2019-01-29 00:07:14, 클량 오징어분들 공식 티셔츠... ,1220,1,0,0
