check_time,id,post_reply,post_symph,post_time,post_title,post_view,post_view_diff,post_reply_diff,post_symph_diff
2019-01-30 01:42:03.922944,13110346,0,0,2019-01-30 00:42:03, 카타르 우승가나요 ㅎㅎ ,397,397,0,0
2019-01-30 02:42:08.926831,13110346,0,0,2019-01-30 00:42:03, 카타르 우승가나요 ㅎㅎ ,432,35,0,0
2019-01-30 03:42:13.982687,13110346,0,0,2019-01-30 00:42:03, 카타르 우승가나요 ㅎㅎ ,439,7,0,0
2019-01-30 04:42:05.920763,13110346,0,0,2019-01-30 00:42:03, 카타르 우승가나요 ㅎㅎ ,449,10,0,0
2019-01-30 05:42:10.872138,13110346,0,0,2019-01-30 00:42:03, 카타르 우승가나요 ㅎㅎ ,454,5,0,0
2019-01-30 06:42:15.841669,13110346,0,0,2019-01-30 00:42:03, 카타르 우승가나요 ㅎㅎ ,473,19,0,0
2019-01-30 07:42:07.801860,13110346,0,0,2019-01-30 00:42:03, 카타르 우승가나요 ㅎㅎ ,505,32,0,0
2019-01-30 08:42:12.848462,13110346,0,0,2019-01-30 00:42:03, 카타르 우승가나요 ㅎㅎ ,524,19,0,0
2019-01-30 09:42:05.022920,13110346,0,0,2019-01-30 00:42:03, 카타르 우승가나요 ㅎㅎ ,537,13,0,0
2019-01-30 10:42:10.199492,13110346,0,0,2019-01-30 00:42:03, 카타르 우승가나요 ㅎㅎ ,542,5,0,0
2019-01-30 11:42:15.477937,13110346,0,0,2019-01-30 00:42:03, 카타르 우승가나요 ㅎㅎ ,544,2,0,0
2019-01-30 12:42:07.930024,13110346,0,0,2019-01-30 00:42:03, 카타르 우승가나요 ㅎㅎ ,549,5,0,0
2019-01-30 13:42:13.107364,13110346,0,0,2019-01-30 00:42:03, 카타르 우승가나요 ㅎㅎ ,551,2,0,0
2019-01-30 14:42:05.483095,13110346,0,0,2019-01-30 00:42:03, 카타르 우승가나요 ㅎㅎ ,553,2,0,0
2019-01-30 15:42:10.770314,13110346,0,0,2019-01-30 00:42:03, 카타르 우승가나요 ㅎㅎ ,554,1,0,0
2019-01-30 16:42:15.937576,13110346,0,0,2019-01-30 00:42:03, 카타르 우승가나요 ㅎㅎ ,556,2,0,0
2019-01-30 17:42:08.183027,13110346,0,0,2019-01-30 00:42:03, 카타르 우승가나요 ㅎㅎ ,558,2,0,0
2019-01-30 18:42:13.494318,13110346,0,0,2019-01-30 00:42:03, 카타르 우승가나요 ㅎㅎ ,559,1,0,0
2019-01-30 19:42:05.656502,13110346,0,0,2019-01-30 00:42:03, 카타르 우승가나요 ㅎㅎ ,560,1,0,0
2019-01-30 20:42:10.892718,13110346,0,0,2019-01-30 00:42:03, 카타르 우승가나요 ㅎㅎ ,562,2,0,0
2019-01-30 21:42:03.138207,13110346,0,0,2019-01-30 00:42:03, 카타르 우승가나요 ㅎㅎ ,563,1,0,0
2019-01-30 22:42:08.211027,13110346,0,0,2019-01-30 00:42:03, 카타르 우승가나요 ㅎㅎ ,564,1,0,0
2019-01-30 23:42:13.253820,13110346,0,0,2019-01-30 00:42:03, 카타르 우승가나요 ㅎㅎ ,565,1,0,0
2019-01-31 00:42:05.598438,13110346,0,0,2019-01-30 00:42:03, 카타르 우승가나요 ㅎㅎ ,569,4,0,0
