check_time,id,post_reply,post_symph,post_time,post_title,post_view,post_view_diff,post_reply_diff,post_symph_diff
2019-01-28 01:41:59.123910,13102926,13,0,2019-01-28 00:41:47, 와... 과거 행적 밝혀진 것 중에 제일 충격적이네요 ,2152,2152,13,0
2019-01-28 02:41:51.097670,13102926,12,0,2019-01-28 00:41:47, 와... 과거 행적 밝혀진 것 중에 제일 충격적이네요 ,2541,389,-1,0
2019-01-28 03:41:56.110513,13102926,12,0,2019-01-28 00:41:47, 와... 과거 행적 밝혀진 것 중에 제일 충격적이네요 ,2736,195,0,0
2019-01-28 04:41:48.320995,13102926,12,0,2019-01-28 00:41:47, 와... 과거 행적 밝혀진 것 중에 제일 충격적이네요 ,2841,105,0,0
2019-01-28 05:41:53.364215,13102926,12,0,2019-01-28 00:41:47, 와... 과거 행적 밝혀진 것 중에 제일 충격적이네요 ,2942,101,0,0
2019-01-28 06:41:58.400119,13102926,12,0,2019-01-28 00:41:47, 와... 과거 행적 밝혀진 것 중에 제일 충격적이네요 ,3109,167,0,0
2019-01-28 07:41:50.387310,13102926,12,0,2019-01-28 00:41:47, 와... 과거 행적 밝혀진 것 중에 제일 충격적이네요 ,3339,230,0,0
2019-01-28 08:41:55.513212,13102926,12,0,2019-01-28 00:41:47, 와... 과거 행적 밝혀진 것 중에 제일 충격적이네요 ,3615,276,0,0
2019-01-28 09:41:47.709056,13102926,12,0,2019-01-28 00:41:47, 와... 과거 행적 밝혀진 것 중에 제일 충격적이네요 ,3748,133,0,0
2019-01-28 10:41:52.756632,13102926,12,0,2019-01-28 00:41:47, 와... 과거 행적 밝혀진 것 중에 제일 충격적이네요 ,3800,52,0,0
2019-01-28 11:41:57.742341,13102926,12,0,2019-01-28 00:41:47, 와... 과거 행적 밝혀진 것 중에 제일 충격적이네요 ,3834,34,0,0
2019-01-28 12:41:49.847769,13102926,12,0,2019-01-28 00:41:47, 와... 과거 행적 밝혀진 것 중에 제일 충격적이네요 ,3866,32,0,0
2019-01-28 13:41:54.863426,13102926,12,0,2019-01-28 00:41:47, 와... 과거 행적 밝혀진 것 중에 제일 충격적이네요 ,3885,19,0,0
2019-01-28 14:41:59.910558,13102926,12,0,2019-01-28 00:41:47, 와... 과거 행적 밝혀진 것 중에 제일 충격적이네요 ,3895,10,0,0
2019-01-28 15:41:51.953479,13102926,12,0,2019-01-28 00:41:47, 와... 과거 행적 밝혀진 것 중에 제일 충격적이네요 ,3901,6,0,0
2019-01-28 16:41:57.010551,13102926,12,0,2019-01-28 00:41:47, 와... 과거 행적 밝혀진 것 중에 제일 충격적이네요 ,3908,7,0,0
2019-01-28 17:41:49.267208,13102926,12,0,2019-01-28 00:41:47, 와... 과거 행적 밝혀진 것 중에 제일 충격적이네요 ,3911,3,0,0
2019-01-28 18:41:54.386510,13102926,12,0,2019-01-28 00:41:47, 와... 과거 행적 밝혀진 것 중에 제일 충격적이네요 ,3918,7,0,0
2019-01-28 19:41:59.486115,13102926,12,0,2019-01-28 00:41:47, 와... 과거 행적 밝혀진 것 중에 제일 충격적이네요 ,3924,6,0,0
2019-01-28 20:41:51.788434,13102926,12,0,2019-01-28 00:41:47, 와... 과거 행적 밝혀진 것 중에 제일 충격적이네요 ,3927,3,0,0
2019-01-28 21:41:56.889828,13102926,12,0,2019-01-28 00:41:47, 와... 과거 행적 밝혀진 것 중에 제일 충격적이네요 ,3930,3,0,0
2019-01-28 22:41:48.900113,13102926,12,0,2019-01-28 00:41:47, 와... 과거 행적 밝혀진 것 중에 제일 충격적이네요 ,3931,1,0,0
2019-01-28 23:41:53.966635,13102926,12,0,2019-01-28 00:41:47, 와... 과거 행적 밝혀진 것 중에 제일 충격적이네요 ,3933,2,0,0
2019-01-29 00:41:59.183600,13102926,12,0,2019-01-28 00:41:47, 와... 과거 행적 밝혀진 것 중에 제일 충격적이네요 ,3935,2,0,0
