check_time,id,post_reply,post_symph,post_time,post_title,post_view,post_view_diff,post_reply_diff,post_symph_diff
2019-01-27 01:57:07.332602,13099963,13,0,2019-01-27 00:56:57, 일본에선 여자력(power)이 유행이라네요 ,2333,2333,13,0
2019-01-27 02:56:59.591585,13099963,15,0,2019-01-27 00:56:57, 일본에선 여자력(power)이 유행이라네요 ,2832,499,2,0
2019-01-27 03:57:04.746989,13099963,15,0,2019-01-27 00:56:57, 일본에선 여자력(power)이 유행이라네요 ,3071,239,0,0
2019-01-27 04:57:09.931319,13099963,15,0,2019-01-27 00:56:57, 일본에선 여자력(power)이 유행이라네요 ,3231,160,0,0
2019-01-27 05:57:01.984316,13099963,16,0,2019-01-27 00:56:57, 일본에선 여자력(power)이 유행이라네요 ,3353,122,1,0
2019-01-27 06:57:07.119995,13099963,16,0,2019-01-27 00:56:57, 일본에선 여자력(power)이 유행이라네요 ,3542,189,0,0
2019-01-27 07:56:59.288720,13099963,16,0,2019-01-27 00:56:57, 일본에선 여자력(power)이 유행이라네요 ,3792,250,0,0
2019-01-27 08:57:04.414902,13099963,16,0,2019-01-27 00:56:57, 일본에선 여자력(power)이 유행이라네요 ,4207,415,0,0
2019-01-27 09:57:09.554466,13099963,16,0,2019-01-27 00:56:57, 일본에선 여자력(power)이 유행이라네요 ,4536,329,0,0
2019-01-27 10:57:01.628437,13099963,16,0,2019-01-27 00:56:57, 일본에선 여자력(power)이 유행이라네요 ,4740,204,0,0
2019-01-27 11:57:06.782934,13099963,16,0,2019-01-27 00:56:57, 일본에선 여자력(power)이 유행이라네요 ,4887,147,0,0
2019-01-27 12:56:58.938032,13099963,17,0,2019-01-27 00:56:57, 일본에선 여자력(power)이 유행이라네요 ,4968,81,1,0
2019-01-27 13:57:04.107488,13099963,18,0,2019-01-27 00:56:57, 일본에선 여자력(power)이 유행이라네요 ,5011,43,1,0
2019-01-27 14:57:09.291904,13099963,18,0,2019-01-27 00:56:57, 일본에선 여자력(power)이 유행이라네요 ,5037,26,0,0
2019-01-27 15:57:01.425170,13099963,18,0,2019-01-27 00:56:57, 일본에선 여자력(power)이 유행이라네요 ,5048,11,0,0
2019-01-27 16:57:06.502155,13099963,18,0,2019-01-27 00:56:57, 일본에선 여자력(power)이 유행이라네요 ,5062,14,0,0
2019-01-27 17:56:58.566029,13099963,18,0,2019-01-27 00:56:57, 일본에선 여자력(power)이 유행이라네요 ,5074,12,0,0
2019-01-27 18:57:03.613931,13099963,18,0,2019-01-27 00:56:57, 일본에선 여자력(power)이 유행이라네요 ,5081,7,0,0
2019-01-27 19:57:08.653103,13099963,18,0,2019-01-27 00:56:57, 일본에선 여자력(power)이 유행이라네요 ,5091,10,0,0
2019-01-27 20:57:00.816801,13099963,18,0,2019-01-27 00:56:57, 일본에선 여자력(power)이 유행이라네요 ,5097,6,0,0
2019-01-27 21:57:06.061077,13099963,18,0,2019-01-27 00:56:57, 일본에선 여자력(power)이 유행이라네요 ,5101,4,0,0
2019-01-27 22:56:58.122114,13099963,18,0,2019-01-27 00:56:57, 일본에선 여자력(power)이 유행이라네요 ,5102,1,0,0
2019-01-27 23:57:03.262241,13099963,18,0,2019-01-27 00:56:57, 일본에선 여자력(power)이 유행이라네요 ,5105,3,0,0
2019-01-28 00:57:08.470986,13099963,18,0,2019-01-27 00:56:57, 일본에선 여자력(power)이 유행이라네요 ,5108,3,0,0
