check_time,id,post_reply,post_symph,post_time,post_title,post_view,post_view_diff,post_reply_diff,post_symph_diff
2019-01-24 01:41:58.993683,13087573,4,3,2019-01-24 00:41:58, 플스는 포기하고 스플래툰 외길인생!!!.jpg ,1453,1453,4,3
2019-01-24 02:42:04.227470,13087573,5,3,2019-01-24 00:41:58, 플스는 포기하고 스플래툰 외길인생!!!.jpg ,1611,158,1,0
2019-01-24 03:42:09.302497,13087573,5,3,2019-01-24 00:41:58, 플스는 포기하고 스플래툰 외길인생!!!.jpg ,1660,49,0,0
2019-01-24 04:42:01.386471,13087573,5,3,2019-01-24 00:41:58, 플스는 포기하고 스플래툰 외길인생!!!.jpg ,1694,34,0,0
2019-01-24 05:42:06.502413,13087573,5,3,2019-01-24 00:41:58, 플스는 포기하고 스플래툰 외길인생!!!.jpg ,1726,32,0,0
2019-01-24 06:41:58.554588,13087573,5,3,2019-01-24 00:41:58, 플스는 포기하고 스플래툰 외길인생!!!.jpg ,1790,64,0,0
2019-01-24 07:42:03.659424,13087573,5,3,2019-01-24 00:41:58, 플스는 포기하고 스플래툰 외길인생!!!.jpg ,1903,113,0,0
2019-01-24 08:42:08.690790,13087573,5,3,2019-01-24 00:41:58, 플스는 포기하고 스플래툰 외길인생!!!.jpg ,2014,111,0,0
2019-01-24 09:42:00.745984,13087573,5,3,2019-01-24 00:41:58, 플스는 포기하고 스플래툰 외길인생!!!.jpg ,2053,39,0,0
2019-01-24 10:42:07.285951,13087573,5,3,2019-01-24 00:41:58, 플스는 포기하고 스플래툰 외길인생!!!.jpg ,2072,19,0,0
2019-01-24 11:41:59.352689,13087573,5,3,2019-01-24 00:41:58, 플스는 포기하고 스플래툰 외길인생!!!.jpg ,2089,17,0,0
2019-01-24 12:42:04.334609,13087573,5,3,2019-01-24 00:41:58, 플스는 포기하고 스플래툰 외길인생!!!.jpg ,2094,5,0,0
2019-01-24 13:42:09.571443,13087573,5,3,2019-01-24 00:41:58, 플스는 포기하고 스플래툰 외길인생!!!.jpg ,2100,6,0,0
2019-01-24 14:42:01.795931,13087573,5,3,2019-01-24 00:41:58, 플스는 포기하고 스플래툰 외길인생!!!.jpg ,2107,7,0,0
2019-01-24 15:42:06.807286,13087573,5,3,2019-01-24 00:41:58, 플스는 포기하고 스플래툰 외길인생!!!.jpg ,2110,3,0,0
2019-01-24 16:41:58.860302,13087573,5,3,2019-01-24 00:41:58, 플스는 포기하고 스플래툰 외길인생!!!.jpg ,2114,4,0,0
2019-01-24 17:42:03.873604,13087573,5,3,2019-01-24 00:41:58, 플스는 포기하고 스플래툰 외길인생!!!.jpg ,2116,2,0,0
2019-01-24 18:42:08.846913,13087573,5,3,2019-01-24 00:41:58, 플스는 포기하고 스플래툰 외길인생!!!.jpg ,2120,4,0,0
2019-01-24 19:42:00.807855,13087573,5,3,2019-01-24 00:41:58, 플스는 포기하고 스플래툰 외길인생!!!.jpg ,2125,5,0,0
2019-01-24 20:42:05.825786,13087573,5,3,2019-01-24 00:41:58, 플스는 포기하고 스플래툰 외길인생!!!.jpg ,2128,3,0,0
2019-01-24 21:42:11.016341,13087573,5,3,2019-01-24 00:41:58, 플스는 포기하고 스플래툰 외길인생!!!.jpg ,2129,1,0,0
2019-01-24 22:42:03.203041,13087573,5,3,2019-01-24 00:41:58, 플스는 포기하고 스플래툰 외길인생!!!.jpg ,2133,4,0,0
2019-01-24 23:42:08.319008,13087573,5,3,2019-01-24 00:41:58, 플스는 포기하고 스플래툰 외길인생!!!.jpg ,2134,1,0,0
2019-01-25 00:42:00.566937,13087573,5,3,2019-01-24 00:41:58, 플스는 포기하고 스플래툰 외길인생!!!.jpg ,2136,2,0,0
