check_time,id,post_reply,post_symph,post_time,post_title,post_view,post_view_diff,post_reply_diff,post_symph_diff
2019-01-30 01:31:57.305521,13110317,4,0,2019-01-30 00:31:51, 인레이 충치치료한 치아가 1달이 지나도 시리면 -_- ,562,562,4,0
2019-01-30 02:32:02.321306,13110317,4,0,2019-01-30 00:31:51, 인레이 충치치료한 치아가 1달이 지나도 시리면 -_- ,649,87,0,0
2019-01-30 03:31:54.304887,13110317,4,0,2019-01-30 00:31:51, 인레이 충치치료한 치아가 1달이 지나도 시리면 -_- ,692,43,0,0
2019-01-30 04:31:59.387057,13110317,4,0,2019-01-30 00:31:51, 인레이 충치치료한 치아가 1달이 지나도 시리면 -_- ,722,30,0,0
2019-01-30 05:31:51.372386,13110317,4,0,2019-01-30 00:31:51, 인레이 충치치료한 치아가 1달이 지나도 시리면 -_- ,745,23,0,0
2019-01-30 06:31:56.637616,13110317,4,0,2019-01-30 00:31:51, 인레이 충치치료한 치아가 1달이 지나도 시리면 -_- ,778,33,0,0
2019-01-30 07:32:01.761722,13110317,4,0,2019-01-30 00:31:51, 인레이 충치치료한 치아가 1달이 지나도 시리면 -_- ,815,37,0,0
2019-01-30 08:31:53.863261,13110317,4,0,2019-01-30 00:31:51, 인레이 충치치료한 치아가 1달이 지나도 시리면 -_- ,873,58,0,0
2019-01-30 09:31:59.028929,13110317,4,0,2019-01-30 00:31:51, 인레이 충치치료한 치아가 1달이 지나도 시리면 -_- ,900,27,0,0
2019-01-30 10:31:51.097374,13110317,4,0,2019-01-30 00:31:51, 인레이 충치치료한 치아가 1달이 지나도 시리면 -_- ,918,18,0,0
2019-01-30 11:31:56.212291,13110317,4,0,2019-01-30 00:31:51, 인레이 충치치료한 치아가 1달이 지나도 시리면 -_- ,922,4,0,0
2019-01-30 12:32:01.262203,13110317,4,0,2019-01-30 00:31:51, 인레이 충치치료한 치아가 1달이 지나도 시리면 -_- ,925,3,0,0
2019-01-30 13:31:53.506081,13110317,4,0,2019-01-30 00:31:51, 인레이 충치치료한 치아가 1달이 지나도 시리면 -_- ,927,2,0,0
2019-01-30 14:31:58.676527,13110317,4,0,2019-01-30 00:31:51, 인레이 충치치료한 치아가 1달이 지나도 시리면 -_- ,930,3,0,0
2019-01-30 15:32:03.705365,13110317,4,0,2019-01-30 00:31:51, 인레이 충치치료한 치아가 1달이 지나도 시리면 -_- ,934,4,0,0
2019-01-30 16:31:55.807004,13110317,4,0,2019-01-30 00:31:51, 인레이 충치치료한 치아가 1달이 지나도 시리면 -_- ,937,3,0,0
2019-01-30 17:32:00.854193,13110317,4,0,2019-01-30 00:31:51, 인레이 충치치료한 치아가 1달이 지나도 시리면 -_- ,941,4,0,0
2019-01-30 18:31:52.915671,13110317,4,0,2019-01-30 00:31:51, 인레이 충치치료한 치아가 1달이 지나도 시리면 -_- ,943,2,0,0
2019-01-30 19:31:58.025897,13110317,4,0,2019-01-30 00:31:51, 인레이 충치치료한 치아가 1달이 지나도 시리면 -_- ,945,2,0,0
2019-01-30 20:32:02.971401,13110317,4,0,2019-01-30 00:31:51, 인레이 충치치료한 치아가 1달이 지나도 시리면 -_- ,945,0,0,0
2019-01-30 21:31:54.956136,13110317,4,0,2019-01-30 00:31:51, 인레이 충치치료한 치아가 1달이 지나도 시리면 -_- ,947,2,0,0
2019-01-30 22:32:00.169633,13110317,4,0,2019-01-30 00:31:51, 인레이 충치치료한 치아가 1달이 지나도 시리면 -_- ,948,1,0,0
2019-01-30 23:31:52.378601,13110317,4,0,2019-01-30 00:31:51, 인레이 충치치료한 치아가 1달이 지나도 시리면 -_- ,949,1,0,0
2019-01-31 00:31:57.365468,13110317,4,0,2019-01-30 00:31:51, 인레이 충치치료한 치아가 1달이 지나도 시리면 -_- ,952,3,0,0
