check_time,id,post_reply,post_symph,post_time,post_title,post_view,post_view_diff,post_reply_diff,post_symph_diff
2019-01-28 01:12:20.400704,13102812,3,0,2019-01-28 00:12:08, 생각해보니 영화 쿠르스크가 개봉했을텐데 글이 안 보임 ,675,675,3,0
2019-01-28 02:12:12.453892,13102812,3,0,2019-01-28 00:12:08, 생각해보니 영화 쿠르스크가 개봉했을텐데 글이 안 보임 ,765,90,0,0
2019-01-28 03:12:17.834061,13102812,3,0,2019-01-28 00:12:08, 생각해보니 영화 쿠르스크가 개봉했을텐데 글이 안 보임 ,797,32,0,0
2019-01-28 04:12:10.058062,13102812,3,0,2019-01-28 00:12:08, 생각해보니 영화 쿠르스크가 개봉했을텐데 글이 안 보임 ,814,17,0,0
2019-01-28 05:12:15.031779,13102812,3,0,2019-01-28 00:12:08, 생각해보니 영화 쿠르스크가 개봉했을텐데 글이 안 보임 ,837,23,0,0
2019-01-28 06:12:20.135345,13102812,3,0,2019-01-28 00:12:08, 생각해보니 영화 쿠르스크가 개봉했을텐데 글이 안 보임 ,852,15,0,0
2019-01-28 07:12:12.223433,13102812,3,0,2019-01-28 00:12:08, 생각해보니 영화 쿠르스크가 개봉했을텐데 글이 안 보임 ,887,35,0,0
2019-01-28 08:12:17.562527,13102812,3,0,2019-01-28 00:12:08, 생각해보니 영화 쿠르스크가 개봉했을텐데 글이 안 보임 ,938,51,0,0
2019-01-28 09:12:09.639205,13102812,3,0,2019-01-28 00:12:08, 생각해보니 영화 쿠르스크가 개봉했을텐데 글이 안 보임 ,967,29,0,0
2019-01-28 10:12:14.888441,13102812,3,0,2019-01-28 00:12:08, 생각해보니 영화 쿠르스크가 개봉했을텐데 글이 안 보임 ,978,11,0,0
2019-01-28 11:12:19.969263,13102812,3,0,2019-01-28 00:12:08, 생각해보니 영화 쿠르스크가 개봉했을텐데 글이 안 보임 ,984,6,0,0
2019-01-28 12:12:11.948952,13102812,3,0,2019-01-28 00:12:08, 생각해보니 영화 쿠르스크가 개봉했을텐데 글이 안 보임 ,989,5,0,0
2019-01-28 13:12:16.973626,13102812,3,0,2019-01-28 00:12:08, 생각해보니 영화 쿠르스크가 개봉했을텐데 글이 안 보임 ,991,2,0,0
2019-01-28 14:12:09.163609,13102812,3,0,2019-01-28 00:12:08, 생각해보니 영화 쿠르스크가 개봉했을텐데 글이 안 보임 ,994,3,0,0
2019-01-28 15:12:14.264306,13102812,3,0,2019-01-28 00:12:08, 생각해보니 영화 쿠르스크가 개봉했을텐데 글이 안 보임 ,996,2,0,0
2019-01-28 16:12:19.379193,13102812,3,0,2019-01-28 00:12:08, 생각해보니 영화 쿠르스크가 개봉했을텐데 글이 안 보임 ,998,2,0,0
2019-01-28 17:12:11.418703,13102812,3,0,2019-01-28 00:12:08, 생각해보니 영화 쿠르스크가 개봉했을텐데 글이 안 보임 ,1000,2,0,0
2019-01-28 18:12:16.428223,13102812,3,0,2019-01-28 00:12:08, 생각해보니 영화 쿠르스크가 개봉했을텐데 글이 안 보임 ,1003,3,0,0
2019-01-28 19:12:08.537876,13102812,3,0,2019-01-28 00:12:08, 생각해보니 영화 쿠르스크가 개봉했을텐데 글이 안 보임 ,1004,1,0,0
2019-01-28 20:12:13.571002,13102812,3,0,2019-01-28 00:12:08, 생각해보니 영화 쿠르스크가 개봉했을텐데 글이 안 보임 ,1006,2,0,0
2019-01-28 21:12:18.583940,13102812,3,0,2019-01-28 00:12:08, 생각해보니 영화 쿠르스크가 개봉했을텐데 글이 안 보임 ,1009,3,0,0
2019-01-28 22:12:10.610465,13102812,3,0,2019-01-28 00:12:08, 생각해보니 영화 쿠르스크가 개봉했을텐데 글이 안 보임 ,1013,4,0,0
2019-01-28 23:12:15.682443,13102812,3,0,2019-01-28 00:12:08, 생각해보니 영화 쿠르스크가 개봉했을텐데 글이 안 보임 ,1014,1,0,0
2019-01-29 00:12:20.713883,13102812,3,0,2019-01-28 00:12:08, 생각해보니 영화 쿠르스크가 개봉했을텐데 글이 안 보임 ,1016,2,0,0
