check_time,id,post_reply,post_symph,post_time,post_title,post_view,post_view_diff,post_reply_diff,post_symph_diff
2019-01-24 01:17:10.663482,13087462,4,0,2019-01-24 00:17:10, 중고로운 나라 PS4프로 시작가는.. ,1619,1619,4,0
2019-01-24 02:17:15.676978,13087462,4,0,2019-01-24 00:17:10, 중고로운 나라 PS4프로 시작가는.. ,1709,90,0,0
2019-01-24 03:17:20.706583,13087462,4,0,2019-01-24 00:17:10, 중고로운 나라 PS4프로 시작가는.. ,1752,43,0,0
2019-01-24 04:17:12.681832,13087462,4,0,2019-01-24 00:17:10, 중고로운 나라 PS4프로 시작가는.. ,1775,23,0,0
2019-01-24 05:17:18.357077,13087462,4,0,2019-01-24 00:17:10, 중고로운 나라 PS4프로 시작가는.. ,1792,17,0,0
2019-01-24 06:17:10.732172,13087462,4,0,2019-01-24 00:17:10, 중고로운 나라 PS4프로 시작가는.. ,1812,20,0,0
2019-01-24 07:17:15.975298,13087462,4,0,2019-01-24 00:17:10, 중고로운 나라 PS4프로 시작가는.. ,1851,39,0,0
2019-01-24 08:17:21.029469,13087462,4,0,2019-01-24 00:17:10, 중고로운 나라 PS4프로 시작가는.. ,1904,53,0,0
2019-01-24 09:17:13.052188,13087462,4,0,2019-01-24 00:17:10, 중고로운 나라 PS4프로 시작가는.. ,1952,48,0,0
2019-01-24 10:17:18.213727,13087462,4,0,2019-01-24 00:17:10, 중고로운 나라 PS4프로 시작가는.. ,1965,13,0,0
2019-01-24 11:17:10.189807,13087462,4,0,2019-01-24 00:17:10, 중고로운 나라 PS4프로 시작가는.. ,1974,9,0,0
2019-01-24 12:17:15.414113,13087462,4,0,2019-01-24 00:17:10, 중고로운 나라 PS4프로 시작가는.. ,1980,6,0,0
2019-01-24 13:17:20.453106,13087462,4,0,2019-01-24 00:17:10, 중고로운 나라 PS4프로 시작가는.. ,1981,1,0,0
2019-01-24 14:17:12.506621,13087462,4,0,2019-01-24 00:17:10, 중고로운 나라 PS4프로 시작가는.. ,1990,9,0,0
2019-01-24 15:17:17.570541,13087462,4,0,2019-01-24 00:17:10, 중고로운 나라 PS4프로 시작가는.. ,1994,4,0,0
2019-01-24 16:17:22.623662,13087462,4,0,2019-01-24 00:17:10, 중고로운 나라 PS4프로 시작가는.. ,1996,2,0,0
2019-01-24 17:17:14.652153,13087462,4,0,2019-01-24 00:17:10, 중고로운 나라 PS4프로 시작가는.. ,1998,2,0,0
2019-01-24 18:17:19.722061,13087462,4,0,2019-01-24 00:17:10, 중고로운 나라 PS4프로 시작가는.. ,2000,2,0,0
2019-01-24 19:17:11.830592,13087462,4,0,2019-01-24 00:17:10, 중고로운 나라 PS4프로 시작가는.. ,2004,4,0,0
2019-01-24 20:17:16.843196,13087462,4,0,2019-01-24 00:17:10, 중고로운 나라 PS4프로 시작가는.. ,2006,2,0,0
2019-01-24 21:17:21.810082,13087462,4,0,2019-01-24 00:17:10, 중고로운 나라 PS4프로 시작가는.. ,2009,3,0,0
2019-01-24 22:17:14.090716,13087462,4,0,2019-01-24 00:17:10, 중고로운 나라 PS4프로 시작가는.. ,2011,2,0,0
2019-01-24 23:17:19.431159,13087462,4,0,2019-01-24 00:17:10, 중고로운 나라 PS4프로 시작가는.. ,2013,2,0,0
2019-01-25 00:17:11.597049,13087462,4,0,2019-01-24 00:17:10, 중고로운 나라 PS4프로 시작가는.. ,2015,2,0,0
