check_time,id,post_reply,post_symph,post_time,post_title,post_view,post_view_diff,post_reply_diff,post_symph_diff
2019-01-30 01:37:28.137526,13110332,2,3,2019-01-30 00:37:28, 나를 구속하는 것은 모두 파.괘.한.다.webm ,730,730,2,3
2019-01-30 02:37:33.143375,13110332,2,3,2019-01-30 00:37:28, 나를 구속하는 것은 모두 파.괘.한.다.webm ,866,136,0,0
2019-01-30 03:37:38.407393,13110332,2,3,2019-01-30 00:37:28, 나를 구속하는 것은 모두 파.괘.한.다.webm ,934,68,0,0
2019-01-30 04:37:30.440586,13110332,2,3,2019-01-30 00:37:28, 나를 구속하는 것은 모두 파.괘.한.다.webm ,965,31,0,0
2019-01-30 05:37:35.569870,13110332,2,3,2019-01-30 00:37:28, 나를 구속하는 것은 모두 파.괘.한.다.webm ,996,31,0,0
2019-01-30 06:37:40.629023,13110332,2,3,2019-01-30 00:37:28, 나를 구속하는 것은 모두 파.괘.한.다.webm ,1049,53,0,0
2019-01-30 07:37:33.546414,13110332,2,3,2019-01-30 00:37:28, 나를 구속하는 것은 모두 파.괘.한.다.webm ,1149,100,0,0
2019-01-30 08:37:38.980520,13110332,2,3,2019-01-30 00:37:28, 나를 구속하는 것은 모두 파.괘.한.다.webm ,1237,88,0,0
2019-01-30 09:37:31.213182,13110332,2,3,2019-01-30 00:37:28, 나를 구속하는 것은 모두 파.괘.한.다.webm ,1286,49,0,0
2019-01-30 10:37:36.453481,13110332,2,3,2019-01-30 00:37:28, 나를 구속하는 것은 모두 파.괘.한.다.webm ,1315,29,0,0
2019-01-30 11:37:28.656077,13110332,2,3,2019-01-30 00:37:28, 나를 구속하는 것은 모두 파.괘.한.다.webm ,1334,19,0,0
2019-01-30 12:37:33.797759,13110332,2,3,2019-01-30 00:37:28, 나를 구속하는 것은 모두 파.괘.한.다.webm ,1341,7,0,0
2019-01-30 13:37:39.230074,13110332,2,3,2019-01-30 00:37:28, 나를 구속하는 것은 모두 파.괘.한.다.webm ,1346,5,0,0
2019-01-30 14:37:31.229514,13110332,2,3,2019-01-30 00:37:28, 나를 구속하는 것은 모두 파.괘.한.다.webm ,1351,5,0,0
2019-01-30 15:37:36.479624,13110332,2,3,2019-01-30 00:37:28, 나를 구속하는 것은 모두 파.괘.한.다.webm ,1355,4,0,0
2019-01-30 16:37:28.658154,13110332,2,3,2019-01-30 00:37:28, 나를 구속하는 것은 모두 파.괘.한.다.webm ,1356,1,0,0
2019-01-30 17:37:33.726417,13110332,2,3,2019-01-30 00:37:28, 나를 구속하는 것은 모두 파.괘.한.다.webm ,1359,3,0,0
2019-01-30 18:37:39.069509,13110332,2,3,2019-01-30 00:37:28, 나를 구속하는 것은 모두 파.괘.한.다.webm ,1362,3,0,0
2019-01-30 19:37:31.298149,13110332,2,3,2019-01-30 00:37:28, 나를 구속하는 것은 모두 파.괘.한.다.webm ,1363,1,0,0
2019-01-30 20:37:36.571235,13110332,2,3,2019-01-30 00:37:28, 나를 구속하는 것은 모두 파.괘.한.다.webm ,1368,5,0,0
2019-01-30 21:37:28.638118,13110332,2,3,2019-01-30 00:37:28, 나를 구속하는 것은 모두 파.괘.한.다.webm ,1369,1,0,0
2019-01-30 22:37:33.789837,13110332,2,3,2019-01-30 00:37:28, 나를 구속하는 것은 모두 파.괘.한.다.webm ,1371,2,0,0
2019-01-30 23:37:38.957212,13110332,2,3,2019-01-30 00:37:28, 나를 구속하는 것은 모두 파.괘.한.다.webm ,1374,3,0,0
2019-01-31 00:37:31.064804,13110332,2,3,2019-01-30 00:37:28, 나를 구속하는 것은 모두 파.괘.한.다.webm ,1376,2,0,0
