check_time,id,post_reply,post_symph,post_time,post_title,post_view,post_view_diff,post_reply_diff,post_symph_diff
2019-01-24 01:55:11.791456,13087603,6,0,2019-01-24 00:55:02, 홍탁좌 하루5시간자네요 ,2627,2627,6,0
2019-01-24 02:55:03.866934,13087603,6,0,2019-01-24 00:55:02, 홍탁좌 하루5시간자네요 ,2957,330,0,0
2019-01-24 03:55:08.943042,13087603,6,0,2019-01-24 00:55:02, 홍탁좌 하루5시간자네요 ,3094,137,0,0
2019-01-24 04:55:13.983940,13087603,6,0,2019-01-24 00:55:02, 홍탁좌 하루5시간자네요 ,3219,125,0,0
2019-01-24 05:55:05.967415,13087603,6,0,2019-01-24 00:55:02, 홍탁좌 하루5시간자네요 ,3329,110,0,0
2019-01-24 06:55:10.980507,13087603,7,0,2019-01-24 00:55:02, 홍탁좌 하루5시간자네요 ,3573,244,1,0
2019-01-24 07:55:03.038962,13087603,7,0,2019-01-24 00:55:02, 홍탁좌 하루5시간자네요 ,3915,342,0,0
2019-01-24 08:55:08.081140,13087603,7,0,2019-01-24 00:55:02, 홍탁좌 하루5시간자네요 ,4213,298,0,0
2019-01-24 09:55:13.116345,13087603,7,0,2019-01-24 00:55:02, 홍탁좌 하루5시간자네요 ,4339,126,0,0
2019-01-24 10:55:05.193697,13087603,7,0,2019-01-24 00:55:02, 홍탁좌 하루5시간자네요 ,4392,53,0,0
2019-01-24 11:55:10.619478,13087603,7,0,2019-01-24 00:55:02, 홍탁좌 하루5시간자네요 ,4414,22,0,0
2019-01-24 12:55:02.786828,13087603,7,0,2019-01-24 00:55:02, 홍탁좌 하루5시간자네요 ,4437,23,0,0
2019-01-24 13:55:08.077377,13087603,7,0,2019-01-24 00:55:02, 홍탁좌 하루5시간자네요 ,4444,7,0,0
2019-01-24 14:55:13.150375,13087603,7,0,2019-01-24 00:55:02, 홍탁좌 하루5시간자네요 ,4449,5,0,0
2019-01-24 15:55:05.427961,13087603,7,0,2019-01-24 00:55:02, 홍탁좌 하루5시간자네요 ,4454,5,0,0
2019-01-24 16:55:10.466416,13087603,7,0,2019-01-24 00:55:02, 홍탁좌 하루5시간자네요 ,4461,7,0,0
2019-01-24 17:55:02.547204,13087603,7,0,2019-01-24 00:55:02, 홍탁좌 하루5시간자네요 ,4464,3,0,0
2019-01-24 18:55:07.744193,13087603,7,0,2019-01-24 00:55:02, 홍탁좌 하루5시간자네요 ,4476,12,0,0
2019-01-24 19:55:12.939646,13087603,7,0,2019-01-24 00:55:02, 홍탁좌 하루5시간자네요 ,4483,7,0,0
2019-01-24 20:55:05.144352,13087603,7,0,2019-01-24 00:55:02, 홍탁좌 하루5시간자네요 ,4488,5,0,0
2019-01-24 21:55:10.223242,13087603,7,0,2019-01-24 00:55:02, 홍탁좌 하루5시간자네요 ,4491,3,0,0
2019-01-24 22:55:02.278022,13087603,7,0,2019-01-24 00:55:02, 홍탁좌 하루5시간자네요 ,4493,2,0,0
2019-01-24 23:55:07.294493,13087603,7,0,2019-01-24 00:55:02, 홍탁좌 하루5시간자네요 ,4495,2,0,0
2019-01-25 00:55:12.263355,13087603,7,0,2019-01-24 00:55:02, 홍탁좌 하루5시간자네요 ,4496,1,0,0
