check_time,id,post_reply,post_symph,post_time,post_title,post_view,post_view_diff,post_reply_diff,post_symph_diff
2019-01-28 01:07:09.317184,13102792,10,0,2019-01-28 00:07:02, 현직 광저우 바이윈 공항 스얼 라운지입니다 ,778,778,10,0
2019-01-28 02:07:14.371244,13102792,10,0,2019-01-28 00:07:02, 현직 광저우 바이윈 공항 스얼 라운지입니다 ,896,118,0,0
2019-01-28 03:07:06.382574,13102792,10,0,2019-01-28 00:07:02, 현직 광저우 바이윈 공항 스얼 라운지입니다 ,936,40,0,0
2019-01-28 04:07:11.635831,13102792,10,0,2019-01-28 00:07:02, 현직 광저우 바이윈 공항 스얼 라운지입니다 ,958,22,0,0
2019-01-28 05:07:03.685156,13102792,10,0,2019-01-28 00:07:02, 현직 광저우 바이윈 공항 스얼 라운지입니다 ,976,18,0,0
2019-01-28 06:07:08.696876,13102792,10,0,2019-01-28 00:07:02, 현직 광저우 바이윈 공항 스얼 라운지입니다 ,1006,30,0,0
2019-01-28 07:07:13.699708,13102792,10,0,2019-01-28 00:07:02, 현직 광저우 바이윈 공항 스얼 라운지입니다 ,1041,35,0,0
2019-01-28 08:07:05.793289,13102792,10,0,2019-01-28 00:07:02, 현직 광저우 바이윈 공항 스얼 라운지입니다 ,1090,49,0,0
2019-01-28 09:07:11.019817,13102792,10,0,2019-01-28 00:07:02, 현직 광저우 바이윈 공항 스얼 라운지입니다 ,1128,38,0,0
2019-01-28 10:07:03.027580,13102792,10,0,2019-01-28 00:07:02, 현직 광저우 바이윈 공항 스얼 라운지입니다 ,1149,21,0,0
2019-01-28 11:07:08.544000,13102792,10,0,2019-01-28 00:07:02, 현직 광저우 바이윈 공항 스얼 라운지입니다 ,1163,14,0,0
2019-01-28 12:07:13.695741,13102792,10,0,2019-01-28 00:07:02, 현직 광저우 바이윈 공항 스얼 라운지입니다 ,1173,10,0,0
2019-01-28 13:07:07.494830,13102792,10,0,2019-01-28 00:07:02, 현직 광저우 바이윈 공항 스얼 라운지입니다 ,1179,6,0,0
2019-01-28 14:07:13.055578,13102792,10,0,2019-01-28 00:07:02, 현직 광저우 바이윈 공항 스얼 라운지입니다 ,1183,4,0,0
2019-01-28 15:07:05.064486,13102792,10,0,2019-01-28 00:07:02, 현직 광저우 바이윈 공항 스얼 라운지입니다 ,1186,3,0,0
2019-01-28 16:07:10.269584,13102792,10,0,2019-01-28 00:07:02, 현직 광저우 바이윈 공항 스얼 라운지입니다 ,1189,3,0,0
2019-01-28 17:07:02.364494,13102792,10,0,2019-01-28 00:07:02, 현직 광저우 바이윈 공항 스얼 라운지입니다 ,1192,3,0,0
2019-01-28 18:07:07.630705,13102792,10,0,2019-01-28 00:07:02, 현직 광저우 바이윈 공항 스얼 라운지입니다 ,1196,4,0,0
2019-01-28 19:07:12.803873,13102792,10,0,2019-01-28 00:07:02, 현직 광저우 바이윈 공항 스얼 라운지입니다 ,1202,6,0,0
2019-01-28 20:07:04.860335,13102792,10,0,2019-01-28 00:07:02, 현직 광저우 바이윈 공항 스얼 라운지입니다 ,1206,4,0,0
2019-01-28 21:07:09.898035,13102792,10,0,2019-01-28 00:07:02, 현직 광저우 바이윈 공항 스얼 라운지입니다 ,1209,3,0,0
2019-01-28 22:07:02.285148,13102792,10,0,2019-01-28 00:07:02, 현직 광저우 바이윈 공항 스얼 라운지입니다 ,1215,6,0,0
2019-01-28 23:07:07.360845,13102792,10,0,2019-01-28 00:07:02, 현직 광저우 바이윈 공항 스얼 라운지입니다 ,1216,1,0,0
2019-01-29 00:07:12.553562,13102792,10,0,2019-01-28 00:07:02, 현직 광저우 바이윈 공항 스얼 라운지입니다 ,1219,3,0,0
