check_time,id,post_reply,post_symph,post_time,post_title,post_view,post_view_diff,post_reply_diff,post_symph_diff
2019-01-27 01:27:38.199955,13099835,11,0,2019-01-27 00:27:28, 아무리 스포가 맞다고 해도 혜나가 염정아한테 저러는 건 이상하지 않나요? ,2592,2592,11,0
2019-01-27 02:27:30.157004,13099835,11,0,2019-01-27 00:27:28, 아무리 스포가 맞다고 해도 혜나가 염정아한테 저러는 건 이상하지 않나요? ,2683,91,0,0
2019-01-27 03:27:35.552856,13099835,11,0,2019-01-27 00:27:28, 아무리 스포가 맞다고 해도 혜나가 염정아한테 저러는 건 이상하지 않나요? ,2734,51,0,0
2019-01-27 04:27:40.558306,13099835,11,0,2019-01-27 00:27:28, 아무리 스포가 맞다고 해도 혜나가 염정아한테 저러는 건 이상하지 않나요? ,2763,29,0,0
2019-01-27 05:27:32.628422,13099835,11,0,2019-01-27 00:27:28, 아무리 스포가 맞다고 해도 혜나가 염정아한테 저러는 건 이상하지 않나요? ,2781,18,0,0
2019-01-27 06:27:37.678272,13099835,11,0,2019-01-27 00:27:28, 아무리 스포가 맞다고 해도 혜나가 염정아한테 저러는 건 이상하지 않나요? ,2800,19,0,0
2019-01-27 07:27:29.687653,13099835,11,0,2019-01-27 00:27:28, 아무리 스포가 맞다고 해도 혜나가 염정아한테 저러는 건 이상하지 않나요? ,2826,26,0,0
2019-01-27 08:27:34.737681,13099835,11,0,2019-01-27 00:27:28, 아무리 스포가 맞다고 해도 혜나가 염정아한테 저러는 건 이상하지 않나요? ,2861,35,0,0
2019-01-27 09:27:40.006613,13099835,11,0,2019-01-27 00:27:28, 아무리 스포가 맞다고 해도 혜나가 염정아한테 저러는 건 이상하지 않나요? ,2894,33,0,0
2019-01-27 10:27:32.067608,13099835,11,0,2019-01-27 00:27:28, 아무리 스포가 맞다고 해도 혜나가 염정아한테 저러는 건 이상하지 않나요? ,2921,27,0,0
2019-01-27 11:27:37.077620,13099835,11,0,2019-01-27 00:27:28, 아무리 스포가 맞다고 해도 혜나가 염정아한테 저러는 건 이상하지 않나요? ,2934,13,0,0
2019-01-27 12:27:29.364203,13099835,11,0,2019-01-27 00:27:28, 아무리 스포가 맞다고 해도 혜나가 염정아한테 저러는 건 이상하지 않나요? ,2943,9,0,0
2019-01-27 13:27:34.733617,13099835,11,0,2019-01-27 00:27:28, 아무리 스포가 맞다고 해도 혜나가 염정아한테 저러는 건 이상하지 않나요? ,2960,17,0,0
2019-01-27 14:27:39.848479,13099835,11,0,2019-01-27 00:27:28, 아무리 스포가 맞다고 해도 혜나가 염정아한테 저러는 건 이상하지 않나요? ,2971,11,0,0
2019-01-27 15:27:32.161648,13099835,11,0,2019-01-27 00:27:28, 아무리 스포가 맞다고 해도 혜나가 염정아한테 저러는 건 이상하지 않나요? ,2975,4,0,0
2019-01-27 16:27:37.262807,13099835,11,0,2019-01-27 00:27:28, 아무리 스포가 맞다고 해도 혜나가 염정아한테 저러는 건 이상하지 않나요? ,2983,8,0,0
2019-01-27 17:27:29.277122,13099835,11,0,2019-01-27 00:27:28, 아무리 스포가 맞다고 해도 혜나가 염정아한테 저러는 건 이상하지 않나요? ,2989,6,0,0
2019-01-27 18:27:34.241133,13099835,11,0,2019-01-27 00:27:28, 아무리 스포가 맞다고 해도 혜나가 염정아한테 저러는 건 이상하지 않나요? ,2995,6,0,0
2019-01-27 19:27:39.288186,13099835,11,0,2019-01-27 00:27:28, 아무리 스포가 맞다고 해도 혜나가 염정아한테 저러는 건 이상하지 않나요? ,2998,3,0,0
2019-01-27 20:27:31.325554,13099835,11,0,2019-01-27 00:27:28, 아무리 스포가 맞다고 해도 혜나가 염정아한테 저러는 건 이상하지 않나요? ,3000,2,0,0
2019-01-27 21:27:36.374317,13099835,11,0,2019-01-27 00:27:28, 아무리 스포가 맞다고 해도 혜나가 염정아한테 저러는 건 이상하지 않나요? ,3006,6,0,0
2019-01-27 22:27:28.399051,13099835,11,0,2019-01-27 00:27:28, 아무리 스포가 맞다고 해도 혜나가 염정아한테 저러는 건 이상하지 않나요? ,3011,5,0,0
2019-01-27 23:27:33.833258,13099835,11,0,2019-01-27 00:27:28, 아무리 스포가 맞다고 해도 혜나가 염정아한테 저러는 건 이상하지 않나요? ,3015,4,0,0
2019-01-28 00:27:39.020052,13099835,11,0,2019-01-27 00:27:28, 아무리 스포가 맞다고 해도 혜나가 염정아한테 저러는 건 이상하지 않나요? ,3021,6,0,0
