check_time,id,post_reply,post_symph,post_time,post_title,post_view,post_view_diff,post_reply_diff,post_symph_diff
2019-01-28 01:02:13.900431,13102765,8,0,2019-01-28 00:02:05, 좀 있다 여친 잡으러 아니 모시러 나갑니다 ,1457,1457,8,0
2019-01-28 02:02:05.900408,13102765,8,0,2019-01-28 00:02:05, 좀 있다 여친 잡으러 아니 모시러 나갑니다 ,1700,243,0,0
2019-01-28 03:02:11.058801,13102765,8,0,2019-01-28 00:02:05, 좀 있다 여친 잡으러 아니 모시러 나갑니다 ,1791,91,0,0
2019-01-28 04:02:16.135262,13102765,8,0,2019-01-28 00:02:05, 좀 있다 여친 잡으러 아니 모시러 나갑니다 ,1822,31,0,0
2019-01-28 05:02:08.214974,13102765,8,0,2019-01-28 00:02:05, 좀 있다 여친 잡으러 아니 모시러 나갑니다 ,1861,39,0,0
2019-01-28 06:02:13.339516,13102765,8,0,2019-01-28 00:02:05, 좀 있다 여친 잡으러 아니 모시러 나갑니다 ,1899,38,0,0
2019-01-28 07:02:05.495808,13102765,8,0,2019-01-28 00:02:05, 좀 있다 여친 잡으러 아니 모시러 나갑니다 ,1971,72,0,0
2019-01-28 08:02:10.790475,13102765,8,0,2019-01-28 00:02:05, 좀 있다 여친 잡으러 아니 모시러 나갑니다 ,2068,97,0,0
2019-01-28 09:02:15.876211,13102765,8,0,2019-01-28 00:02:05, 좀 있다 여친 잡으러 아니 모시러 나갑니다 ,2137,69,0,0
2019-01-28 10:02:07.957795,13102765,8,0,2019-01-28 00:02:05, 좀 있다 여친 잡으러 아니 모시러 나갑니다 ,2169,32,0,0
2019-01-28 11:02:13.086713,13102765,8,0,2019-01-28 00:02:05, 좀 있다 여친 잡으러 아니 모시러 나갑니다 ,2193,24,0,0
2019-01-28 12:02:05.231582,13102765,8,0,2019-01-28 00:02:05, 좀 있다 여친 잡으러 아니 모시러 나갑니다 ,2205,12,0,0
2019-01-28 13:02:10.436688,13102765,8,0,2019-01-28 00:02:05, 좀 있다 여친 잡으러 아니 모시러 나갑니다 ,2212,7,0,0
2019-01-28 14:02:15.541228,13102765,8,0,2019-01-28 00:02:05, 좀 있다 여친 잡으러 아니 모시러 나갑니다 ,2224,12,0,0
2019-01-28 15:02:07.554545,13102765,8,0,2019-01-28 00:02:05, 좀 있다 여친 잡으러 아니 모시러 나갑니다 ,2228,4,0,0
2019-01-28 16:02:12.623529,13102765,8,0,2019-01-28 00:02:05, 좀 있다 여친 잡으러 아니 모시러 나갑니다 ,2241,13,0,0
2019-01-28 17:02:17.676791,13102765,8,0,2019-01-28 00:02:05, 좀 있다 여친 잡으러 아니 모시러 나갑니다 ,2246,5,0,0
2019-01-28 18:02:09.742712,13102765,8,0,2019-01-28 00:02:05, 좀 있다 여친 잡으러 아니 모시러 나갑니다 ,2250,4,0,0
2019-01-28 19:02:14.886717,13102765,8,0,2019-01-28 00:02:05, 좀 있다 여친 잡으러 아니 모시러 나갑니다 ,2252,2,0,0
2019-01-28 20:02:06.900497,13102765,8,0,2019-01-28 00:02:05, 좀 있다 여친 잡으러 아니 모시러 나갑니다 ,2253,1,0,0
2019-01-28 21:02:12.092417,13102765,8,0,2019-01-28 00:02:05, 좀 있다 여친 잡으러 아니 모시러 나갑니다 ,2255,2,0,0
2019-01-28 22:02:17.129919,13102765,8,0,2019-01-28 00:02:05, 좀 있다 여친 잡으러 아니 모시러 나갑니다 ,2257,2,0,0
2019-01-28 23:02:15.742479,13102765,8,0,2019-01-28 00:02:05, 좀 있다 여친 잡으러 아니 모시러 나갑니다 ,2258,1,0,0
2019-01-29 00:02:07.761913,13102765,8,0,2019-01-28 00:02:05, 좀 있다 여친 잡으러 아니 모시러 나갑니다 ,2259,1,0,0
