check_time,id,post_reply,post_symph,post_time,post_title,post_view,post_view_diff,post_reply_diff,post_symph_diff
2019-01-30 01:51:57.512466,13110370,1,1,2019-01-30 00:51:55, 축구) 추가골 쌤통이네요.. ,1409,1409,1,1
2019-01-30 02:52:02.643972,13110370,1,1,2019-01-30 00:51:55, 축구) 추가골 쌤통이네요.. ,1605,196,0,0
2019-01-30 03:52:07.793265,13110370,1,1,2019-01-30 00:51:55, 축구) 추가골 쌤통이네요.. ,1703,98,0,0
2019-01-30 04:51:59.893524,13110370,1,1,2019-01-30 00:51:55, 축구) 추가골 쌤통이네요.. ,1786,83,0,0
2019-01-30 05:52:04.995161,13110370,1,1,2019-01-30 00:51:55, 축구) 추가골 쌤통이네요.. ,1849,63,0,0
2019-01-30 06:51:57.105209,13110370,1,1,2019-01-30 00:51:55, 축구) 추가골 쌤통이네요.. ,1985,136,0,0
2019-01-30 07:52:02.137393,13110370,1,1,2019-01-30 00:51:55, 축구) 추가골 쌤통이네요.. ,2206,221,0,0
2019-01-30 08:52:07.160214,13110370,1,1,2019-01-30 00:51:55, 축구) 추가골 쌤통이네요.. ,2384,178,0,0
2019-01-30 09:51:59.417685,13110370,1,1,2019-01-30 00:51:55, 축구) 추가골 쌤통이네요.. ,2464,80,0,0
2019-01-30 10:52:04.520424,13110370,1,1,2019-01-30 00:51:55, 축구) 추가골 쌤통이네요.. ,2483,19,0,0
2019-01-30 11:51:56.547248,13110370,1,1,2019-01-30 00:51:55, 축구) 추가골 쌤통이네요.. ,2491,8,0,0
2019-01-30 12:52:01.558428,13110370,1,1,2019-01-30 00:51:55, 축구) 추가골 쌤통이네요.. ,2496,5,0,0
2019-01-30 13:52:06.597433,13110370,1,1,2019-01-30 00:51:55, 축구) 추가골 쌤통이네요.. ,2502,6,0,0
2019-01-30 14:51:58.623634,13110370,1,1,2019-01-30 00:51:55, 축구) 추가골 쌤통이네요.. ,2505,3,0,0
2019-01-30 15:52:03.693992,13110370,1,1,2019-01-30 00:51:55, 축구) 추가골 쌤통이네요.. ,2507,2,0,0
2019-01-30 16:51:55.853494,13110370,1,1,2019-01-30 00:51:55, 축구) 추가골 쌤통이네요.. ,2510,3,0,0
2019-01-30 17:52:00.860419,13110370,1,1,2019-01-30 00:51:55, 축구) 추가골 쌤통이네요.. ,2512,2,0,0
2019-01-30 18:52:05.852467,13110370,1,1,2019-01-30 00:51:55, 축구) 추가골 쌤통이네요.. ,2515,3,0,0
2019-01-30 19:51:57.821685,13110370,1,1,2019-01-30 00:51:55, 축구) 추가골 쌤통이네요.. ,2518,3,0,0
2019-01-30 20:52:03.988856,13110370,1,1,2019-01-30 00:51:55, 축구) 추가골 쌤통이네요.. ,2521,3,0,0
2019-01-30 21:51:57.347005,13110370,1,1,2019-01-30 00:51:55, 축구) 추가골 쌤통이네요.. ,2522,1,0,0
2019-01-30 22:52:02.822759,13110370,1,1,2019-01-30 00:51:55, 축구) 추가골 쌤통이네요.. ,2525,3,0,0
2019-01-30 23:51:55.570431,13110370,1,1,2019-01-30 00:51:55, 축구) 추가골 쌤통이네요.. ,2526,1,0,0
2019-01-31 00:52:00.931487,13110370,1,1,2019-01-30 00:51:55, 축구) 추가골 쌤통이네요.. ,2529,3,0,0
