check_time,id,post_reply,post_symph,post_time,post_title,post_view,post_view_diff,post_reply_diff,post_symph_diff
2019-01-30 01:01:51.850937,13110246,10,0,2019-01-30 00:01:42, 내일 KT인터넷해지합니다. ,1032,1032,10,0
2019-01-30 02:01:43.926932,13110246,11,0,2019-01-30 00:01:42, 내일 KT인터넷해지합니다. ,1168,136,1,0
2019-01-30 03:01:49.046459,13110246,11,0,2019-01-30 00:01:42, 내일 KT인터넷해지합니다. ,1221,53,0,0
2019-01-30 04:01:54.140808,13110246,11,0,2019-01-30 00:01:42, 내일 KT인터넷해지합니다. ,1250,29,0,0
2019-01-30 05:01:46.185842,13110246,11,0,2019-01-30 00:01:42, 내일 KT인터넷해지합니다. ,1278,28,0,0
2019-01-30 06:01:51.283726,13110246,11,0,2019-01-30 00:01:42, 내일 KT인터넷해지합니다. ,1305,27,0,0
2019-01-30 07:01:43.393700,13110246,11,0,2019-01-30 00:01:42, 내일 KT인터넷해지합니다. ,1335,30,0,0
2019-01-30 08:01:48.552107,13110246,11,0,2019-01-30 00:01:42, 내일 KT인터넷해지합니다. ,1376,41,0,0
2019-01-30 09:01:53.638511,13110246,11,0,2019-01-30 00:01:42, 내일 KT인터넷해지합니다. ,1418,42,0,0
2019-01-30 10:01:45.704305,13110246,11,0,2019-01-30 00:01:42, 내일 KT인터넷해지합니다. ,1440,22,0,0
2019-01-30 11:01:51.045310,13110246,11,0,2019-01-30 00:01:42, 내일 KT인터넷해지합니다. ,1463,23,0,0
2019-01-30 12:01:43.232770,13110246,11,0,2019-01-30 00:01:42, 내일 KT인터넷해지합니다. ,1467,4,0,0
2019-01-30 13:01:48.426509,13110246,11,0,2019-01-30 00:01:42, 내일 KT인터넷해지합니다. ,1475,8,0,0
2019-01-30 14:01:53.689701,13110246,11,0,2019-01-30 00:01:42, 내일 KT인터넷해지합니다. ,1481,6,0,0
2019-01-30 15:01:45.719854,13110246,12,0,2019-01-30 00:01:42, 내일 KT인터넷해지합니다. ,1485,4,1,0
2019-01-30 16:01:50.860067,13110246,12,0,2019-01-30 00:01:42, 내일 KT인터넷해지합니다. ,1489,4,0,0
2019-01-30 17:01:42.833915,13110246,12,0,2019-01-30 00:01:42, 내일 KT인터넷해지합니다. ,1492,3,0,0
2019-01-30 18:01:47.933567,13110246,12,0,2019-01-30 00:01:42, 내일 KT인터넷해지합니다. ,1494,2,0,0
2019-01-30 19:01:53.075772,13110246,12,0,2019-01-30 00:01:42, 내일 KT인터넷해지합니다. ,1498,4,0,0
2019-01-30 20:01:45.230193,13110246,12,0,2019-01-30 00:01:42, 내일 KT인터넷해지합니다. ,1501,3,0,0
2019-01-30 21:01:50.305945,13110246,12,0,2019-01-30 00:01:42, 내일 KT인터넷해지합니다. ,1504,3,0,0
2019-01-30 22:01:42.348803,13110246,12,0,2019-01-30 00:01:42, 내일 KT인터넷해지합니다. ,1505,1,0,0
2019-01-30 23:01:47.390433,13110246,12,0,2019-01-30 00:01:42, 내일 KT인터넷해지합니다. ,1508,3,0,0
2019-01-31 00:01:52.490639,13110246,12,0,2019-01-30 00:01:42, 내일 KT인터넷해지합니다. ,1512,4,0,0
