check_time,id,post_reply,post_symph,post_time,post_title,post_view,post_view_diff,post_reply_diff,post_symph_diff
2019-01-28 01:17:13.926343,13102825,6,0,2019-01-28 00:17:07, 템퍼 매트리스 알아보다 결국 삼분의일 매트리스로 질렀습니다 ,1074,1074,6,0
2019-01-28 02:17:18.998727,13102825,6,0,2019-01-28 00:17:07, 템퍼 매트리스 알아보다 결국 삼분의일 매트리스로 질렀습니다 ,1232,158,0,0
2019-01-28 03:17:11.003893,13102825,6,0,2019-01-28 00:17:07, 템퍼 매트리스 알아보다 결국 삼분의일 매트리스로 질렀습니다 ,1294,62,0,0
2019-01-28 04:17:16.059346,13102825,6,0,2019-01-28 00:17:07, 템퍼 매트리스 알아보다 결국 삼분의일 매트리스로 질렀습니다 ,1325,31,0,0
2019-01-28 05:17:08.057290,13102825,6,0,2019-01-28 00:17:07, 템퍼 매트리스 알아보다 결국 삼분의일 매트리스로 질렀습니다 ,1352,27,0,0
2019-01-28 06:17:13.071098,13102825,6,0,2019-01-28 00:17:07, 템퍼 매트리스 알아보다 결국 삼분의일 매트리스로 질렀습니다 ,1387,35,0,0
2019-01-28 07:17:18.046434,13102825,6,0,2019-01-28 00:17:07, 템퍼 매트리스 알아보다 결국 삼분의일 매트리스로 질렀습니다 ,1453,66,0,0
2019-01-28 08:17:09.991927,13102825,6,0,2019-01-28 00:17:07, 템퍼 매트리스 알아보다 결국 삼분의일 매트리스로 질렀습니다 ,1540,87,0,0
2019-01-28 09:17:15.018767,13102825,6,0,2019-01-28 00:17:07, 템퍼 매트리스 알아보다 결국 삼분의일 매트리스로 질렀습니다 ,1587,47,0,0
2019-01-28 10:17:07.605837,13102825,6,0,2019-01-28 00:17:07, 템퍼 매트리스 알아보다 결국 삼분의일 매트리스로 질렀습니다 ,1606,19,0,0
2019-01-28 11:17:12.805729,13102825,6,0,2019-01-28 00:17:07, 템퍼 매트리스 알아보다 결국 삼분의일 매트리스로 질렀습니다 ,1613,7,0,0
2019-01-28 12:17:17.966315,13102825,6,0,2019-01-28 00:17:07, 템퍼 매트리스 알아보다 결국 삼분의일 매트리스로 질렀습니다 ,1620,7,0,0
2019-01-28 13:17:10.477557,13102825,6,0,2019-01-28 00:17:07, 템퍼 매트리스 알아보다 결국 삼분의일 매트리스로 질렀습니다 ,1625,5,0,0
2019-01-28 14:17:15.574901,13102825,6,0,2019-01-28 00:17:07, 템퍼 매트리스 알아보다 결국 삼분의일 매트리스로 질렀습니다 ,1626,1,0,0
2019-01-28 15:17:08.342679,13102825,6,0,2019-01-28 00:17:07, 템퍼 매트리스 알아보다 결국 삼분의일 매트리스로 질렀습니다 ,1627,1,0,0
2019-01-28 16:17:13.450815,13102825,6,0,2019-01-28 00:17:07, 템퍼 매트리스 알아보다 결국 삼분의일 매트리스로 질렀습니다 ,1629,2,0,0
2019-01-28 17:17:18.496182,13102825,6,0,2019-01-28 00:17:07, 템퍼 매트리스 알아보다 결국 삼분의일 매트리스로 질렀습니다 ,1638,9,0,0
2019-01-28 18:17:11.228489,13102825,6,0,2019-01-28 00:17:07, 템퍼 매트리스 알아보다 결국 삼분의일 매트리스로 질렀습니다 ,1643,5,0,0
2019-01-28 19:17:16.357880,13102825,6,0,2019-01-28 00:17:07, 템퍼 매트리스 알아보다 결국 삼분의일 매트리스로 질렀습니다 ,1648,5,0,0
2019-01-28 20:17:08.975763,13102825,6,0,2019-01-28 00:17:07, 템퍼 매트리스 알아보다 결국 삼분의일 매트리스로 질렀습니다 ,1651,3,0,0
2019-01-28 21:17:14.160613,13102825,6,0,2019-01-28 00:17:07, 템퍼 매트리스 알아보다 결국 삼분의일 매트리스로 질렀습니다 ,1653,2,0,0
2019-01-28 22:17:19.348765,13102825,6,0,2019-01-28 00:17:07, 템퍼 매트리스 알아보다 결국 삼분의일 매트리스로 질렀습니다 ,1655,2,0,0
2019-01-28 23:17:11.437967,13102825,6,0,2019-01-28 00:17:07, 템퍼 매트리스 알아보다 결국 삼분의일 매트리스로 질렀습니다 ,1657,2,0,0
2019-01-29 00:17:16.570000,13102825,6,0,2019-01-28 00:17:07, 템퍼 매트리스 알아보다 결국 삼분의일 매트리스로 질렀습니다 ,1661,4,0,0
