check_time,id,post_reply,post_symph,post_time,post_title,post_view,post_view_diff,post_reply_diff,post_symph_diff
2019-01-28 01:31:15.393498,13102887,20,0,2019-01-28 00:31:14, 다들 행복하신가요 ,662,662,20,0
2019-01-28 02:31:20.380269,13102887,22,0,2019-01-28 00:31:14, 다들 행복하신가요 ,744,82,2,0
2019-01-28 03:31:25.376267,13102887,22,0,2019-01-28 00:31:14, 다들 행복하신가요 ,797,53,0,0
2019-01-28 04:31:17.449607,13102887,22,0,2019-01-28 00:31:14, 다들 행복하신가요 ,821,24,0,0
2019-01-28 05:31:22.562983,13102887,22,0,2019-01-28 00:31:14, 다들 행복하신가요 ,844,23,0,0
2019-01-28 06:31:14.641445,13102887,22,0,2019-01-28 00:31:14, 다들 행복하신가요 ,870,26,0,0
2019-01-28 07:31:19.817134,13102887,22,0,2019-01-28 00:31:14, 다들 행복하신가요 ,927,57,0,0
2019-01-28 08:31:24.906127,13102887,22,0,2019-01-28 00:31:14, 다들 행복하신가요 ,973,46,0,0
2019-01-28 09:31:16.912400,13102887,22,0,2019-01-28 00:31:14, 다들 행복하신가요 ,1000,27,0,0
2019-01-28 10:31:21.938337,13102887,22,0,2019-01-28 00:31:14, 다들 행복하신가요 ,1019,19,0,0
2019-01-28 11:31:27.011650,13102887,22,0,2019-01-28 00:31:14, 다들 행복하신가요 ,1033,14,0,0
2019-01-28 12:31:19.230729,13102887,22,0,2019-01-28 00:31:14, 다들 행복하신가요 ,1042,9,0,0
2019-01-28 13:31:24.281261,13102887,22,0,2019-01-28 00:31:14, 다들 행복하신가요 ,1047,5,0,0
2019-01-28 14:31:16.317081,13102887,22,0,2019-01-28 00:31:14, 다들 행복하신가요 ,1050,3,0,0
2019-01-28 15:31:21.347181,13102887,22,0,2019-01-28 00:31:14, 다들 행복하신가요 ,1051,1,0,0
2019-01-28 16:31:26.403050,13102887,22,0,2019-01-28 00:31:14, 다들 행복하신가요 ,1052,1,0,0
2019-01-28 17:31:18.489758,13102887,22,0,2019-01-28 00:31:14, 다들 행복하신가요 ,1053,1,0,0
2019-01-28 18:31:23.575959,13102887,22,0,2019-01-28 00:31:14, 다들 행복하신가요 ,1059,6,0,0
2019-01-28 19:31:15.688482,13102887,22,0,2019-01-28 00:31:14, 다들 행복하신가요 ,1063,4,0,0
2019-01-28 20:31:20.800667,13102887,22,0,2019-01-28 00:31:14, 다들 행복하신가요 ,1067,4,0,0
2019-01-28 21:31:25.867478,13102887,22,0,2019-01-28 00:31:14, 다들 행복하신가요 ,1069,2,0,0
2019-01-28 22:31:17.930270,13102887,22,0,2019-01-28 00:31:14, 다들 행복하신가요 ,1070,1,0,0
2019-01-28 23:31:22.947065,13102887,22,0,2019-01-28 00:31:14, 다들 행복하신가요 ,1073,3,0,0
2019-01-29 00:31:14.870057,13102887,22,0,2019-01-28 00:31:14, 다들 행복하신가요 ,1074,1,0,0
