check_time,id,post_reply,post_symph,post_time,post_title,post_view,post_view_diff,post_reply_diff,post_symph_diff
2019-01-24 01:27:04.244791,13087495,0,2,2019-01-24 00:27:04, [아이즈원] 혹시 못보신 분도 있을수 있는 프듀 메보작댕 ,433,433,0,2
2019-01-24 02:27:09.353549,13087495,0,3,2019-01-24 00:27:04, [아이즈원] 혹시 못보신 분도 있을수 있는 프듀 메보작댕 ,499,66,0,1
2019-01-24 03:27:14.642223,13087495,0,3,2019-01-24 00:27:04, [아이즈원] 혹시 못보신 분도 있을수 있는 프듀 메보작댕 ,534,35,0,0
2019-01-24 04:27:06.657405,13087495,1,4,2019-01-24 00:27:04, [아이즈원] 혹시 못보신 분도 있을수 있는 프듀 메보작댕 ,556,22,1,1
2019-01-24 05:27:11.995953,13087495,1,4,2019-01-24 00:27:04, [아이즈원] 혹시 못보신 분도 있을수 있는 프듀 메보작댕 ,575,19,0,0
2019-01-24 06:27:04.009523,13087495,1,4,2019-01-24 00:27:04, [아이즈원] 혹시 못보신 분도 있을수 있는 프듀 메보작댕 ,592,17,0,0
2019-01-24 07:27:09.107273,13087495,1,4,2019-01-24 00:27:04, [아이즈원] 혹시 못보신 분도 있을수 있는 프듀 메보작댕 ,632,40,0,0
2019-01-24 08:27:14.096194,13087495,1,4,2019-01-24 00:27:04, [아이즈원] 혹시 못보신 분도 있을수 있는 프듀 메보작댕 ,672,40,0,0
2019-01-24 09:27:06.930428,13087495,1,4,2019-01-24 00:27:04, [아이즈원] 혹시 못보신 분도 있을수 있는 프듀 메보작댕 ,704,32,0,0
2019-01-24 10:27:12.062292,13087495,1,4,2019-01-24 00:27:04, [아이즈원] 혹시 못보신 분도 있을수 있는 프듀 메보작댕 ,729,25,0,0
2019-01-24 11:27:04.405271,13087495,1,4,2019-01-24 00:27:04, [아이즈원] 혹시 못보신 분도 있을수 있는 프듀 메보작댕 ,747,18,0,0
2019-01-24 12:27:09.760481,13087495,1,4,2019-01-24 00:27:04, [아이즈원] 혹시 못보신 분도 있을수 있는 프듀 메보작댕 ,755,8,0,0
2019-01-24 13:27:14.859921,13087495,1,4,2019-01-24 00:27:04, [아이즈원] 혹시 못보신 분도 있을수 있는 프듀 메보작댕 ,763,8,0,0
2019-01-24 14:27:06.940278,13087495,1,4,2019-01-24 00:27:04, [아이즈원] 혹시 못보신 분도 있을수 있는 프듀 메보작댕 ,766,3,0,0
2019-01-24 15:27:12.176793,13087495,1,4,2019-01-24 00:27:04, [아이즈원] 혹시 못보신 분도 있을수 있는 프듀 메보작댕 ,772,6,0,0
2019-01-24 16:27:04.285338,13087495,1,4,2019-01-24 00:27:04, [아이즈원] 혹시 못보신 분도 있을수 있는 프듀 메보작댕 ,775,3,0,0
2019-01-24 17:27:09.467861,13087495,1,5,2019-01-24 00:27:04, [아이즈원] 혹시 못보신 분도 있을수 있는 프듀 메보작댕 ,782,7,0,1
2019-01-24 18:27:14.602659,13087495,1,5,2019-01-24 00:27:04, [아이즈원] 혹시 못보신 분도 있을수 있는 프듀 메보작댕 ,786,4,0,0
2019-01-24 19:27:06.678254,13087495,1,5,2019-01-24 00:27:04, [아이즈원] 혹시 못보신 분도 있을수 있는 프듀 메보작댕 ,792,6,0,0
2019-01-24 20:27:11.788321,13087495,1,5,2019-01-24 00:27:04, [아이즈원] 혹시 못보신 분도 있을수 있는 프듀 메보작댕 ,797,5,0,0
2019-01-24 21:27:16.930302,13087495,1,5,2019-01-24 00:27:04, [아이즈원] 혹시 못보신 분도 있을수 있는 프듀 메보작댕 ,799,2,0,0
2019-01-24 22:27:09.301157,13087495,1,5,2019-01-24 00:27:04, [아이즈원] 혹시 못보신 분도 있을수 있는 프듀 메보작댕 ,803,4,0,0
2019-01-24 23:27:14.319832,13087495,1,5,2019-01-24 00:27:04, [아이즈원] 혹시 못보신 분도 있을수 있는 프듀 메보작댕 ,809,6,0,0
2019-01-25 00:27:06.373643,13087495,1,5,2019-01-24 00:27:04, [아이즈원] 혹시 못보신 분도 있을수 있는 프듀 메보작댕 ,816,7,0,0
