check_time,id,post_reply,post_symph,post_time,post_title,post_view,post_view_diff,post_reply_diff,post_symph_diff
2019-01-25 01:51:36.005233,13091956,6,0,2019-01-25 00:51:35, J와 K의 진실공방 ,670,670,6,0
2019-01-25 02:51:41.256582,13091956,6,0,2019-01-25 00:51:35, J와 K의 진실공방 ,725,55,0,0
2019-01-25 03:51:46.343300,13091956,6,0,2019-01-25 00:51:35, J와 K의 진실공방 ,744,19,0,0
2019-01-25 04:51:38.392000,13091956,6,0,2019-01-25 00:51:35, J와 K의 진실공방 ,756,12,0,0
2019-01-25 05:51:43.396644,13091956,6,0,2019-01-25 00:51:35, J와 K의 진실공방 ,771,15,0,0
2019-01-25 06:51:36.417124,13091956,6,0,2019-01-25 00:51:35, J와 K의 진실공방 ,792,21,0,0
2019-01-25 07:51:41.529659,13091956,6,0,2019-01-25 00:51:35, J와 K의 진실공방 ,817,25,0,0
2019-01-25 08:51:46.696985,13091956,6,0,2019-01-25 00:51:35, J와 K의 진실공방 ,839,22,0,0
2019-01-25 09:51:38.758730,13091956,6,0,2019-01-25 00:51:35, J와 K의 진실공방 ,852,13,0,0
2019-01-25 10:51:43.886065,13091956,6,0,2019-01-25 00:51:35, J와 K의 진실공방 ,861,9,0,0
2019-01-25 11:51:35.987360,13091956,6,0,2019-01-25 00:51:35, J와 K의 진실공방 ,870,9,0,0
2019-01-25 12:51:41.077621,13091956,6,0,2019-01-25 00:51:35, J와 K의 진실공방 ,873,3,0,0
2019-01-25 13:51:46.137113,13091956,6,0,2019-01-25 00:51:35, J와 K의 진실공방 ,876,3,0,0
2019-01-25 14:51:38.282096,13091956,6,0,2019-01-25 00:51:35, J와 K의 진실공방 ,877,1,0,0
2019-01-25 15:51:43.398778,13091956,6,0,2019-01-25 00:51:35, J와 K의 진실공방 ,878,1,0,0
2019-01-25 16:51:35.478546,13091956,6,0,2019-01-25 00:51:35, J와 K의 진실공방 ,881,3,0,0
2019-01-25 17:51:40.561748,13091956,6,0,2019-01-25 00:51:35, J와 K의 진실공방 ,882,1,0,0
2019-01-25 18:51:45.602593,13091956,6,0,2019-01-25 00:51:35, J와 K의 진실공방 ,884,2,0,0
2019-01-25 19:51:37.772220,13091956,6,0,2019-01-25 00:51:35, J와 K의 진실공방 ,886,2,0,0
2019-01-25 20:51:42.932122,13091956,6,0,2019-01-25 00:51:35, J와 K의 진실공방 ,887,1,0,0
2019-01-25 21:51:37.658536,13091956,6,0,2019-01-25 00:51:35, J와 K의 진실공방 ,889,2,0,0
2019-01-25 22:51:42.786493,13091956,6,0,2019-01-25 00:51:35, J와 K의 진실공방 ,891,2,0,0
2019-01-25 23:51:35.025212,13091956,6,0,2019-01-25 00:51:35, J와 K의 진실공방 ,892,1,0,0
2019-01-26 00:51:40.319751,13091956,6,0,2019-01-25 00:51:35, J와 K의 진실공방 ,893,1,0,0
