check_time,id,post_reply,post_symph,post_time,post_title,post_view,post_view_diff,post_reply_diff,post_symph_diff
2019-01-25 01:31:48.650623,13091907,9,0,2019-01-25 00:31:47, 절재절명의 장대높이뛰기 사고.gif ,3311,3311,9,0
2019-01-25 02:31:53.676365,13091907,9,0,2019-01-25 00:31:47, 절재절명의 장대높이뛰기 사고.gif ,3684,373,0,0
2019-01-25 03:31:58.755902,13091907,9,0,2019-01-25 00:31:47, 절재절명의 장대높이뛰기 사고.gif ,3915,231,0,0
2019-01-25 04:31:51.071086,13091907,9,0,2019-01-25 00:31:47, 절재절명의 장대높이뛰기 사고.gif ,4051,136,0,0
2019-01-25 05:31:56.110402,13091907,9,0,2019-01-25 00:31:47, 절재절명의 장대높이뛰기 사고.gif ,4149,98,0,0
2019-01-25 06:31:48.138111,13091907,9,0,2019-01-25 00:31:47, 절재절명의 장대높이뛰기 사고.gif ,4334,185,0,0
2019-01-25 07:31:53.415950,13091907,9,0,2019-01-25 00:31:47, 절재절명의 장대높이뛰기 사고.gif ,4669,335,0,0
2019-01-25 08:31:58.466657,13091907,9,0,2019-01-25 00:31:47, 절재절명의 장대높이뛰기 사고.gif ,5027,358,0,0
2019-01-25 09:31:50.525240,13091907,9,0,2019-01-25 00:31:47, 절재절명의 장대높이뛰기 사고.gif ,5207,180,0,0
2019-01-25 10:31:55.795019,13091907,9,0,2019-01-25 00:31:47, 절재절명의 장대높이뛰기 사고.gif ,5299,92,0,0
2019-01-25 11:31:47.918109,13091907,9,0,2019-01-25 00:31:47, 절재절명의 장대높이뛰기 사고.gif ,5368,69,0,0
2019-01-25 12:31:53.047633,13091907,9,0,2019-01-25 00:31:47, 절재절명의 장대높이뛰기 사고.gif ,5419,51,0,0
2019-01-25 13:31:58.244952,13091907,9,0,2019-01-25 00:31:47, 절재절명의 장대높이뛰기 사고.gif ,5448,29,0,0
2019-01-25 14:31:50.289417,13091907,9,0,2019-01-25 00:31:47, 절재절명의 장대높이뛰기 사고.gif ,5470,22,0,0
2019-01-25 15:31:55.585072,13091907,9,0,2019-01-25 00:31:47, 절재절명의 장대높이뛰기 사고.gif ,5486,16,0,0
2019-01-25 16:31:47.641000,13091907,9,0,2019-01-25 00:31:47, 절재절명의 장대높이뛰기 사고.gif ,5490,4,0,0
2019-01-25 17:31:52.704035,13091907,9,0,2019-01-25 00:31:47, 절재절명의 장대높이뛰기 사고.gif ,5500,10,0,0
2019-01-25 18:31:57.769196,13091907,9,0,2019-01-25 00:31:47, 절재절명의 장대높이뛰기 사고.gif ,5505,5,0,0
2019-01-25 19:31:49.838326,13091907,9,0,2019-01-25 00:31:47, 절재절명의 장대높이뛰기 사고.gif ,5511,6,0,0
2019-01-25 20:31:55.025084,13091907,9,0,2019-01-25 00:31:47, 절재절명의 장대높이뛰기 사고.gif ,5514,3,0,0
2019-01-25 21:31:47.201238,13091907,9,0,2019-01-25 00:31:47, 절재절명의 장대높이뛰기 사고.gif ,5517,3,0,0
2019-01-25 22:31:52.770499,13091907,9,0,2019-01-25 00:31:47, 절재절명의 장대높이뛰기 사고.gif ,5520,3,0,0
2019-01-25 23:31:57.953458,13091907,9,0,2019-01-25 00:31:47, 절재절명의 장대높이뛰기 사고.gif ,5526,6,0,0
2019-01-26 00:31:50.020798,13091907,9,0,2019-01-25 00:31:47, 절재절명의 장대높이뛰기 사고.gif ,5529,3,0,0
