check_time,id,post_reply,post_symph,post_time,post_title,post_view,post_view_diff,post_reply_diff,post_symph_diff
2019-01-27 01:47:13.224509,13099939,13,0,2019-01-27 00:47:09, 구형 플스4 있는데 대란 첫날 또 프로 영입..결국 욕심인가 ,1439,1439,13,0
2019-01-27 02:47:18.323337,13099939,14,0,2019-01-27 00:47:09, 구형 플스4 있는데 대란 첫날 또 프로 영입..결국 욕심인가 ,1643,204,1,0
2019-01-27 03:47:10.439599,13099939,14,0,2019-01-27 00:47:09, 구형 플스4 있는데 대란 첫날 또 프로 영입..결국 욕심인가 ,1735,92,0,0
2019-01-27 04:47:15.553058,13099939,14,0,2019-01-27 00:47:09, 구형 플스4 있는데 대란 첫날 또 프로 영입..결국 욕심인가 ,1774,39,0,0
2019-01-27 05:47:20.657477,13099939,14,0,2019-01-27 00:47:09, 구형 플스4 있는데 대란 첫날 또 프로 영입..결국 욕심인가 ,1806,32,0,0
2019-01-27 06:47:13.117713,13099939,14,0,2019-01-27 00:47:09, 구형 플스4 있는데 대란 첫날 또 프로 영입..결국 욕심인가 ,1867,61,0,0
2019-01-27 07:47:18.353075,13099939,14,0,2019-01-27 00:47:09, 구형 플스4 있는데 대란 첫날 또 프로 영입..결국 욕심인가 ,1941,74,0,0
2019-01-27 08:47:10.778875,13099939,14,0,2019-01-27 00:47:09, 구형 플스4 있는데 대란 첫날 또 프로 영입..결국 욕심인가 ,2059,118,0,0
2019-01-27 09:47:15.910699,13099939,14,0,2019-01-27 00:47:09, 구형 플스4 있는데 대란 첫날 또 프로 영입..결국 욕심인가 ,2157,98,0,0
2019-01-27 10:47:21.028881,13099939,14,0,2019-01-27 00:47:09, 구형 플스4 있는데 대란 첫날 또 프로 영입..결국 욕심인가 ,2229,72,0,0
2019-01-27 11:47:13.418694,13099939,14,0,2019-01-27 00:47:09, 구형 플스4 있는데 대란 첫날 또 프로 영입..결국 욕심인가 ,2272,43,0,0
2019-01-27 12:47:18.568951,13099939,14,0,2019-01-27 00:47:09, 구형 플스4 있는데 대란 첫날 또 프로 영입..결국 욕심인가 ,2303,31,0,0
2019-01-27 13:47:10.687949,13099939,14,0,2019-01-27 00:47:09, 구형 플스4 있는데 대란 첫날 또 프로 영입..결국 욕심인가 ,2329,26,0,0
2019-01-27 14:47:15.716244,13099939,14,0,2019-01-27 00:47:09, 구형 플스4 있는데 대란 첫날 또 프로 영입..결국 욕심인가 ,2348,19,0,0
2019-01-27 15:47:20.860273,13099939,14,0,2019-01-27 00:47:09, 구형 플스4 있는데 대란 첫날 또 프로 영입..결국 욕심인가 ,2354,6,0,0
2019-01-27 16:47:12.886457,13099939,14,0,2019-01-27 00:47:09, 구형 플스4 있는데 대란 첫날 또 프로 영입..결국 욕심인가 ,2368,14,0,0
2019-01-27 17:47:17.953383,13099939,14,0,2019-01-27 00:47:09, 구형 플스4 있는데 대란 첫날 또 프로 영입..결국 욕심인가 ,2376,8,0,0
2019-01-27 18:47:09.974989,13099939,14,0,2019-01-27 00:47:09, 구형 플스4 있는데 대란 첫날 또 프로 영입..결국 욕심인가 ,2382,6,0,0
2019-01-27 19:47:14.963244,13099939,14,0,2019-01-27 00:47:09, 구형 플스4 있는데 대란 첫날 또 프로 영입..결국 욕심인가 ,2388,6,0,0
2019-01-27 20:47:20.047233,13099939,14,0,2019-01-27 00:47:09, 구형 플스4 있는데 대란 첫날 또 프로 영입..결국 욕심인가 ,2395,7,0,0
2019-01-27 21:47:12.170695,13099939,14,0,2019-01-27 00:47:09, 구형 플스4 있는데 대란 첫날 또 프로 영입..결국 욕심인가 ,2402,7,0,0
2019-01-27 22:47:17.240903,13099939,14,0,2019-01-27 00:47:09, 구형 플스4 있는데 대란 첫날 또 프로 영입..결국 욕심인가 ,2409,7,0,0
2019-01-27 23:47:09.433487,13099939,14,0,2019-01-27 00:47:09, 구형 플스4 있는데 대란 첫날 또 프로 영입..결국 욕심인가 ,2417,8,0,0
2019-01-28 00:47:14.639234,13099939,14,0,2019-01-27 00:47:09, 구형 플스4 있는데 대란 첫날 또 프로 영입..결국 욕심인가 ,2423,6,0,0
