check_time,id,post_reply,post_symph,post_time,post_title,post_view,post_view_diff,post_reply_diff,post_symph_diff
2019-01-29 01:16:16.133163,13106666,0,0,2019-01-29 00:16:13, Organic dog shelter -_- ,570,570,0,0
2019-01-29 02:16:21.294225,13106666,0,0,2019-01-29 00:16:13, Organic dog shelter -_- ,618,48,0,0
2019-01-29 03:16:13.431547,13106666,0,0,2019-01-29 00:16:13, Organic dog shelter -_- ,635,17,0,0
2019-01-29 04:16:18.494460,13106666,0,0,2019-01-29 00:16:13, Organic dog shelter -_- ,643,8,0,0
2019-01-29 05:16:23.677257,13106666,0,0,2019-01-29 00:16:13, Organic dog shelter -_- ,653,10,0,0
2019-01-29 06:16:15.873389,13106666,0,0,2019-01-29 00:16:13, Organic dog shelter -_- ,672,19,0,0
2019-01-29 07:16:21.070726,13106666,0,0,2019-01-29 00:16:13, Organic dog shelter -_- ,699,27,0,0
2019-01-29 08:16:13.165640,13106666,0,0,2019-01-29 00:16:13, Organic dog shelter -_- ,733,34,0,0
2019-01-29 09:16:18.296956,13106666,0,0,2019-01-29 00:16:13, Organic dog shelter -_- ,768,35,0,0
2019-01-29 10:16:23.480927,13106666,0,0,2019-01-29 00:16:13, Organic dog shelter -_- ,779,11,0,0
2019-01-29 11:16:15.610496,13106666,0,0,2019-01-29 00:16:13, Organic dog shelter -_- ,781,2,0,0
2019-01-29 12:16:20.681016,13106666,0,0,2019-01-29 00:16:13, Organic dog shelter -_- ,790,9,0,0
2019-01-29 13:16:25.739660,13106666,0,0,2019-01-29 00:16:13, Organic dog shelter -_- ,793,3,0,0
2019-01-29 14:16:18.056703,13106666,0,0,2019-01-29 00:16:13, Organic dog shelter -_- ,795,2,0,0
2019-01-29 15:16:23.107026,13106666,0,0,2019-01-29 00:16:13, Organic dog shelter -_- ,798,3,0,0
2019-01-29 16:16:15.123337,13106666,0,0,2019-01-29 00:16:13, Organic dog shelter -_- ,798,0,0,0
2019-01-29 17:16:20.136640,13106666,0,0,2019-01-29 00:16:13, Organic dog shelter -_- ,799,1,0,0
2019-01-29 18:16:25.478240,13106666,0,0,2019-01-29 00:16:13, Organic dog shelter -_- ,802,3,0,0
2019-01-29 19:16:17.873023,13106666,0,0,2019-01-29 00:16:13, Organic dog shelter -_- ,804,2,0,0
2019-01-29 20:16:23.002682,13106666,0,0,2019-01-29 00:16:13, Organic dog shelter -_- ,805,1,0,0
2019-01-29 21:16:15.299238,13106666,0,0,2019-01-29 00:16:13, Organic dog shelter -_- ,807,2,0,0
2019-01-29 22:16:20.427640,13106666,0,0,2019-01-29 00:16:13, Organic dog shelter -_- ,809,2,0,0
2019-01-29 23:16:25.507289,13106666,0,0,2019-01-29 00:16:13, Organic dog shelter -_- ,809,0,0,0
2019-01-30 00:16:17.557387,13106666,0,0,2019-01-29 00:16:13, Organic dog shelter -_- ,810,1,0,0
