check_time,id,post_reply,post_symph,post_time,post_title,post_view,post_view_diff,post_reply_diff,post_symph_diff
2019-01-24 01:31:39.392712,13087515,4,0,2019-01-24 00:31:37, 뒤늦게보고 도전했으나 실패... ,584,584,4,0
2019-01-24 02:31:44.402669,13087515,4,0,2019-01-24 00:31:37, 뒤늦게보고 도전했으나 실패... ,612,28,0,0
2019-01-24 03:31:49.410546,13087515,4,0,2019-01-24 00:31:37, 뒤늦게보고 도전했으나 실패... ,621,9,0,0
2019-01-24 04:31:41.390379,13087515,4,0,2019-01-24 00:31:37, 뒤늦게보고 도전했으나 실패... ,625,4,0,0
2019-01-24 05:31:46.383942,13087515,4,0,2019-01-24 00:31:37, 뒤늦게보고 도전했으나 실패... ,631,6,0,0
2019-01-24 06:31:38.390545,13087515,4,0,2019-01-24 00:31:37, 뒤늦게보고 도전했으나 실패... ,640,9,0,0
2019-01-24 07:31:43.610371,13087515,4,0,2019-01-24 00:31:37, 뒤늦게보고 도전했으나 실패... ,653,13,0,0
2019-01-24 08:31:48.640496,13087515,4,0,2019-01-24 00:31:37, 뒤늦게보고 도전했으나 실패... ,670,17,0,0
2019-01-24 09:31:40.640333,13087515,4,0,2019-01-24 00:31:37, 뒤늦게보고 도전했으나 실패... ,674,4,0,0
2019-01-24 10:31:45.796751,13087515,4,0,2019-01-24 00:31:37, 뒤늦게보고 도전했으나 실패... ,677,3,0,0
2019-01-24 11:31:37.906743,13087515,4,0,2019-01-24 00:31:37, 뒤늦게보고 도전했으나 실패... ,677,0,0,0
2019-01-24 12:31:42.987008,13087515,4,0,2019-01-24 00:31:37, 뒤늦게보고 도전했으나 실패... ,680,3,0,0
2019-01-24 13:31:48.060705,13087515,4,0,2019-01-24 00:31:37, 뒤늦게보고 도전했으나 실패... ,682,2,0,0
2019-01-24 14:31:40.186961,13087515,4,0,2019-01-24 00:31:37, 뒤늦게보고 도전했으나 실패... ,684,2,0,0
2019-01-24 15:31:45.330874,13087515,4,0,2019-01-24 00:31:37, 뒤늦게보고 도전했으나 실패... ,686,2,0,0
2019-01-24 16:31:37.443906,13087515,4,0,2019-01-24 00:31:37, 뒤늦게보고 도전했으나 실패... ,686,0,0,0
2019-01-24 17:31:42.518464,13087515,4,0,2019-01-24 00:31:37, 뒤늦게보고 도전했으나 실패... ,688,2,0,0
2019-01-24 18:31:47.544380,13087515,4,0,2019-01-24 00:31:37, 뒤늦게보고 도전했으나 실패... ,691,3,0,0
2019-01-24 19:31:39.577249,13087515,4,0,2019-01-24 00:31:37, 뒤늦게보고 도전했으나 실패... ,691,0,0,0
2019-01-24 20:31:44.959273,13087515,4,0,2019-01-24 00:31:37, 뒤늦게보고 도전했으나 실패... ,695,4,0,0
2019-01-24 21:31:37.088853,13087515,4,0,2019-01-24 00:31:37, 뒤늦게보고 도전했으나 실패... ,696,1,0,0
2019-01-24 22:31:42.193879,13087515,4,0,2019-01-24 00:31:37, 뒤늦게보고 도전했으나 실패... ,698,2,0,0
2019-01-24 23:31:48.759093,13087515,4,0,2019-01-24 00:31:37, 뒤늦게보고 도전했으나 실패... ,701,3,0,0
2019-01-25 00:31:40.889549,13087515,4,0,2019-01-24 00:31:37, 뒤늦게보고 도전했으나 실패... ,702,1,0,0
