check_time,id,post_reply,post_symph,post_time,post_title,post_view,post_view_diff,post_reply_diff,post_symph_diff
2019-01-24 01:11:39.315944,13087441,4,0,2019-01-24 00:11:35, ps4 프로 11번가에서 해피머니로 질렀네요 ,1245,1245,4,0
2019-01-24 02:11:44.450950,13087441,4,0,2019-01-24 00:11:35, ps4 프로 11번가에서 해피머니로 질렀네요 ,1296,51,0,0
2019-01-24 03:11:36.547257,13087441,4,0,2019-01-24 00:11:35, ps4 프로 11번가에서 해피머니로 질렀네요 ,1325,29,0,0
2019-01-24 04:11:41.586725,13087441,4,0,2019-01-24 00:11:35, ps4 프로 11번가에서 해피머니로 질렀네요 ,1339,14,0,0
2019-01-24 05:11:46.643367,13087441,4,0,2019-01-24 00:11:35, ps4 프로 11번가에서 해피머니로 질렀네요 ,1350,11,0,0
2019-01-24 06:11:38.709475,13087441,4,0,2019-01-24 00:11:35, ps4 프로 11번가에서 해피머니로 질렀네요 ,1368,18,0,0
2019-01-24 07:11:43.806059,13087441,4,0,2019-01-24 00:11:35, ps4 프로 11번가에서 해피머니로 질렀네요 ,1389,21,0,0
2019-01-24 08:11:35.892734,13087441,4,0,2019-01-24 00:11:35, ps4 프로 11번가에서 해피머니로 질렀네요 ,1410,21,0,0
2019-01-24 09:11:41.067763,13087441,4,0,2019-01-24 00:11:35, ps4 프로 11번가에서 해피머니로 질렀네요 ,1428,18,0,0
2019-01-24 10:11:46.220313,13087441,4,0,2019-01-24 00:11:35, ps4 프로 11번가에서 해피머니로 질렀네요 ,1444,16,0,0
2019-01-24 11:11:38.298136,13087441,4,0,2019-01-24 00:11:35, ps4 프로 11번가에서 해피머니로 질렀네요 ,1447,3,0,0
2019-01-24 12:11:43.398468,13087441,4,0,2019-01-24 00:11:35, ps4 프로 11번가에서 해피머니로 질렀네요 ,1450,3,0,0
2019-01-24 13:11:35.476820,13087441,4,0,2019-01-24 00:11:35, ps4 프로 11번가에서 해피머니로 질렀네요 ,1453,3,0,0
2019-01-24 14:11:40.596969,13087441,4,0,2019-01-24 00:11:35, ps4 프로 11번가에서 해피머니로 질렀네요 ,1455,2,0,0
2019-01-24 15:11:45.710541,13087441,4,0,2019-01-24 00:11:35, ps4 프로 11번가에서 해피머니로 질렀네요 ,1457,2,0,0
2019-01-24 16:11:37.896468,13087441,4,0,2019-01-24 00:11:35, ps4 프로 11번가에서 해피머니로 질렀네요 ,1458,1,0,0
2019-01-24 17:11:42.986911,13087441,4,0,2019-01-24 00:11:35, ps4 프로 11번가에서 해피머니로 질렀네요 ,1461,3,0,0
2019-01-24 18:11:35.058226,13087441,4,0,2019-01-24 00:11:35, ps4 프로 11번가에서 해피머니로 질렀네요 ,1463,2,0,0
2019-01-24 19:11:40.734247,13087441,4,0,2019-01-24 00:11:35, ps4 프로 11번가에서 해피머니로 질렀네요 ,1467,4,0,0
2019-01-24 20:11:45.821034,13087441,4,0,2019-01-24 00:11:35, ps4 프로 11번가에서 해피머니로 질렀네요 ,1469,2,0,0
2019-01-24 21:11:37.868378,13087441,4,0,2019-01-24 00:11:35, ps4 프로 11번가에서 해피머니로 질렀네요 ,1473,4,0,0
2019-01-24 22:11:42.940279,13087441,4,0,2019-01-24 00:11:35, ps4 프로 11번가에서 해피머니로 질렀네요 ,1474,1,0,0
2019-01-24 23:11:47.979419,13087441,4,0,2019-01-24 00:11:35, ps4 프로 11번가에서 해피머니로 질렀네요 ,1476,2,0,0
2019-01-25 00:11:40.155932,13087441,4,0,2019-01-24 00:11:35, ps4 프로 11번가에서 해피머니로 질렀네요 ,1477,1,0,0
