check_time,id,post_reply,post_symph,post_time,post_title,post_view,post_view_diff,post_reply_diff,post_symph_diff
2019-01-28 01:37:01.273004,13102911,19,0,2019-01-28 00:36:53, 데이트 때매 잠을 못자겠어요.jpg ,2834,2834,19,0
2019-01-28 02:36:53.364026,13102911,19,0,2019-01-28 00:36:53, 데이트 때매 잠을 못자겠어요.jpg ,3360,526,0,0
2019-01-28 03:36:58.423302,13102911,19,0,2019-01-28 00:36:53, 데이트 때매 잠을 못자겠어요.jpg ,3677,317,0,0
2019-01-28 04:37:03.588182,13102911,19,0,2019-01-28 00:36:53, 데이트 때매 잠을 못자겠어요.jpg ,3842,165,0,0
2019-01-28 05:36:55.652731,13102911,19,0,2019-01-28 00:36:53, 데이트 때매 잠을 못자겠어요.jpg ,3997,155,0,0
2019-01-28 06:37:00.773533,13102911,19,0,2019-01-28 00:36:53, 데이트 때매 잠을 못자겠어요.jpg ,4278,281,0,0
2019-01-28 07:37:05.957313,13102911,19,0,2019-01-28 00:36:53, 데이트 때매 잠을 못자겠어요.jpg ,4714,436,0,0
2019-01-28 08:36:58.027032,13102911,19,0,2019-01-28 00:36:53, 데이트 때매 잠을 못자겠어요.jpg ,5130,416,0,0
2019-01-28 09:37:03.058801,13102911,19,0,2019-01-28 00:36:53, 데이트 때매 잠을 못자겠어요.jpg ,5363,233,0,0
2019-01-28 10:36:55.072441,13102911,19,0,2019-01-28 00:36:53, 데이트 때매 잠을 못자겠어요.jpg ,5461,98,0,0
2019-01-28 11:37:00.128639,13102911,19,0,2019-01-28 00:36:53, 데이트 때매 잠을 못자겠어요.jpg ,5530,69,0,0
2019-01-28 12:37:05.181712,13102911,19,0,2019-01-28 00:36:53, 데이트 때매 잠을 못자겠어요.jpg ,5581,51,0,0
2019-01-28 13:36:57.308257,13102911,19,0,2019-01-28 00:36:53, 데이트 때매 잠을 못자겠어요.jpg ,5603,22,0,0
2019-01-28 14:37:02.401410,13102911,19,0,2019-01-28 00:36:53, 데이트 때매 잠을 못자겠어요.jpg ,5623,20,0,0
2019-01-28 15:36:54.453297,13102911,19,0,2019-01-28 00:36:53, 데이트 때매 잠을 못자겠어요.jpg ,5630,7,0,0
2019-01-28 16:36:59.717497,13102911,19,0,2019-01-28 00:36:53, 데이트 때매 잠을 못자겠어요.jpg ,5640,10,0,0
2019-01-28 17:37:04.886503,13102911,19,0,2019-01-28 00:36:53, 데이트 때매 잠을 못자겠어요.jpg ,5645,5,0,0
2019-01-28 18:36:57.001448,13102911,19,0,2019-01-28 00:36:53, 데이트 때매 잠을 못자겠어요.jpg ,5652,7,0,0
2019-01-28 19:37:02.298536,13102911,20,0,2019-01-28 00:36:53, 데이트 때매 잠을 못자겠어요.jpg ,5662,10,1,0
2019-01-28 20:36:54.339515,13102911,20,0,2019-01-28 00:36:53, 데이트 때매 잠을 못자겠어요.jpg ,5672,10,0,0
2019-01-28 21:36:59.358891,13102911,20,0,2019-01-28 00:36:53, 데이트 때매 잠을 못자겠어요.jpg ,5676,4,0,0
2019-01-28 22:37:04.458750,13102911,20,0,2019-01-28 00:36:53, 데이트 때매 잠을 못자겠어요.jpg ,5680,4,0,0
2019-01-28 23:36:57.254945,13102911,20,0,2019-01-28 00:36:53, 데이트 때매 잠을 못자겠어요.jpg ,5682,2,0,0
2019-01-29 00:37:02.405684,13102911,20,0,2019-01-28 00:36:53, 데이트 때매 잠을 못자겠어요.jpg ,5685,3,0,0
