check_time,id,post_reply,post_symph,post_time,post_title,post_view,post_view_diff,post_reply_diff,post_symph_diff
2019-01-27 01:06:42.623539,13099672,3,0,2019-01-27 00:06:40, 근데 스카이캐슬 20화 이야기 할게 있을까요? ,1115,1115,3,0
2019-01-27 02:06:47.689777,13099672,3,0,2019-01-27 00:06:40, 근데 스카이캐슬 20화 이야기 할게 있을까요? ,1135,20,0,0
2019-01-27 03:06:52.917722,13099672,3,0,2019-01-27 00:06:40, 근데 스카이캐슬 20화 이야기 할게 있을까요? ,1153,18,0,0
2019-01-27 04:06:45.192360,13099672,3,0,2019-01-27 00:06:40, 근데 스카이캐슬 20화 이야기 할게 있을까요? ,1166,13,0,0
2019-01-27 05:06:50.499087,13099672,3,0,2019-01-27 00:06:40, 근데 스카이캐슬 20화 이야기 할게 있을까요? ,1170,4,0,0
2019-01-27 06:06:42.582485,13099672,3,0,2019-01-27 00:06:40, 근데 스카이캐슬 20화 이야기 할게 있을까요? ,1177,7,0,0
2019-01-27 07:06:47.774456,13099672,3,0,2019-01-27 00:06:40, 근데 스카이캐슬 20화 이야기 할게 있을까요? ,1189,12,0,0
2019-01-27 08:06:52.859874,13099672,3,0,2019-01-27 00:06:40, 근데 스카이캐슬 20화 이야기 할게 있을까요? ,1198,9,0,0
2019-01-27 09:06:44.897975,13099672,3,0,2019-01-27 00:06:40, 근데 스카이캐슬 20화 이야기 할게 있을까요? ,1208,10,0,0
2019-01-27 10:06:50.018066,13099672,3,0,2019-01-27 00:06:40, 근데 스카이캐슬 20화 이야기 할게 있을까요? ,1217,9,0,0
2019-01-27 11:06:42.459962,13099672,3,0,2019-01-27 00:06:40, 근데 스카이캐슬 20화 이야기 할게 있을까요? ,1225,8,0,0
2019-01-27 12:06:47.637400,13099672,3,0,2019-01-27 00:06:40, 근데 스카이캐슬 20화 이야기 할게 있을까요? ,1237,12,0,0
2019-01-27 13:06:52.676398,13099672,3,0,2019-01-27 00:06:40, 근데 스카이캐슬 20화 이야기 할게 있을까요? ,1251,14,0,0
2019-01-27 14:06:44.726648,13099672,3,0,2019-01-27 00:06:40, 근데 스카이캐슬 20화 이야기 할게 있을까요? ,1260,9,0,0
2019-01-27 15:06:49.986359,13099672,3,0,2019-01-27 00:06:40, 근데 스카이캐슬 20화 이야기 할게 있을까요? ,1269,9,0,0
2019-01-27 16:06:42.338787,13099672,3,0,2019-01-27 00:06:40, 근데 스카이캐슬 20화 이야기 할게 있을까요? ,1276,7,0,0
2019-01-27 17:06:47.554123,13099672,3,0,2019-01-27 00:06:40, 근데 스카이캐슬 20화 이야기 할게 있을까요? ,1278,2,0,0
2019-01-27 18:06:52.992638,13099672,3,0,2019-01-27 00:06:40, 근데 스카이캐슬 20화 이야기 할게 있을까요? ,1284,6,0,0
2019-01-27 19:06:45.317607,13099672,3,0,2019-01-27 00:06:40, 근데 스카이캐슬 20화 이야기 할게 있을까요? ,1288,4,0,0
2019-01-27 20:06:50.649370,13099672,3,0,2019-01-27 00:06:40, 근데 스카이캐슬 20화 이야기 할게 있을까요? ,1293,5,0,0
2019-01-27 21:06:42.965312,13099672,3,0,2019-01-27 00:06:40, 근데 스카이캐슬 20화 이야기 할게 있을까요? ,1302,9,0,0
2019-01-27 22:06:48.002382,13099672,3,0,2019-01-27 00:06:40, 근데 스카이캐슬 20화 이야기 할게 있을까요? ,1311,9,0,0
2019-01-27 23:06:40.451352,13099672,3,0,2019-01-27 00:06:40, 근데 스카이캐슬 20화 이야기 할게 있을까요? ,1315,4,0,0
2019-01-28 00:06:45.581393,13099672,3,0,2019-01-27 00:06:40, 근데 스카이캐슬 20화 이야기 할게 있을까요? ,1321,6,0,0
