check_time,id,post_reply,post_symph,post_time,post_title,post_view,post_view_diff,post_reply_diff,post_symph_diff
2019-01-28 03:35:45.131614,13103109,1,0,2019-01-28 02:35:40, 다운볼팅 짱이네요 ㅎㅎ ,722,722,1,0
2019-01-28 04:35:50.217838,13103109,1,0,2019-01-28 02:35:40, 다운볼팅 짱이네요 ㅎㅎ ,915,193,0,0
2019-01-28 05:35:42.269644,13103109,1,0,2019-01-28 02:35:40, 다운볼팅 짱이네요 ㅎㅎ ,1014,99,0,0
2019-01-28 06:35:48.058226,13103109,1,0,2019-01-28 02:35:40, 다운볼팅 짱이네요 ㅎㅎ ,1153,139,0,0
2019-01-28 07:35:40.125740,13103109,1,0,2019-01-28 02:35:40, 다운볼팅 짱이네요 ㅎㅎ ,1357,204,0,0
2019-01-28 08:35:45.230014,13103109,1,0,2019-01-28 02:35:40, 다운볼팅 짱이네요 ㅎㅎ ,1538,181,0,0
2019-01-28 09:35:50.307232,13103109,1,0,2019-01-28 02:35:40, 다운볼팅 짱이네요 ㅎㅎ ,1618,80,0,0
2019-01-28 10:35:42.296688,13103109,1,0,2019-01-28 02:35:40, 다운볼팅 짱이네요 ㅎㅎ ,1646,28,0,0
2019-01-28 11:35:47.528527,13103109,1,0,2019-01-28 02:35:40, 다운볼팅 짱이네요 ㅎㅎ ,1662,16,0,0
2019-01-28 12:35:52.596931,13103109,1,0,2019-01-28 02:35:40, 다운볼팅 짱이네요 ㅎㅎ ,1670,8,0,0
2019-01-28 13:35:44.627815,13103109,1,0,2019-01-28 02:35:40, 다운볼팅 짱이네요 ㅎㅎ ,1677,7,0,0
2019-01-28 14:35:49.677799,13103109,1,0,2019-01-28 02:35:40, 다운볼팅 짱이네요 ㅎㅎ ,1680,3,0,0
2019-01-28 15:35:41.707136,13103109,1,0,2019-01-28 02:35:40, 다운볼팅 짱이네요 ㅎㅎ ,1690,10,0,0
2019-01-28 16:35:46.770683,13103109,1,0,2019-01-28 02:35:40, 다운볼팅 짱이네요 ㅎㅎ ,1695,5,0,0
2019-01-28 17:35:51.849161,13103109,1,0,2019-01-28 02:35:40, 다운볼팅 짱이네요 ㅎㅎ ,1698,3,0,0
2019-01-28 18:35:44.049536,13103109,1,0,2019-01-28 02:35:40, 다운볼팅 짱이네요 ㅎㅎ ,1700,2,0,0
2019-01-28 19:35:49.058348,13103109,1,0,2019-01-28 02:35:40, 다운볼팅 짱이네요 ㅎㅎ ,1701,1,0,0
2019-01-28 20:35:41.153368,13103109,1,0,2019-01-28 02:35:40, 다운볼팅 짱이네요 ㅎㅎ ,1706,5,0,0
2019-01-28 21:35:46.468482,13103109,1,0,2019-01-28 02:35:40, 다운볼팅 짱이네요 ㅎㅎ ,1708,2,0,0
2019-01-28 22:35:51.581079,13103109,1,0,2019-01-28 02:35:40, 다운볼팅 짱이네요 ㅎㅎ ,1708,0,0,0
2019-01-28 23:35:43.610555,13103109,1,0,2019-01-28 02:35:40, 다운볼팅 짱이네요 ㅎㅎ ,1714,6,0,0
2019-01-29 00:35:48.705015,13103109,1,0,2019-01-28 02:35:40, 다운볼팅 짱이네요 ㅎㅎ ,1716,2,0,0
2019-01-29 01:35:40.757825,13103109,1,0,2019-01-28 02:35:40, 다운볼팅 짱이네요 ㅎㅎ ,1717,1,0,0
2019-01-29 02:35:45.771962,13103109,1,0,2019-01-28 02:35:40, 다운볼팅 짱이네요 ㅎㅎ ,1718,1,0,0
