check_time,id,post_reply,post_symph,post_time,post_title,post_view,post_view_diff,post_reply_diff,post_symph_diff
2019-01-27 03:54:42.320752,13100128,3,0,2019-01-27 02:54:42, 극한직업 2백만 넘었네요. ,1454,1454,3,0
2019-01-27 04:54:47.381256,13100128,3,0,2019-01-27 02:54:42, 극한직업 2백만 넘었네요. ,1938,484,0,0
2019-01-27 05:54:52.517436,13100128,3,0,2019-01-27 02:54:42, 극한직업 2백만 넘었네요. ,2268,330,0,0
2019-01-27 06:54:44.591115,13100128,3,0,2019-01-27 02:54:42, 극한직업 2백만 넘었네요. ,2628,360,0,0
2019-01-27 07:54:49.777074,13100128,3,0,2019-01-27 02:54:42, 극한직업 2백만 넘었네요. ,3120,492,0,0
2019-01-27 08:54:54.941165,13100128,4,0,2019-01-27 02:54:42, 극한직업 2백만 넘었네요. ,3892,772,1,0
2019-01-27 09:54:46.915526,13100128,4,0,2019-01-27 02:54:42, 극한직업 2백만 넘었네요. ,4541,649,0,0
2019-01-27 10:54:51.992960,13100128,4,0,2019-01-27 02:54:42, 극한직업 2백만 넘었네요. ,4864,323,0,0
2019-01-27 11:54:44.187161,13100128,4,0,2019-01-27 02:54:42, 극한직업 2백만 넘었네요. ,5061,197,0,0
2019-01-27 12:54:49.501128,13100128,4,0,2019-01-27 02:54:42, 극한직업 2백만 넘었네요. ,5157,96,0,0
2019-01-27 13:54:54.599030,13100128,4,0,2019-01-27 02:54:42, 극한직업 2백만 넘었네요. ,5208,51,0,0
2019-01-27 14:54:46.651984,13100128,4,0,2019-01-27 02:54:42, 극한직업 2백만 넘었네요. ,5256,48,0,0
2019-01-27 15:54:51.953600,13100128,4,0,2019-01-27 02:54:42, 극한직업 2백만 넘었네요. ,5282,26,0,0
2019-01-27 16:54:43.987086,13100128,4,0,2019-01-27 02:54:42, 극한직업 2백만 넘었네요. ,5308,26,0,0
2019-01-27 17:54:49.204302,13100128,4,0,2019-01-27 02:54:42, 극한직업 2백만 넘었네요. ,5329,21,0,0
2019-01-27 18:54:54.306821,13100128,4,0,2019-01-27 02:54:42, 극한직업 2백만 넘었네요. ,5349,20,0,0
2019-01-27 19:54:46.468323,13100128,4,0,2019-01-27 02:54:42, 극한직업 2백만 넘었네요. ,5357,8,0,0
2019-01-27 20:54:51.468364,13100128,4,0,2019-01-27 02:54:42, 극한직업 2백만 넘었네요. ,5367,10,0,0
2019-01-27 21:54:43.521244,13100128,4,0,2019-01-27 02:54:42, 극한직업 2백만 넘었네요. ,5372,5,0,0
2019-01-27 22:54:48.599742,13100128,4,0,2019-01-27 02:54:42, 극한직업 2백만 넘었네요. ,5381,9,0,0
2019-01-27 23:54:53.791468,13100128,4,0,2019-01-27 02:54:42, 극한직업 2백만 넘었네요. ,5387,6,0,0
2019-01-28 00:54:45.822320,13100128,4,0,2019-01-27 02:54:42, 극한직업 2백만 넘었네요. ,5390,3,0,0
2019-01-28 01:54:50.890965,13100128,4,0,2019-01-27 02:54:42, 극한직업 2백만 넘었네요. ,5393,3,0,0
2019-01-28 02:54:42.919290,13100128,4,0,2019-01-27 02:54:42, 극한직업 2백만 넘었네요. ,5396,3,0,0
