check_time,id,post_reply,post_symph,post_time,post_title,post_view,post_view_diff,post_reply_diff,post_symph_diff
2019-01-24 03:36:02.760519,13087729,5,1,2019-01-24 02:35:51, 후방) 몸매좋은 19살 중국인 야동 ,3179,3179,5,1
2019-01-24 04:35:54.782826,13087729,7,1,2019-01-24 02:35:51, 후방) 몸매좋은 19살 중국인 야동 ,4348,1169,2,0
2019-01-24 05:35:59.769475,13087729,7,1,2019-01-24 02:35:51, 후방) 몸매좋은 19살 중국인 야동 ,5464,1116,0,0
2019-01-24 06:35:51.690786,13087729,8,2,2019-01-24 02:35:51, 후방) 몸매좋은 19살 중국인 야동 ,7337,1873,1,1
2019-01-24 07:35:56.681917,13087729,8,2,2019-01-24 02:35:51, 후방) 몸매좋은 19살 중국인 야동 ,10231,2894,0,0
2019-01-24 08:36:01.883686,13087729,8,2,2019-01-24 02:35:51, 후방) 몸매좋은 19살 중국인 야동 ,12632,2401,0,0
2019-01-24 09:35:54.025960,13087729,8,2,2019-01-24 02:35:51, 후방) 몸매좋은 19살 중국인 야동 ,13801,1169,0,0
2019-01-24 10:35:59.238133,13087729,8,2,2019-01-24 02:35:51, 후방) 몸매좋은 19살 중국인 야동 ,14197,396,0,0
2019-01-24 11:35:51.372947,13087729,9,2,2019-01-24 02:35:51, 후방) 몸매좋은 19살 중국인 야동 ,14418,221,1,0
2019-01-24 12:35:56.455870,13087729,9,2,2019-01-24 02:35:51, 후방) 몸매좋은 19살 중국인 야동 ,14561,143,0,0
2019-01-24 13:36:01.523459,13087729,10,2,2019-01-24 02:35:51, 후방) 몸매좋은 19살 중국인 야동 ,14719,158,1,0
2019-01-24 14:35:53.511418,13087729,10,2,2019-01-24 02:35:51, 후방) 몸매좋은 19살 중국인 야동 ,14848,129,0,0
2019-01-24 15:35:58.720428,13087729,10,2,2019-01-24 02:35:51, 후방) 몸매좋은 19살 중국인 야동 ,14963,115,0,0
2019-01-24 16:36:03.680982,13087729,10,2,2019-01-24 02:35:51, 후방) 몸매좋은 19살 중국인 야동 ,15060,97,0,0
2019-01-24 17:35:55.697153,13087729,10,2,2019-01-24 02:35:51, 후방) 몸매좋은 19살 중국인 야동 ,15147,87,0,0
2019-01-24 18:36:00.796177,13087729,10,2,2019-01-24 02:35:51, 후방) 몸매좋은 19살 중국인 야동 ,15218,71,0,0
2019-01-24 19:35:52.884591,13087729,10,2,2019-01-24 02:35:51, 후방) 몸매좋은 19살 중국인 야동 ,15283,65,0,0
2019-01-24 20:35:57.902145,13087729,10,2,2019-01-24 02:35:51, 후방) 몸매좋은 19살 중국인 야동 ,15378,95,0,0
2019-01-24 21:36:02.966476,13087729,10,2,2019-01-24 02:35:51, 후방) 몸매좋은 19살 중국인 야동 ,15492,114,0,0
2019-01-24 22:35:55.028939,13087729,10,2,2019-01-24 02:35:51, 후방) 몸매좋은 19살 중국인 야동 ,15614,122,0,0
2019-01-24 23:36:00.276087,13087729,10,2,2019-01-24 02:35:51, 후방) 몸매좋은 19살 중국인 야동 ,15737,123,0,0
2019-01-25 00:35:52.545650,13087729,10,2,2019-01-24 02:35:51, 후방) 몸매좋은 19살 중국인 야동 ,15887,150,0,0
2019-01-25 01:35:57.557020,13087729,10,2,2019-01-24 02:35:51, 후방) 몸매좋은 19살 중국인 야동 ,15997,110,0,0
2019-01-25 02:36:02.492435,13087729,10,2,2019-01-24 02:35:51, 후방) 몸매좋은 19살 중국인 야동 ,16071,74,0,0
