check_time,id,post_reply,post_symph,post_time,post_title,post_view,post_view_diff,post_reply_diff,post_symph_diff
2019-01-30 03:12:09.605623,13110488,0,0,2019-01-30 02:11:57, 선미 사이렌 커버 댄스.avi ,764,764,0,0
2019-01-30 04:12:01.553497,13110488,0,0,2019-01-30 02:11:57, 선미 사이렌 커버 댄스.avi ,965,201,0,0
2019-01-30 05:12:06.549287,13110488,0,0,2019-01-30 02:11:57, 선미 사이렌 커버 댄스.avi ,1102,137,0,0
2019-01-30 06:11:58.663251,13110488,0,0,2019-01-30 02:11:57, 선미 사이렌 커버 댄스.avi ,1237,135,0,0
2019-01-30 07:12:03.633426,13110488,0,0,2019-01-30 02:11:57, 선미 사이렌 커버 댄스.avi ,1538,301,0,0
2019-01-30 08:12:08.766815,13110488,0,0,2019-01-30 02:11:57, 선미 사이렌 커버 댄스.avi ,1886,348,0,0
2019-01-30 09:12:00.743046,13110488,0,0,2019-01-30 02:11:57, 선미 사이렌 커버 댄스.avi ,2090,204,0,0
2019-01-30 10:12:05.829741,13110488,0,0,2019-01-30 02:11:57, 선미 사이렌 커버 댄스.avi ,2146,56,0,0
2019-01-30 11:11:57.812907,13110488,0,0,2019-01-30 02:11:57, 선미 사이렌 커버 댄스.avi ,2178,32,0,0
2019-01-30 12:12:03.114439,13110488,0,0,2019-01-30 02:11:57, 선미 사이렌 커버 댄스.avi ,2193,15,0,0
2019-01-30 13:12:08.360051,13110488,0,0,2019-01-30 02:11:57, 선미 사이렌 커버 댄스.avi ,2202,9,0,0
2019-01-30 14:12:00.627882,13110488,0,0,2019-01-30 02:11:57, 선미 사이렌 커버 댄스.avi ,2212,10,0,0
2019-01-30 15:12:05.898121,13110488,0,0,2019-01-30 02:11:57, 선미 사이렌 커버 댄스.avi ,2219,7,0,0
2019-01-30 16:11:57.897862,13110488,0,0,2019-01-30 02:11:57, 선미 사이렌 커버 댄스.avi ,2223,4,0,0
2019-01-30 17:12:03.508041,13110488,0,0,2019-01-30 02:11:57, 선미 사이렌 커버 댄스.avi ,2228,5,0,0
2019-01-30 18:12:08.663135,13110488,0,0,2019-01-30 02:11:57, 선미 사이렌 커버 댄스.avi ,2229,1,0,0
2019-01-30 19:12:00.677222,13110488,0,0,2019-01-30 02:11:57, 선미 사이렌 커버 댄스.avi ,2233,4,0,0
2019-01-30 20:12:06.124917,13110488,0,0,2019-01-30 02:11:57, 선미 사이렌 커버 댄스.avi ,2237,4,0,0
2019-01-30 21:11:58.136959,13110488,0,0,2019-01-30 02:11:57, 선미 사이렌 커버 댄스.avi ,2239,2,0,0
2019-01-30 22:12:03.654238,13110488,0,0,2019-01-30 02:11:57, 선미 사이렌 커버 댄스.avi ,2240,1,0,0
2019-01-30 23:12:08.734304,13110488,0,0,2019-01-30 02:11:57, 선미 사이렌 커버 댄스.avi ,2241,1,0,0
2019-01-31 00:12:00.778455,13110488,0,0,2019-01-30 02:11:57, 선미 사이렌 커버 댄스.avi ,2242,1,0,0
2019-01-31 01:12:06.148295,13110488,0,0,2019-01-30 02:11:57, 선미 사이렌 커버 댄스.avi ,2245,3,0,0
2019-01-31 02:11:58.526202,13110488,0,0,2019-01-30 02:11:57, 선미 사이렌 커버 댄스.avi ,2246,1,0,0
