check_time,id,post_reply,post_symph,post_time,post_title,post_view,post_view_diff,post_reply_diff,post_symph_diff
2019-01-29 03:01:49.991484,13106907,2,0,2019-01-29 02:01:43, 문통 달력 ,855,855,2,0
2019-01-29 04:01:55.038529,13106907,2,0,2019-01-29 02:01:43, 문통 달력 ,1055,200,0,0
2019-01-29 05:01:47.179439,13106907,2,0,2019-01-29 02:01:43, 문통 달력 ,1194,139,0,0
2019-01-29 06:01:52.260513,13106907,2,0,2019-01-29 02:01:43, 문통 달력 ,1327,133,0,0
2019-01-29 07:01:44.279424,13106907,2,0,2019-01-29 02:01:43, 문통 달력 ,1572,245,0,0
2019-01-29 08:01:49.297204,13106907,2,0,2019-01-29 02:01:43, 문통 달력 ,1897,325,0,0
2019-01-29 09:01:54.354462,13106907,2,0,2019-01-29 02:01:43, 문통 달력 ,2110,213,0,0
2019-01-29 10:01:46.347970,13106907,2,0,2019-01-29 02:01:43, 문통 달력 ,2190,80,0,0
2019-01-29 11:01:51.402512,13106907,2,0,2019-01-29 02:01:43, 문통 달력 ,2219,29,0,0
2019-01-29 12:01:43.457171,13106907,2,0,2019-01-29 02:01:43, 문통 달력 ,2237,18,0,0
2019-01-29 13:01:48.491932,13106907,2,0,2019-01-29 02:01:43, 문통 달력 ,2248,11,0,0
2019-01-29 14:01:53.527941,13106907,2,0,2019-01-29 02:01:43, 문통 달력 ,2254,6,0,0
2019-01-29 15:01:45.562283,13106907,2,0,2019-01-29 02:01:43, 문통 달력 ,2262,8,0,0
2019-01-29 16:01:50.593896,13106907,2,0,2019-01-29 02:01:43, 문통 달력 ,2262,0,0,0
2019-01-29 17:01:55.588558,13106907,2,0,2019-01-29 02:01:43, 문통 달력 ,2268,6,0,0
2019-01-29 18:01:47.859167,13106907,2,0,2019-01-29 02:01:43, 문통 달력 ,2273,5,0,0
2019-01-29 19:01:52.875251,13106907,2,0,2019-01-29 02:01:43, 문통 달력 ,2278,5,0,0
2019-01-29 20:01:45.774221,13106907,2,0,2019-01-29 02:01:43, 문통 달력 ,2281,3,0,0
2019-01-29 21:01:50.977313,13106907,2,0,2019-01-29 02:01:43, 문통 달력 ,2284,3,0,0
2019-01-29 22:01:43.043033,13106907,2,0,2019-01-29 02:01:43, 문통 달력 ,2285,1,0,0
2019-01-29 23:01:48.088564,13106907,2,0,2019-01-29 02:01:43, 문통 달력 ,2286,1,0,0
2019-01-30 00:01:53.143173,13106907,2,0,2019-01-29 02:01:43, 문통 달력 ,2287,1,0,0
2019-01-30 01:01:45.233458,13106907,2,0,2019-01-29 02:01:43, 문통 달력 ,2291,4,0,0
2019-01-30 02:01:50.404406,13106907,2,0,2019-01-29 02:01:43, 문통 달력 ,2292,1,0,0
