check_time,id,post_reply,post_symph,post_time,post_title,post_view,post_view_diff,post_reply_diff,post_symph_diff
2019-01-28 03:43:41.746888,13103112,5,0,2019-01-28 02:43:35, 아파트값 올라가는거 보니 ㅎㄷㄷ 하네요 ,1673,1673,5,0
2019-01-28 04:43:46.913392,13103112,8,0,2019-01-28 02:43:35, 아파트값 올라가는거 보니 ㅎㄷㄷ 하네요 ,2226,553,3,0
2019-01-28 05:43:38.939865,13103112,8,0,2019-01-28 02:43:35, 아파트값 올라가는거 보니 ㅎㄷㄷ 하네요 ,2759,533,0,0
2019-01-28 06:43:44.038377,13103112,10,0,2019-01-28 02:43:35, 아파트값 올라가는거 보니 ㅎㄷㄷ 하네요 ,3675,916,2,0
2019-01-28 07:43:36.265733,13103112,10,0,2019-01-28 02:43:35, 아파트값 올라가는거 보니 ㅎㄷㄷ 하네요 ,5084,1409,0,0
2019-01-28 08:43:41.435792,13103112,11,0,2019-01-28 02:43:35, 아파트값 올라가는거 보니 ㅎㄷㄷ 하네요 ,6430,1346,1,0
2019-01-28 09:43:46.546890,13103112,13,0,2019-01-28 02:43:35, 아파트값 올라가는거 보니 ㅎㄷㄷ 하네요 ,6894,464,2,0
2019-01-28 10:43:38.679522,13103112,13,0,2019-01-28 02:43:35, 아파트값 올라가는거 보니 ㅎㄷㄷ 하네요 ,7069,175,0,0
2019-01-28 11:43:43.875628,13103112,13,0,2019-01-28 02:43:35, 아파트값 올라가는거 보니 ㅎㄷㄷ 하네요 ,7170,101,0,0
2019-01-28 12:43:35.958255,13103112,13,0,2019-01-28 02:43:35, 아파트값 올라가는거 보니 ㅎㄷㄷ 하네요 ,7244,74,0,0
2019-01-28 13:43:41.107165,13103112,13,0,2019-01-28 02:43:35, 아파트값 올라가는거 보니 ㅎㄷㄷ 하네요 ,7305,61,0,0
2019-01-28 14:43:46.434044,13103112,13,0,2019-01-28 02:43:35, 아파트값 올라가는거 보니 ㅎㄷㄷ 하네요 ,7331,26,0,0
2019-01-28 15:43:38.667939,13103112,13,0,2019-01-28 02:43:35, 아파트값 올라가는거 보니 ㅎㄷㄷ 하네요 ,7349,18,0,0
2019-01-28 16:43:43.800964,13103112,13,0,2019-01-28 02:43:35, 아파트값 올라가는거 보니 ㅎㄷㄷ 하네요 ,7361,12,0,0
2019-01-28 17:43:35.926904,13103112,13,0,2019-01-28 02:43:35, 아파트값 올라가는거 보니 ㅎㄷㄷ 하네요 ,7370,9,0,0
2019-01-28 18:43:41.057074,13103112,13,0,2019-01-28 02:43:35, 아파트값 올라가는거 보니 ㅎㄷㄷ 하네요 ,7382,12,0,0
2019-01-28 19:43:46.178215,13103112,13,0,2019-01-28 02:43:35, 아파트값 올라가는거 보니 ㅎㄷㄷ 하네요 ,7387,5,0,0
2019-01-28 20:43:38.283845,13103112,13,0,2019-01-28 02:43:35, 아파트값 올라가는거 보니 ㅎㄷㄷ 하네요 ,7393,6,0,0
2019-01-28 21:43:43.411782,13103112,13,0,2019-01-28 02:43:35, 아파트값 올라가는거 보니 ㅎㄷㄷ 하네요 ,7400,7,0,0
2019-01-28 22:43:35.679625,13103112,13,0,2019-01-28 02:43:35, 아파트값 올라가는거 보니 ㅎㄷㄷ 하네요 ,7406,6,0,0
2019-01-28 23:43:40.820530,13103112,13,0,2019-01-28 02:43:35, 아파트값 올라가는거 보니 ㅎㄷㄷ 하네요 ,7414,8,0,0
2019-01-29 00:43:45.890430,13103112,13,0,2019-01-28 02:43:35, 아파트값 올라가는거 보니 ㅎㄷㄷ 하네요 ,7419,5,0,0
2019-01-29 01:43:38.150246,13103112,13,0,2019-01-28 02:43:35, 아파트값 올라가는거 보니 ㅎㄷㄷ 하네요 ,7421,2,0,0
2019-01-29 02:43:43.226686,13103112,13,0,2019-01-28 02:43:35, 아파트값 올라가는거 보니 ㅎㄷㄷ 하네요 ,7423,2,0,0
