check_time,id,post_reply,post_symph,post_time,post_title,post_view,post_view_diff,post_reply_diff,post_symph_diff
2019-01-28 03:04:20.269331,13103087,5,0,2019-01-28 02:04:16, 지름을 한번에 많이 했더니 마음이 풍족하면서도 불안하네요 ,476,476,5,0
2019-01-28 04:04:25.256434,13103087,6,0,2019-01-28 02:04:16, 지름을 한번에 많이 했더니 마음이 풍족하면서도 불안하네요 ,557,81,1,0
2019-01-28 05:04:17.255780,13103087,6,0,2019-01-28 02:04:16, 지름을 한번에 많이 했더니 마음이 풍족하면서도 불안하네요 ,594,37,0,0
2019-01-28 06:04:22.320454,13103087,6,0,2019-01-28 02:04:16, 지름을 한번에 많이 했더니 마음이 풍족하면서도 불안하네요 ,640,46,0,0
2019-01-28 07:04:27.353407,13103087,6,0,2019-01-28 02:04:16, 지름을 한번에 많이 했더니 마음이 풍족하면서도 불안하네요 ,697,57,0,0
2019-01-28 08:04:19.421891,13103087,6,0,2019-01-28 02:04:16, 지름을 한번에 많이 했더니 마음이 풍족하면서도 불안하네요 ,775,78,0,0
2019-01-28 09:04:24.773620,13103087,6,0,2019-01-28 02:04:16, 지름을 한번에 많이 했더니 마음이 풍족하면서도 불안하네요 ,825,50,0,0
2019-01-28 10:04:16.849362,13103087,6,0,2019-01-28 02:04:16, 지름을 한번에 많이 했더니 마음이 풍족하면서도 불안하네요 ,845,20,0,0
2019-01-28 11:04:21.986263,13103087,6,0,2019-01-28 02:04:16, 지름을 한번에 많이 했더니 마음이 풍족하면서도 불안하네요 ,856,11,0,0
2019-01-28 12:04:27.054190,13103087,6,0,2019-01-28 02:04:16, 지름을 한번에 많이 했더니 마음이 풍족하면서도 불안하네요 ,859,3,0,0
2019-01-28 13:04:19.058076,13103087,6,0,2019-01-28 02:04:16, 지름을 한번에 많이 했더니 마음이 풍족하면서도 불안하네요 ,862,3,0,0
2019-01-28 14:04:24.138366,13103087,6,0,2019-01-28 02:04:16, 지름을 한번에 많이 했더니 마음이 풍족하면서도 불안하네요 ,869,7,0,0
2019-01-28 15:04:16.177874,13103087,6,0,2019-01-28 02:04:16, 지름을 한번에 많이 했더니 마음이 풍족하면서도 불안하네요 ,875,6,0,0
2019-01-28 16:04:21.270215,13103087,6,0,2019-01-28 02:04:16, 지름을 한번에 많이 했더니 마음이 풍족하면서도 불안하네요 ,878,3,0,0
2019-01-28 17:04:26.359534,13103087,6,0,2019-01-28 02:04:16, 지름을 한번에 많이 했더니 마음이 풍족하면서도 불안하네요 ,883,5,0,0
2019-01-28 18:04:18.484797,13103087,6,0,2019-01-28 02:04:16, 지름을 한번에 많이 했더니 마음이 풍족하면서도 불안하네요 ,885,2,0,0
2019-01-28 19:04:23.643340,13103087,6,0,2019-01-28 02:04:16, 지름을 한번에 많이 했더니 마음이 풍족하면서도 불안하네요 ,889,4,0,0
2019-01-28 20:04:28.777586,13103087,6,0,2019-01-28 02:04:16, 지름을 한번에 많이 했더니 마음이 풍족하면서도 불안하네요 ,893,4,0,0
2019-01-28 21:04:20.887949,13103087,6,0,2019-01-28 02:04:16, 지름을 한번에 많이 했더니 마음이 풍족하면서도 불안하네요 ,896,3,0,0
2019-01-28 22:04:26.066616,13103087,6,0,2019-01-28 02:04:16, 지름을 한번에 많이 했더니 마음이 풍족하면서도 불안하네요 ,899,3,0,0
2019-01-28 23:04:18.181249,13103087,6,0,2019-01-28 02:04:16, 지름을 한번에 많이 했더니 마음이 풍족하면서도 불안하네요 ,899,0,0,0
2019-01-29 00:04:23.249667,13103087,6,0,2019-01-28 02:04:16, 지름을 한번에 많이 했더니 마음이 풍족하면서도 불안하네요 ,901,2,0,0
2019-01-29 01:04:28.230245,13103087,6,0,2019-01-28 02:04:16, 지름을 한번에 많이 했더니 마음이 풍족하면서도 불안하네요 ,904,3,0,0
2019-01-29 02:04:20.287512,13103087,6,0,2019-01-28 02:04:16, 지름을 한번에 많이 했더니 마음이 풍족하면서도 불안하네요 ,906,2,0,0
