check_time,id,post_reply,post_symph,post_time,post_title,post_view,post_view_diff,post_reply_diff,post_symph_diff
2019-01-27 03:04:36.610613,13100076,8,1,2019-01-27 02:04:33, 해리포터 읽네요 ㅎㅎ ,472,472,8,1
2019-01-27 04:04:41.633630,13100076,8,1,2019-01-27 02:04:33, 해리포터 읽네요 ㅎㅎ ,577,105,0,0
2019-01-27 05:04:33.622132,13100076,8,1,2019-01-27 02:04:33, 해리포터 읽네요 ㅎㅎ ,622,45,0,0
2019-01-27 06:04:38.651512,13100076,8,1,2019-01-27 02:04:33, 해리포터 읽네요 ㅎㅎ ,663,41,0,0
2019-01-27 07:04:43.824325,13100076,8,1,2019-01-27 02:04:33, 해리포터 읽네요 ㅎㅎ ,702,39,0,0
2019-01-27 08:04:35.801474,13100076,8,1,2019-01-27 02:04:33, 해리포터 읽네요 ㅎㅎ ,776,74,0,0
2019-01-27 09:04:40.807936,13100076,8,1,2019-01-27 02:04:33, 해리포터 읽네요 ㅎㅎ ,886,110,0,0
2019-01-27 10:04:45.961257,13100076,8,1,2019-01-27 02:04:33, 해리포터 읽네요 ㅎㅎ ,950,64,0,0
2019-01-27 11:04:38.183020,13100076,8,1,2019-01-27 02:04:33, 해리포터 읽네요 ㅎㅎ ,993,43,0,0
2019-01-27 12:04:43.263343,13100076,4,1,2019-01-27 02:04:33, 해리포터 읽네요 ㅎㅎ ,1014,21,-4,0
2019-01-27 13:04:35.299994,13100076,4,1,2019-01-27 02:04:33, 해리포터 읽네요 ㅎㅎ ,1021,7,0,0
2019-01-27 14:04:40.347026,13100076,4,1,2019-01-27 02:04:33, 해리포터 읽네요 ㅎㅎ ,1023,2,0,0
2019-01-27 15:04:45.414312,13100076,4,1,2019-01-27 02:04:33, 해리포터 읽네요 ㅎㅎ ,1027,4,0,0
2019-01-27 16:04:37.555960,13100076,4,1,2019-01-27 02:04:33, 해리포터 읽네요 ㅎㅎ ,1032,5,0,0
2019-01-27 17:04:42.585971,13100076,4,1,2019-01-27 02:04:33, 해리포터 읽네요 ㅎㅎ ,1036,4,0,0
2019-01-27 18:04:34.785940,13100076,4,1,2019-01-27 02:04:33, 해리포터 읽네요 ㅎㅎ ,1042,6,0,0
2019-01-27 19:04:39.801864,13100076,4,1,2019-01-27 02:04:33, 해리포터 읽네요 ㅎㅎ ,1044,2,0,0
2019-01-27 20:04:44.863002,13100076,4,1,2019-01-27 02:04:33, 해리포터 읽네요 ㅎㅎ ,1048,4,0,0
2019-01-27 21:04:37.201808,13100076,4,1,2019-01-27 02:04:33, 해리포터 읽네요 ㅎㅎ ,1050,2,0,0
2019-01-27 22:04:42.354520,13100076,4,1,2019-01-27 02:04:33, 해리포터 읽네요 ㅎㅎ ,1052,2,0,0
2019-01-27 23:04:34.544223,13100076,4,1,2019-01-27 02:04:33, 해리포터 읽네요 ㅎㅎ ,1054,2,0,0
2019-01-28 00:04:39.779970,13100076,4,1,2019-01-27 02:04:33, 해리포터 읽네요 ㅎㅎ ,1056,2,0,0
2019-01-28 01:04:44.956753,13100076,4,1,2019-01-27 02:04:33, 해리포터 읽네요 ㅎㅎ ,1057,1,0,0
2019-01-28 02:04:36.989242,13100076,4,1,2019-01-27 02:04:33, 해리포터 읽네요 ㅎㅎ ,1060,3,0,0
