check_time,id,post_reply,post_symph,post_time,post_title,post_view,post_view_diff,post_reply_diff,post_symph_diff
2019-01-29 03:16:55.843430,13106917,5,0,2019-01-29 02:16:43, 일본축구는 스타일을 아예 바꾼건가요 ,846,846,5,0
2019-01-29 04:16:47.869837,13106917,5,0,2019-01-29 02:16:43, 일본축구는 스타일을 아예 바꾼건가요 ,1133,287,0,0
2019-01-29 05:16:52.840723,13106917,5,0,2019-01-29 02:16:43, 일본축구는 스타일을 아예 바꾼건가요 ,1342,209,0,0
2019-01-29 06:16:44.869598,13106917,5,0,2019-01-29 02:16:43, 일본축구는 스타일을 아예 바꾼건가요 ,1618,276,0,0
2019-01-29 07:16:49.883992,13106917,5,0,2019-01-29 02:16:43, 일본축구는 스타일을 아예 바꾼건가요 ,2098,480,0,0
2019-01-29 08:16:55.159187,13106917,5,0,2019-01-29 02:16:43, 일본축구는 스타일을 아예 바꾼건가요 ,2706,608,0,0
2019-01-29 09:16:47.194639,13106917,5,0,2019-01-29 02:16:43, 일본축구는 스타일을 아예 바꾼건가요 ,3024,318,0,0
2019-01-29 10:16:52.229196,13106917,5,0,2019-01-29 02:16:43, 일본축구는 스타일을 아예 바꾼건가요 ,3116,92,0,0
2019-01-29 11:16:44.280117,13106917,5,0,2019-01-29 02:16:43, 일본축구는 스타일을 아예 바꾼건가요 ,3153,37,0,0
2019-01-29 12:16:49.480521,13106917,5,0,2019-01-29 02:16:43, 일본축구는 스타일을 아예 바꾼건가요 ,3165,12,0,0
2019-01-29 13:16:54.627504,13106917,5,0,2019-01-29 02:16:43, 일본축구는 스타일을 아예 바꾼건가요 ,3174,9,0,0
2019-01-29 14:16:46.643727,13106917,5,0,2019-01-29 02:16:43, 일본축구는 스타일을 아예 바꾼건가요 ,3192,18,0,0
2019-01-29 15:16:51.705987,13106917,5,0,2019-01-29 02:16:43, 일본축구는 스타일을 아예 바꾼건가요 ,3205,13,0,0
2019-01-29 16:16:43.762922,13106917,5,0,2019-01-29 02:16:43, 일본축구는 스타일을 아예 바꾼건가요 ,3210,5,0,0
2019-01-29 17:16:48.974705,13106917,5,0,2019-01-29 02:16:43, 일본축구는 스타일을 아예 바꾼건가요 ,3214,4,0,0
2019-01-29 18:16:54.197865,13106917,5,0,2019-01-29 02:16:43, 일본축구는 스타일을 아예 바꾼건가요 ,3219,5,0,0
2019-01-29 19:16:46.252469,13106917,5,0,2019-01-29 02:16:43, 일본축구는 스타일을 아예 바꾼건가요 ,3224,5,0,0
2019-01-29 20:16:51.522126,13106917,5,0,2019-01-29 02:16:43, 일본축구는 스타일을 아예 바꾼건가요 ,3229,5,0,0
2019-01-29 21:16:43.513609,13106917,5,0,2019-01-29 02:16:43, 일본축구는 스타일을 아예 바꾼건가요 ,3231,2,0,0
2019-01-29 22:16:48.938569,13106917,5,0,2019-01-29 02:16:43, 일본축구는 스타일을 아예 바꾼건가요 ,3233,2,0,0
2019-01-29 23:16:54.299299,13106917,5,0,2019-01-29 02:16:43, 일본축구는 스타일을 아예 바꾼건가요 ,3237,4,0,0
2019-01-30 00:16:46.347883,13106917,5,0,2019-01-29 02:16:43, 일본축구는 스타일을 아예 바꾼건가요 ,3238,1,0,0
2019-01-30 01:16:51.597350,13106917,5,0,2019-01-29 02:16:43, 일본축구는 스타일을 아예 바꾼건가요 ,3241,3,0,0
2019-01-30 02:16:43.583708,13106917,5,0,2019-01-29 02:16:43, 일본축구는 스타일을 아예 바꾼건가요 ,3241,0,0,0
