check_time,id,post_reply,post_symph,post_time,post_title,post_view,post_view_diff,post_reply_diff,post_symph_diff
2019-01-24 03:17:09.740361,13087716,17,0,2019-01-24 02:17:09, 한국최초의 공인인증서.jpg ,2644,2644,17,0
2019-01-24 04:17:14.756358,13087716,17,0,2019-01-24 02:17:09, 한국최초의 공인인증서.jpg ,3363,719,0,0
2019-01-24 05:17:19.802359,13087716,17,0,2019-01-24 02:17:09, 한국최초의 공인인증서.jpg ,3950,587,0,0
2019-01-24 06:17:11.868990,13087716,17,0,2019-01-24 02:17:09, 한국최초의 공인인증서.jpg ,4682,732,0,0
2019-01-24 07:17:16.823456,13087716,20,0,2019-01-24 02:17:09, 한국최초의 공인인증서.jpg ,6095,1413,3,0
2019-01-24 08:17:21.780043,13087716,22,0,2019-01-24 02:17:09, 한국최초의 공인인증서.jpg ,7724,1629,2,0
2019-01-24 09:17:13.815875,13087716,22,0,2019-01-24 02:17:09, 한국최초의 공인인증서.jpg ,8688,964,0,0
2019-01-24 10:17:18.847196,13087716,22,0,2019-01-24 02:17:09, 한국최초의 공인인증서.jpg ,9018,330,0,0
2019-01-24 11:17:10.867027,13087716,22,0,2019-01-24 02:17:09, 한국최초의 공인인증서.jpg ,9143,125,0,0
2019-01-24 12:17:16.057135,13087716,22,0,2019-01-24 02:17:09, 한국최초의 공인인증서.jpg ,9222,79,0,0
2019-01-24 13:17:21.070413,13087716,22,0,2019-01-24 02:17:09, 한국최초의 공인인증서.jpg ,9266,44,0,0
2019-01-24 14:17:13.187106,13087716,22,0,2019-01-24 02:17:09, 한국최초의 공인인증서.jpg ,9303,37,0,0
2019-01-24 15:17:18.148977,13087716,22,0,2019-01-24 02:17:09, 한국최초의 공인인증서.jpg ,9331,28,0,0
2019-01-24 16:17:10.170997,13087716,22,0,2019-01-24 02:17:09, 한국최초의 공인인증서.jpg ,9352,21,0,0
2019-01-24 17:17:15.213590,13087716,22,0,2019-01-24 02:17:09, 한국최초의 공인인증서.jpg ,9359,7,0,0
2019-01-24 18:17:20.206821,13087716,22,0,2019-01-24 02:17:09, 한국최초의 공인인증서.jpg ,9370,11,0,0
2019-01-24 19:17:12.436866,13087716,22,0,2019-01-24 02:17:09, 한국최초의 공인인증서.jpg ,9378,8,0,0
2019-01-24 20:17:17.540189,13087716,22,0,2019-01-24 02:17:09, 한국최초의 공인인증서.jpg ,9381,3,0,0
2019-01-24 21:17:09.506098,13087716,22,0,2019-01-24 02:17:09, 한국최초의 공인인증서.jpg ,9388,7,0,0
2019-01-24 22:17:14.574222,13087716,22,0,2019-01-24 02:17:09, 한국최초의 공인인증서.jpg ,9394,6,0,0
2019-01-24 23:17:19.838187,13087716,22,0,2019-01-24 02:17:09, 한국최초의 공인인증서.jpg ,9400,6,0,0
2019-01-25 00:17:12.107108,13087716,22,0,2019-01-24 02:17:09, 한국최초의 공인인증서.jpg ,9401,1,0,0
2019-01-25 01:17:17.143033,13087716,22,0,2019-01-24 02:17:09, 한국최초의 공인인증서.jpg ,9407,6,0,0
2019-01-25 02:17:09.266250,13087716,22,0,2019-01-24 02:17:09, 한국최초의 공인인증서.jpg ,9411,4,0,0
