check_time,id,post_reply,post_symph,post_time,post_title,post_view,post_view_diff,post_reply_diff,post_symph_diff
2019-01-29 03:26:11.181457,13106926,9,0,2019-01-29 02:26:10, 원피스 차세대 해군대장.jpg ,1816,1816,9,0
2019-01-29 04:26:16.457750,13106926,9,1,2019-01-29 02:26:10, 원피스 차세대 해군대장.jpg ,2546,730,0,1
2019-01-29 05:26:21.589686,13106926,9,1,2019-01-29 02:26:10, 원피스 차세대 해군대장.jpg ,3175,629,0,0
2019-01-29 06:26:15.477794,13106926,9,1,2019-01-29 02:26:10, 원피스 차세대 해군대장.jpg ,4008,833,0,0
2019-01-29 07:26:20.692836,13106926,10,1,2019-01-29 02:26:10, 원피스 차세대 해군대장.jpg ,5784,1776,1,0
2019-01-29 08:26:12.854058,13106926,12,1,2019-01-29 02:26:10, 원피스 차세대 해군대장.jpg ,7894,2110,2,0
2019-01-29 09:26:17.937470,13106926,12,1,2019-01-29 02:26:10, 원피스 차세대 해군대장.jpg ,9012,1118,0,0
2019-01-29 10:26:10.058086,13106926,12,1,2019-01-29 02:26:10, 원피스 차세대 해군대장.jpg ,9482,470,0,0
2019-01-29 11:26:15.123605,13106926,12,1,2019-01-29 02:26:10, 원피스 차세대 해군대장.jpg ,9699,217,0,0
2019-01-29 12:26:20.138148,13106926,12,1,2019-01-29 02:26:10, 원피스 차세대 해군대장.jpg ,9790,91,0,0
2019-01-29 13:26:12.163360,13106926,12,1,2019-01-29 02:26:10, 원피스 차세대 해군대장.jpg ,9841,51,0,0
2019-01-29 14:26:17.202839,13106926,12,1,2019-01-29 02:26:10, 원피스 차세대 해군대장.jpg ,9890,49,0,0
2019-01-29 15:26:22.216855,13106926,12,1,2019-01-29 02:26:10, 원피스 차세대 해군대장.jpg ,9915,25,0,0
2019-01-29 16:26:14.387068,13106926,12,1,2019-01-29 02:26:10, 원피스 차세대 해군대장.jpg ,9930,15,0,0
2019-01-29 17:26:19.414923,13106926,12,1,2019-01-29 02:26:10, 원피스 차세대 해군대장.jpg ,9944,14,0,0
2019-01-29 18:26:11.650140,13106926,12,1,2019-01-29 02:26:10, 원피스 차세대 해군대장.jpg ,9949,5,0,0
2019-01-29 19:26:16.798688,13106926,12,1,2019-01-29 02:26:10, 원피스 차세대 해군대장.jpg ,9968,19,0,0
2019-01-29 20:26:21.923725,13106926,12,1,2019-01-29 02:26:10, 원피스 차세대 해군대장.jpg ,9974,6,0,0
2019-01-29 21:26:13.993162,13106926,12,1,2019-01-29 02:26:10, 원피스 차세대 해군대장.jpg ,9981,7,0,0
2019-01-29 22:26:19.020337,13106926,12,1,2019-01-29 02:26:10, 원피스 차세대 해군대장.jpg ,9986,5,0,0
2019-01-29 23:26:11.047053,13106926,12,1,2019-01-29 02:26:10, 원피스 차세대 해군대장.jpg ,9990,4,0,0
2019-01-30 00:26:16.137374,13106926,12,1,2019-01-29 02:26:10, 원피스 차세대 해군대장.jpg ,9993,3,0,0
2019-01-30 01:26:21.183566,13106926,12,1,2019-01-29 02:26:10, 원피스 차세대 해군대장.jpg ,10004,11,0,0
2019-01-30 02:26:13.220752,13106926,12,1,2019-01-29 02:26:10, 원피스 차세대 해군대장.jpg ,10005,1,0,0
