check_time,id,post_reply,post_symph,post_time,post_title,post_view,post_view_diff,post_reply_diff,post_symph_diff
2019-01-24 03:41:18.796623,13087731,9,0,2019-01-24 02:41:11, 이래서 비싸도 최신폰을 쓰는 사람이 많군요 ,1017,1017,9,0
2019-01-24 04:41:23.847714,13087731,10,0,2019-01-24 02:41:11, 이래서 비싸도 최신폰을 쓰는 사람이 많군요 ,1338,321,1,0
2019-01-24 05:41:15.873563,13087731,10,0,2019-01-24 02:41:11, 이래서 비싸도 최신폰을 쓰는 사람이 많군요 ,1592,254,0,0
2019-01-24 06:41:20.833835,13087731,10,0,2019-01-24 02:41:11, 이래서 비싸도 최신폰을 쓰는 사람이 많군요 ,1893,301,0,0
2019-01-24 07:41:12.886949,13087731,10,0,2019-01-24 02:41:11, 이래서 비싸도 최신폰을 쓰는 사람이 많군요 ,2344,451,0,0
2019-01-24 08:41:17.834161,13087731,10,0,2019-01-24 02:41:11, 이래서 비싸도 최신폰을 쓰는 사람이 많군요 ,2700,356,0,0
2019-01-24 09:41:22.853214,13087731,10,0,2019-01-24 02:41:11, 이래서 비싸도 최신폰을 쓰는 사람이 많군요 ,2844,144,0,0
2019-01-24 10:41:14.969819,13087731,10,0,2019-01-24 02:41:11, 이래서 비싸도 최신폰을 쓰는 사람이 많군요 ,2895,51,0,0
2019-01-24 11:41:20.055468,13087731,10,0,2019-01-24 02:41:11, 이래서 비싸도 최신폰을 쓰는 사람이 많군요 ,2916,21,0,0
2019-01-24 12:41:12.176746,13087731,10,0,2019-01-24 02:41:11, 이래서 비싸도 최신폰을 쓰는 사람이 많군요 ,2933,17,0,0
2019-01-24 13:41:17.500562,13087731,10,0,2019-01-24 02:41:11, 이래서 비싸도 최신폰을 쓰는 사람이 많군요 ,2947,14,0,0
2019-01-24 14:41:22.762509,13087731,10,0,2019-01-24 02:41:11, 이래서 비싸도 최신폰을 쓰는 사람이 많군요 ,2962,15,0,0
2019-01-24 15:41:15.059279,13087731,10,0,2019-01-24 02:41:11, 이래서 비싸도 최신폰을 쓰는 사람이 많군요 ,2971,9,0,0
2019-01-24 16:41:20.198808,13087731,10,0,2019-01-24 02:41:11, 이래서 비싸도 최신폰을 쓰는 사람이 많군요 ,2981,10,0,0
2019-01-24 17:41:12.303401,13087731,10,0,2019-01-24 02:41:11, 이래서 비싸도 최신폰을 쓰는 사람이 많군요 ,2989,8,0,0
2019-01-24 18:41:17.468935,13087731,10,0,2019-01-24 02:41:11, 이래서 비싸도 최신폰을 쓰는 사람이 많군요 ,2997,8,0,0
2019-01-24 19:41:22.607567,13087731,10,0,2019-01-24 02:41:11, 이래서 비싸도 최신폰을 쓰는 사람이 많군요 ,2999,2,0,0
2019-01-24 20:41:14.703124,13087731,10,0,2019-01-24 02:41:11, 이래서 비싸도 최신폰을 쓰는 사람이 많군요 ,3003,4,0,0
2019-01-24 21:41:19.807243,13087731,10,0,2019-01-24 02:41:11, 이래서 비싸도 최신폰을 쓰는 사람이 많군요 ,3006,3,0,0
2019-01-24 22:41:11.847116,13087731,10,0,2019-01-24 02:41:11, 이래서 비싸도 최신폰을 쓰는 사람이 많군요 ,3008,2,0,0
2019-01-24 23:41:16.807718,13087731,10,0,2019-01-24 02:41:11, 이래서 비싸도 최신폰을 쓰는 사람이 많군요 ,3012,4,0,0
2019-01-25 00:41:21.956335,13087731,10,0,2019-01-24 02:41:11, 이래서 비싸도 최신폰을 쓰는 사람이 많군요 ,3015,3,0,0
2019-01-25 01:41:14.143037,13087731,10,0,2019-01-24 02:41:11, 이래서 비싸도 최신폰을 쓰는 사람이 많군요 ,3020,5,0,0
2019-01-25 02:41:19.177383,13087731,10,0,2019-01-24 02:41:11, 이래서 비싸도 최신폰을 쓰는 사람이 많군요 ,3024,4,0,0
