check_time,id,post_reply,post_symph,post_time,post_title,post_view,post_view_diff,post_reply_diff,post_symph_diff
2019-01-30 03:31:15.569520,13110505,1,0,2019-01-30 02:31:07, 스파이더맨 멀미했습니다 ㅠㅠ ,454,454,1,0
2019-01-30 04:31:07.543816,13110505,2,0,2019-01-30 02:31:07, 스파이더맨 멀미했습니다 ㅠㅠ ,597,143,1,0
2019-01-30 05:31:12.523301,13110505,2,0,2019-01-30 02:31:07, 스파이더맨 멀미했습니다 ㅠㅠ ,680,83,0,0
2019-01-30 06:31:17.496861,13110505,2,0,2019-01-30 02:31:07, 스파이더맨 멀미했습니다 ㅠㅠ ,797,117,0,0
2019-01-30 07:31:09.488041,13110505,2,0,2019-01-30 02:31:07, 스파이더맨 멀미했습니다 ㅠㅠ ,987,190,0,0
2019-01-30 08:31:14.713791,13110505,2,0,2019-01-30 02:31:07, 스파이더맨 멀미했습니다 ㅠㅠ ,1172,185,0,0
2019-01-30 09:31:19.762253,13110505,3,0,2019-01-30 02:31:07, 스파이더맨 멀미했습니다 ㅠㅠ ,1270,98,1,0
2019-01-30 10:31:11.822708,13110505,3,0,2019-01-30 02:31:07, 스파이더맨 멀미했습니다 ㅠㅠ ,1289,19,0,0
2019-01-30 11:31:17.026663,13110505,3,0,2019-01-30 02:31:07, 스파이더맨 멀미했습니다 ㅠㅠ ,1294,5,0,0
2019-01-30 12:31:09.055018,13110505,3,0,2019-01-30 02:31:07, 스파이더맨 멀미했습니다 ㅠㅠ ,1298,4,0,0
2019-01-30 13:31:14.083611,13110505,3,0,2019-01-30 02:31:07, 스파이더맨 멀미했습니다 ㅠㅠ ,1305,7,0,0
2019-01-30 14:31:19.216090,13110505,3,0,2019-01-30 02:31:07, 스파이더맨 멀미했습니다 ㅠㅠ ,1308,3,0,0
2019-01-30 15:31:11.230427,13110505,3,0,2019-01-30 02:31:07, 스파이더맨 멀미했습니다 ㅠㅠ ,1311,3,0,0
2019-01-30 16:31:16.296251,13110505,3,0,2019-01-30 02:31:07, 스파이더맨 멀미했습니다 ㅠㅠ ,1314,3,0,0
2019-01-30 17:31:08.296533,13110505,3,0,2019-01-30 02:31:07, 스파이더맨 멀미했습니다 ㅠㅠ ,1315,1,0,0
2019-01-30 18:31:13.251656,13110505,3,0,2019-01-30 02:31:07, 스파이더맨 멀미했습니다 ㅠㅠ ,1317,2,0,0
2019-01-30 19:31:18.301020,13110505,3,0,2019-01-30 02:31:07, 스파이더맨 멀미했습니다 ㅠㅠ ,1319,2,0,0
2019-01-30 20:31:10.467706,13110505,3,0,2019-01-30 02:31:07, 스파이더맨 멀미했습니다 ㅠㅠ ,1321,2,0,0
2019-01-30 21:31:15.572015,13110505,3,0,2019-01-30 02:31:07, 스파이더맨 멀미했습니다 ㅠㅠ ,1324,3,0,0
2019-01-30 22:31:07.583904,13110505,3,0,2019-01-30 02:31:07, 스파이더맨 멀미했습니다 ㅠㅠ ,1325,1,0,0
2019-01-30 23:31:12.659841,13110505,3,0,2019-01-30 02:31:07, 스파이더맨 멀미했습니다 ㅠㅠ ,1329,4,0,0
2019-01-31 00:31:17.706630,13110505,3,0,2019-01-30 02:31:07, 스파이더맨 멀미했습니다 ㅠㅠ ,1331,2,0,0
2019-01-31 01:31:09.789995,13110505,3,0,2019-01-30 02:31:07, 스파이더맨 멀미했습니다 ㅠㅠ ,1333,2,0,0
2019-01-31 02:31:14.880159,13110505,3,0,2019-01-30 02:31:07, 스파이더맨 멀미했습니다 ㅠㅠ ,1334,1,0,0
