check_time,id,post_reply,post_symph,post_time,post_title,post_view,post_view_diff,post_reply_diff,post_symph_diff
2019-01-24 03:02:21.960272,13087698,2,0,2019-01-24 02:02:16, 박병대는 왜?? ,795,795,2,0
2019-01-24 04:02:26.966753,13087698,2,0,2019-01-24 02:02:16, 박병대는 왜?? ,881,86,0,0
2019-01-24 05:02:18.966990,13087698,2,0,2019-01-24 02:02:16, 박병대는 왜?? ,955,74,0,0
2019-01-24 06:02:23.953825,13087698,2,0,2019-01-24 02:02:16, 박병대는 왜?? ,1013,58,0,0
2019-01-24 07:02:28.993155,13087698,2,0,2019-01-24 02:02:16, 박병대는 왜?? ,1114,101,0,0
2019-01-24 08:02:20.993506,13087698,2,0,2019-01-24 02:02:16, 박병대는 왜?? ,1201,87,0,0
2019-01-24 09:02:26.057701,13087698,2,0,2019-01-24 02:02:16, 박병대는 왜?? ,1243,42,0,0
2019-01-24 10:02:18.110666,13087698,2,0,2019-01-24 02:02:16, 박병대는 왜?? ,1256,13,0,0
2019-01-24 11:02:23.257450,13087698,2,0,2019-01-24 02:02:16, 박병대는 왜?? ,1261,5,0,0
2019-01-24 12:02:28.270513,13087698,2,0,2019-01-24 02:02:16, 박병대는 왜?? ,1267,6,0,0
2019-01-24 13:02:20.269541,13087698,2,0,2019-01-24 02:02:16, 박병대는 왜?? ,1272,5,0,0
2019-01-24 14:02:25.493399,13087698,2,0,2019-01-24 02:02:16, 박병대는 왜?? ,1273,1,0,0
2019-01-24 15:02:17.503743,13087698,2,0,2019-01-24 02:02:16, 박병대는 왜?? ,1276,3,0,0
2019-01-24 16:02:22.634409,13087698,2,0,2019-01-24 02:02:16, 박병대는 왜?? ,1278,2,0,0
2019-01-24 17:02:27.668062,13087698,2,0,2019-01-24 02:02:16, 박병대는 왜?? ,1279,1,0,0
2019-01-24 18:02:20.125020,13087698,2,0,2019-01-24 02:02:16, 박병대는 왜?? ,1280,1,0,0
2019-01-24 19:02:25.111425,13087698,2,0,2019-01-24 02:02:16, 박병대는 왜?? ,1282,2,0,0
2019-01-24 20:02:17.070807,13087698,2,0,2019-01-24 02:02:16, 박병대는 왜?? ,1283,1,0,0
2019-01-24 21:02:22.098077,13087698,2,0,2019-01-24 02:02:16, 박병대는 왜?? ,1286,3,0,0
2019-01-24 22:02:27.223403,13087698,2,0,2019-01-24 02:02:16, 박병대는 왜?? ,1288,2,0,0
2019-01-24 23:02:19.254778,13087698,2,0,2019-01-24 02:02:16, 박병대는 왜?? ,1290,2,0,0
2019-01-25 00:02:24.321500,13087698,2,0,2019-01-24 02:02:16, 박병대는 왜?? ,1291,1,0,0
2019-01-25 01:02:16.587323,13087698,2,0,2019-01-24 02:02:16, 박병대는 왜?? ,1294,3,0,0
2019-01-25 02:02:21.931088,13087698,2,0,2019-01-24 02:02:16, 박병대는 왜?? ,1296,2,0,0
