check_time,id,post_reply,post_symph,post_time,post_title,post_view,post_view_diff,post_reply_diff,post_symph_diff
2019-01-25 03:20:50.975686,13092156,6,0,2019-01-25 02:20:50, 외국 백인 여군이 경례하는 모습 .jpg ,2305,2305,6,0
2019-01-25 04:20:56.077262,13092156,7,0,2019-01-25 02:20:50, 외국 백인 여군이 경례하는 모습 .jpg ,2827,522,1,0
2019-01-25 05:21:01.170209,13092156,8,0,2019-01-25 02:20:50, 외국 백인 여군이 경례하는 모습 .jpg ,3340,513,1,0
2019-01-25 06:20:53.284667,13092156,8,0,2019-01-25 02:20:50, 외국 백인 여군이 경례하는 모습 .jpg ,3935,595,0,0
2019-01-25 07:20:58.521428,13092156,8,0,2019-01-25 02:20:50, 외국 백인 여군이 경례하는 모습 .jpg ,5161,1226,0,0
2019-01-25 08:20:50.752012,13092156,9,0,2019-01-25 02:20:50, 외국 백인 여군이 경례하는 모습 .jpg ,6532,1371,1,0
2019-01-25 09:20:55.854432,13092156,10,0,2019-01-25 02:20:50, 외국 백인 여군이 경례하는 모습 .jpg ,7340,808,1,0
2019-01-25 10:21:01.195969,13092156,10,0,2019-01-25 02:20:50, 외국 백인 여군이 경례하는 모습 .jpg ,7643,303,0,0
2019-01-25 11:20:53.636222,13092156,10,0,2019-01-25 02:20:50, 외국 백인 여군이 경례하는 모습 .jpg ,7786,143,0,0
2019-01-25 12:20:58.936216,13092156,10,0,2019-01-25 02:20:50, 외국 백인 여군이 경례하는 모습 .jpg ,7879,93,0,0
2019-01-25 13:20:51.206334,13092156,10,0,2019-01-25 02:20:50, 외국 백인 여군이 경례하는 모습 .jpg ,7947,68,0,0
2019-01-25 14:20:56.346535,13092156,10,0,2019-01-25 02:20:50, 외국 백인 여군이 경례하는 모습 .jpg ,7983,36,0,0
2019-01-25 15:21:01.413349,13092156,10,0,2019-01-25 02:20:50, 외국 백인 여군이 경례하는 모습 .jpg ,8002,19,0,0
2019-01-25 16:20:53.439882,13092156,10,0,2019-01-25 02:20:50, 외국 백인 여군이 경례하는 모습 .jpg ,8016,14,0,0
2019-01-25 17:20:58.470151,13092156,10,0,2019-01-25 02:20:50, 외국 백인 여군이 경례하는 모습 .jpg ,8025,9,0,0
2019-01-25 18:20:50.506206,13092156,10,0,2019-01-25 02:20:50, 외국 백인 여군이 경례하는 모습 .jpg ,8037,12,0,0
2019-01-25 19:20:55.676791,13092156,10,0,2019-01-25 02:20:50, 외국 백인 여군이 경례하는 모습 .jpg ,8038,1,0,0
2019-01-25 20:21:01.070478,13092156,10,0,2019-01-25 02:20:50, 외국 백인 여군이 경례하는 모습 .jpg ,8043,5,0,0
2019-01-25 21:20:53.108592,13092156,10,0,2019-01-25 02:20:50, 외국 백인 여군이 경례하는 모습 .jpg ,8048,5,0,0
2019-01-25 22:20:58.204553,13092156,10,0,2019-01-25 02:20:50, 외국 백인 여군이 경례하는 모습 .jpg ,8053,5,0,0
2019-01-25 23:20:51.280143,13092156,10,0,2019-01-25 02:20:50, 외국 백인 여군이 경례하는 모습 .jpg ,8059,6,0,0
2019-01-26 00:20:56.490856,13092156,10,0,2019-01-25 02:20:50, 외국 백인 여군이 경례하는 모습 .jpg ,8061,2,0,0
2019-01-26 01:21:01.645664,13092156,10,0,2019-01-25 02:20:50, 외국 백인 여군이 경례하는 모습 .jpg ,8068,7,0,0
2019-01-26 02:20:53.719595,13092156,10,0,2019-01-25 02:20:50, 외국 백인 여군이 경례하는 모습 .jpg ,8071,3,0,0
