check_time,id,post_reply,post_symph,post_time,post_title,post_view,post_view_diff,post_reply_diff,post_symph_diff
2019-01-28 03:52:16.917137,13103114,1,0,2019-01-28 02:52:04, 어메이징 스파이더맨 시리즈를 다시 봤는데.. ,435,435,1,0
2019-01-28 04:52:08.960228,13103114,1,0,2019-01-28 02:52:04, 어메이징 스파이더맨 시리즈를 다시 봤는데.. ,557,122,0,0
2019-01-28 05:52:13.995341,13103114,1,0,2019-01-28 02:52:04, 어메이징 스파이더맨 시리즈를 다시 봤는데.. ,657,100,0,0
2019-01-28 06:52:06.006454,13103114,2,0,2019-01-28 02:52:04, 어메이징 스파이더맨 시리즈를 다시 봤는데.. ,843,186,1,0
2019-01-28 07:52:11.056390,13103114,2,0,2019-01-28 02:52:04, 어메이징 스파이더맨 시리즈를 다시 봤는데.. ,1096,253,0,0
2019-01-28 08:52:16.169067,13103114,3,0,2019-01-28 02:52:04, 어메이징 스파이더맨 시리즈를 다시 봤는데.. ,1285,189,1,0
2019-01-28 09:52:08.190621,13103114,3,0,2019-01-28 02:52:04, 어메이징 스파이더맨 시리즈를 다시 봤는데.. ,1357,72,0,0
2019-01-28 10:52:13.124067,13103114,3,0,2019-01-28 02:52:04, 어메이징 스파이더맨 시리즈를 다시 봤는데.. ,1375,18,0,0
2019-01-28 11:52:05.123866,13103114,3,0,2019-01-28 02:52:04, 어메이징 스파이더맨 시리즈를 다시 봤는데.. ,1386,11,0,0
2019-01-28 12:52:10.413217,13103114,3,0,2019-01-28 02:52:04, 어메이징 스파이더맨 시리즈를 다시 봤는데.. ,1396,10,0,0
2019-01-28 13:52:15.453310,13103114,3,0,2019-01-28 02:52:04, 어메이징 스파이더맨 시리즈를 다시 봤는데.. ,1403,7,0,0
2019-01-28 14:52:07.461158,13103114,3,0,2019-01-28 02:52:04, 어메이징 스파이더맨 시리즈를 다시 봤는데.. ,1404,1,0,0
2019-01-28 15:52:12.777163,13103114,3,0,2019-01-28 02:52:04, 어메이징 스파이더맨 시리즈를 다시 봤는데.. ,1408,4,0,0
2019-01-28 16:52:05.065301,13103114,3,0,2019-01-28 02:52:04, 어메이징 스파이더맨 시리즈를 다시 봤는데.. ,1412,4,0,0
2019-01-28 17:52:10.500641,13103114,3,0,2019-01-28 02:52:04, 어메이징 스파이더맨 시리즈를 다시 봤는데.. ,1414,2,0,0
2019-01-28 18:52:15.677942,13103114,3,0,2019-01-28 02:52:04, 어메이징 스파이더맨 시리즈를 다시 봤는데.. ,1417,3,0,0
2019-01-28 19:52:07.770335,13103114,3,0,2019-01-28 02:52:04, 어메이징 스파이더맨 시리즈를 다시 봤는데.. ,1418,1,0,0
2019-01-28 20:52:13.017202,13103114,3,0,2019-01-28 02:52:04, 어메이징 스파이더맨 시리즈를 다시 봤는데.. ,1422,4,0,0
2019-01-28 21:52:05.121981,13103114,3,0,2019-01-28 02:52:04, 어메이징 스파이더맨 시리즈를 다시 봤는데.. ,1424,2,0,0
2019-01-28 22:52:10.731891,13103114,3,0,2019-01-28 02:52:04, 어메이징 스파이더맨 시리즈를 다시 봤는데.. ,1425,1,0,0
2019-01-28 23:52:15.741669,13103114,3,0,2019-01-28 02:52:04, 어메이징 스파이더맨 시리즈를 다시 봤는데.. ,1427,2,0,0
2019-01-29 00:52:07.751466,13103114,3,0,2019-01-28 02:52:04, 어메이징 스파이더맨 시리즈를 다시 봤는데.. ,1430,3,0,0
2019-01-29 01:52:12.827124,13103114,3,0,2019-01-28 02:52:04, 어메이징 스파이더맨 시리즈를 다시 봤는데.. ,1433,3,0,0
2019-01-29 02:52:04.857077,13103114,3,0,2019-01-28 02:52:04, 어메이징 스파이더맨 시리즈를 다시 봤는데.. ,1435,2,0,0
