check_time,id,post_reply,post_symph,post_time,post_title,post_view,post_view_diff,post_reply_diff,post_symph_diff
2019-01-27 03:15:48.327175,13100087,8,0,2019-01-27 02:15:40, 마지막 한편 남았네요. ,645,645,8,0
2019-01-27 04:15:40.570279,13100087,8,0,2019-01-27 02:15:40, 마지막 한편 남았네요. ,788,143,0,0
2019-01-27 05:15:45.979994,13100087,8,0,2019-01-27 02:15:40, 마지막 한편 남았네요. ,844,56,0,0
2019-01-27 06:15:51.124504,13100087,8,0,2019-01-27 02:15:40, 마지막 한편 남았네요. ,889,45,0,0
2019-01-27 07:15:43.097579,13100087,8,0,2019-01-27 02:15:40, 마지막 한편 남았네요. ,952,63,0,0
2019-01-27 08:15:48.168993,13100087,8,0,2019-01-27 02:15:40, 마지막 한편 남았네요. ,1048,96,0,0
2019-01-27 09:15:40.169441,13100087,8,0,2019-01-27 02:15:40, 마지막 한편 남았네요. ,1151,103,0,0
2019-01-27 10:15:45.413725,13100087,8,0,2019-01-27 02:15:40, 마지막 한편 남았네요. ,1216,65,0,0
2019-01-27 11:15:50.690426,13100087,8,0,2019-01-27 02:15:40, 마지막 한편 남았네요. ,1247,31,0,0
2019-01-27 12:15:42.755862,13100087,8,0,2019-01-27 02:15:40, 마지막 한편 남았네요. ,1267,20,0,0
2019-01-27 13:15:48.006362,13100087,8,0,2019-01-27 02:15:40, 마지막 한편 남았네요. ,1275,8,0,0
2019-01-27 14:15:40.058363,13100087,8,0,2019-01-27 02:15:40, 마지막 한편 남았네요. ,1279,4,0,0
2019-01-27 15:15:45.140221,13100087,8,0,2019-01-27 02:15:40, 마지막 한편 남았네요. ,1284,5,0,0
2019-01-27 16:15:50.426976,13100087,8,0,2019-01-27 02:15:40, 마지막 한편 남았네요. ,1287,3,0,0
2019-01-27 17:15:42.440490,13100087,8,0,2019-01-27 02:15:40, 마지막 한편 남았네요. ,1290,3,0,0
2019-01-27 18:15:47.534631,13100087,8,0,2019-01-27 02:15:40, 마지막 한편 남았네요. ,1292,2,0,0
2019-01-27 19:15:52.583741,13100087,8,0,2019-01-27 02:15:40, 마지막 한편 남았네요. ,1294,2,0,0
2019-01-27 20:15:44.572123,13100087,8,0,2019-01-27 02:15:40, 마지막 한편 남았네요. ,1298,4,0,0
2019-01-27 21:15:49.874715,13100087,8,0,2019-01-27 02:15:40, 마지막 한편 남았네요. ,1300,2,0,0
2019-01-27 22:15:41.935151,13100087,8,0,2019-01-27 02:15:40, 마지막 한편 남았네요. ,1303,3,0,0
2019-01-27 23:15:47.077571,13100087,8,0,2019-01-27 02:15:40, 마지막 한편 남았네요. ,1306,3,0,0
2019-01-28 00:15:52.466352,13100087,8,0,2019-01-27 02:15:40, 마지막 한편 남았네요. ,1308,2,0,0
2019-01-28 01:15:44.598790,13100087,8,0,2019-01-27 02:15:40, 마지막 한편 남았네요. ,1311,3,0,0
2019-01-28 02:15:49.730322,13100087,8,0,2019-01-27 02:15:40, 마지막 한편 남았네요. ,1313,2,0,0
