check_time,id,post_reply,post_symph,post_time,post_title,post_view,post_view_diff,post_reply_diff,post_symph_diff
2019-01-28 03:37:50.137480,13103110,4,0,2019-01-28 02:37:50, 방에 꾸민 돌비 애트모스 ,1378,1378,4,0
2019-01-28 04:37:55.097490,13103110,4,0,2019-01-28 02:37:50, 방에 꾸민 돌비 애트모스 ,1826,448,0,0
2019-01-28 05:38:00.110375,13103110,5,0,2019-01-28 02:37:50, 방에 꾸민 돌비 애트모스 ,2144,318,1,0
2019-01-28 06:37:52.084060,13103110,5,0,2019-01-28 02:37:50, 방에 꾸민 돌비 애트모스 ,2594,450,0,0
2019-01-28 07:37:57.123832,13103110,5,0,2019-01-28 02:37:50, 방에 꾸민 돌비 애트모스 ,3294,700,0,0
2019-01-28 08:38:02.189860,13103110,8,0,2019-01-28 02:37:50, 방에 꾸민 돌비 애트모스 ,4012,718,3,0
2019-01-28 09:37:54.400483,13103110,11,0,2019-01-28 02:37:50, 방에 꾸민 돌비 애트모스 ,4403,391,3,0
2019-01-28 10:37:59.427157,13103110,11,0,2019-01-28 02:37:50, 방에 꾸민 돌비 애트모스 ,4549,146,0,0
2019-01-28 11:37:51.386839,13103110,11,0,2019-01-28 02:37:50, 방에 꾸민 돌비 애트모스 ,4626,77,0,0
2019-01-28 12:37:56.453144,13103110,11,0,2019-01-28 02:37:50, 방에 꾸민 돌비 애트모스 ,4704,78,0,0
2019-01-28 13:38:01.473534,13103110,11,0,2019-01-28 02:37:50, 방에 꾸민 돌비 애트모스 ,4752,48,0,0
2019-01-28 14:37:53.597233,13103110,11,0,2019-01-28 02:37:50, 방에 꾸민 돌비 애트모스 ,4767,15,0,0
2019-01-28 15:37:58.860415,13103110,11,0,2019-01-28 02:37:50, 방에 꾸민 돌비 애트모스 ,4786,19,0,0
2019-01-28 16:37:50.887062,13103110,11,0,2019-01-28 02:37:50, 방에 꾸민 돌비 애트모스 ,4799,13,0,0
2019-01-28 17:37:55.963262,13103110,11,0,2019-01-28 02:37:50, 방에 꾸민 돌비 애트모스 ,4817,18,0,0
2019-01-28 18:38:01.095756,13103110,11,0,2019-01-28 02:37:50, 방에 꾸민 돌비 애트모스 ,4829,12,0,0
2019-01-28 19:37:53.128546,13103110,11,0,2019-01-28 02:37:50, 방에 꾸민 돌비 애트모스 ,4837,8,0,0
2019-01-28 20:37:58.183646,13103110,11,0,2019-01-28 02:37:50, 방에 꾸민 돌비 애트모스 ,4840,3,0,0
2019-01-28 21:37:50.269699,13103110,11,0,2019-01-28 02:37:50, 방에 꾸민 돌비 애트모스 ,4844,4,0,0
2019-01-28 22:37:55.360383,13103110,11,0,2019-01-28 02:37:50, 방에 꾸민 돌비 애트모스 ,4847,3,0,0
2019-01-28 23:38:00.400824,13103110,11,0,2019-01-28 02:37:50, 방에 꾸민 돌비 애트모스 ,4848,1,0,0
2019-01-29 00:37:52.563859,13103110,11,0,2019-01-28 02:37:50, 방에 꾸민 돌비 애트모스 ,4854,6,0,0
2019-01-29 01:37:57.719643,13103110,11,0,2019-01-28 02:37:50, 방에 꾸민 돌비 애트모스 ,4857,3,0,0
2019-01-29 02:38:02.834508,13103110,11,0,2019-01-28 02:37:50, 방에 꾸민 돌비 애트모스 ,4860,3,0,0
