check_time,id,post_reply,post_symph,post_time,post_title,post_view,post_view_diff,post_reply_diff,post_symph_diff
2019-01-24 03:12:02.462973,13087708,19,1,2019-01-24 02:12:01, 국경없는포차 근황.jpg ,2851,2851,19,1
2019-01-24 04:12:07.519642,13087708,21,1,2019-01-24 02:12:01, 국경없는포차 근황.jpg ,3636,785,2,0
2019-01-24 05:12:12.511601,13087708,21,1,2019-01-24 02:12:01, 국경없는포차 근황.jpg ,4218,582,0,0
2019-01-24 06:12:04.520303,13087708,21,1,2019-01-24 02:12:01, 국경없는포차 근황.jpg ,4945,727,0,0
2019-01-24 07:12:09.507545,13087708,22,1,2019-01-24 02:12:01, 국경없는포차 근황.jpg ,6487,1542,1,0
2019-01-24 08:12:01.504084,13087708,22,1,2019-01-24 02:12:01, 국경없는포차 근황.jpg ,8269,1782,0,0
2019-01-24 09:12:06.636525,13087708,22,1,2019-01-24 02:12:01, 국경없는포차 근황.jpg ,9355,1086,0,0
2019-01-24 10:12:11.768201,13087708,22,1,2019-01-24 02:12:01, 국경없는포차 근황.jpg ,9753,398,0,0
2019-01-24 11:12:03.849610,13087708,22,1,2019-01-24 02:12:01, 국경없는포차 근황.jpg ,9902,149,0,0
2019-01-24 12:12:08.908170,13087708,22,1,2019-01-24 02:12:01, 국경없는포차 근황.jpg ,9972,70,0,0
2019-01-24 13:12:14.003516,13087708,22,1,2019-01-24 02:12:01, 국경없는포차 근황.jpg ,10024,52,0,0
2019-01-24 14:12:06.144016,13087708,22,1,2019-01-24 02:12:01, 국경없는포차 근황.jpg ,10061,37,0,0
2019-01-24 15:12:11.283511,13087708,22,1,2019-01-24 02:12:01, 국경없는포차 근황.jpg ,10088,27,0,0
2019-01-24 16:12:03.307311,13087708,22,1,2019-01-24 02:12:01, 국경없는포차 근황.jpg ,10110,22,0,0
2019-01-24 17:12:08.506248,13087708,22,1,2019-01-24 02:12:01, 국경없는포차 근황.jpg ,10129,19,0,0
2019-01-24 18:12:13.534059,13087708,22,1,2019-01-24 02:12:01, 국경없는포차 근황.jpg ,10139,10,0,0
2019-01-24 19:12:05.637122,13087708,22,1,2019-01-24 02:12:01, 국경없는포차 근황.jpg ,10146,7,0,0
2019-01-24 20:12:10.777309,13087708,22,1,2019-01-24 02:12:01, 국경없는포차 근황.jpg ,10158,12,0,0
2019-01-24 21:12:03.259539,13087708,22,1,2019-01-24 02:12:01, 국경없는포차 근황.jpg ,10164,6,0,0
2019-01-24 22:12:08.382742,13087708,22,1,2019-01-24 02:12:01, 국경없는포차 근황.jpg ,10171,7,0,0
2019-01-24 23:12:13.571268,13087708,22,1,2019-01-24 02:12:01, 국경없는포차 근황.jpg ,10177,6,0,0
2019-01-25 00:12:05.584852,13087708,22,1,2019-01-24 02:12:01, 국경없는포차 근황.jpg ,10179,2,0,0
2019-01-25 01:12:10.766682,13087708,22,1,2019-01-24 02:12:01, 국경없는포차 근황.jpg ,10186,7,0,0
2019-01-25 02:12:03.177158,13087708,22,1,2019-01-24 02:12:01, 국경없는포차 근황.jpg ,10194,8,0,0
