check_time,id,post_reply,post_symph,post_time,post_title,post_view,post_view_diff,post_reply_diff,post_symph_diff
2019-01-30 03:47:20.324525,13110517,4,0,2019-01-30 02:47:09, 기혼 돌씽 단톡방에 잠입한 야갤러 ,1874,1874,4,0
2019-01-30 04:47:12.381136,13110517,5,0,2019-01-30 02:47:09, 기혼 돌씽 단톡방에 잠입한 야갤러 ,2513,639,1,0
2019-01-30 05:47:17.499660,13110517,5,0,2019-01-30 02:47:09, 기혼 돌씽 단톡방에 잠입한 야갤러 ,3144,631,0,0
2019-01-30 06:47:09.575623,13110517,5,0,2019-01-30 02:47:09, 기혼 돌씽 단톡방에 잠입한 야갤러 ,4202,1058,0,0
2019-01-30 07:47:14.576028,13110517,6,0,2019-01-30 02:47:09, 기혼 돌씽 단톡방에 잠입한 야갤러 ,5747,1545,1,0
2019-01-30 08:47:19.638814,13110517,7,0,2019-01-30 02:47:09, 기혼 돌씽 단톡방에 잠입한 야갤러 ,6987,1240,1,0
2019-01-30 09:47:11.878788,13110517,7,0,2019-01-30 02:47:09, 기혼 돌씽 단톡방에 잠입한 야갤러 ,7452,465,0,0
2019-01-30 10:47:17.070487,13110517,7,0,2019-01-30 02:47:09, 기혼 돌씽 단톡방에 잠입한 야갤러 ,7660,208,0,0
2019-01-30 11:47:09.295949,13110517,7,0,2019-01-30 02:47:09, 기혼 돌씽 단톡방에 잠입한 야갤러 ,7778,118,0,0
2019-01-30 12:47:14.468926,13110517,7,0,2019-01-30 02:47:09, 기혼 돌씽 단톡방에 잠입한 야갤러 ,7864,86,0,0
2019-01-30 13:47:19.634189,13110517,7,0,2019-01-30 02:47:09, 기혼 돌씽 단톡방에 잠입한 야갤러 ,7949,85,0,0
2019-01-30 14:47:11.956517,13110517,7,0,2019-01-30 02:47:09, 기혼 돌씽 단톡방에 잠입한 야갤러 ,8007,58,0,0
2019-01-30 15:47:17.197633,13110517,7,0,2019-01-30 02:47:09, 기혼 돌씽 단톡방에 잠입한 야갤러 ,8029,22,0,0
2019-01-30 16:47:09.315683,13110517,7,0,2019-01-30 02:47:09, 기혼 돌씽 단톡방에 잠입한 야갤러 ,8039,10,0,0
2019-01-30 17:47:14.383311,13110517,7,0,2019-01-30 02:47:09, 기혼 돌씽 단톡방에 잠입한 야갤러 ,8048,9,0,0
2019-01-30 18:47:19.715192,13110517,7,0,2019-01-30 02:47:09, 기혼 돌씽 단톡방에 잠입한 야갤러 ,8054,6,0,0
2019-01-30 19:47:11.818459,13110517,7,0,2019-01-30 02:47:09, 기혼 돌씽 단톡방에 잠입한 야갤러 ,8058,4,0,0
2019-01-30 20:47:16.881379,13110517,7,0,2019-01-30 02:47:09, 기혼 돌씽 단톡방에 잠입한 야갤러 ,8060,2,0,0
2019-01-30 21:47:21.968036,13110517,7,0,2019-01-30 02:47:09, 기혼 돌씽 단톡방에 잠입한 야갤러 ,8063,3,0,0
2019-01-30 22:47:14.031034,13110517,7,0,2019-01-30 02:47:09, 기혼 돌씽 단톡방에 잠입한 야갤러 ,8064,1,0,0
2019-01-30 23:47:19.107542,13110517,7,0,2019-01-30 02:47:09, 기혼 돌씽 단톡방에 잠입한 야갤러 ,8068,4,0,0
2019-01-31 00:47:11.204488,13110517,7,0,2019-01-30 02:47:09, 기혼 돌씽 단톡방에 잠입한 야갤러 ,8069,1,0,0
2019-01-31 01:47:16.381370,13110517,7,0,2019-01-30 02:47:09, 기혼 돌씽 단톡방에 잠입한 야갤러 ,8072,3,0,0
2019-01-31 02:47:21.483336,13110517,7,0,2019-01-30 02:47:09, 기혼 돌씽 단톡방에 잠입한 야갤러 ,8073,1,0,0
