check_time,id,post_reply,post_symph,post_time,post_title,post_view,post_view_diff,post_reply_diff,post_symph_diff
2019-01-28 03:21:20.049928,13103098,1,0,2019-01-28 02:21:20, 요즘 공공기관 입사 스펙 보니 ㅎㄷㄷ 하더군요 ,1570,1570,1,0
2019-01-28 04:21:25.144815,13103098,1,0,2019-01-28 02:21:20, 요즘 공공기관 입사 스펙 보니 ㅎㄷㄷ 하더군요 ,2019,449,0,0
2019-01-28 05:21:30.123710,13103098,1,0,2019-01-28 02:21:20, 요즘 공공기관 입사 스펙 보니 ㅎㄷㄷ 하더군요 ,2328,309,0,0
2019-01-28 06:21:22.154203,13103098,1,0,2019-01-28 02:21:20, 요즘 공공기관 입사 스펙 보니 ㅎㄷㄷ 하더군요 ,2758,430,0,0
2019-01-28 07:21:28.751484,13103098,1,0,2019-01-28 02:21:20, 요즘 공공기관 입사 스펙 보니 ㅎㄷㄷ 하더군요 ,3459,701,0,0
2019-01-28 08:21:20.810192,13103098,1,0,2019-01-28 02:21:20, 요즘 공공기관 입사 스펙 보니 ㅎㄷㄷ 하더군요 ,4393,934,0,0
2019-01-28 09:21:25.910895,13103098,1,0,2019-01-28 02:21:20, 요즘 공공기관 입사 스펙 보니 ㅎㄷㄷ 하더군요 ,4849,456,0,0
2019-01-28 10:21:31.198180,13103098,1,0,2019-01-28 02:21:20, 요즘 공공기관 입사 스펙 보니 ㅎㄷㄷ 하더군요 ,4971,122,0,0
2019-01-28 11:21:23.310294,13103098,2,0,2019-01-28 02:21:20, 요즘 공공기관 입사 스펙 보니 ㅎㄷㄷ 하더군요 ,5039,68,1,0
2019-01-28 12:21:28.397586,13103098,2,0,2019-01-28 02:21:20, 요즘 공공기관 입사 스펙 보니 ㅎㄷㄷ 하더군요 ,5086,47,0,0
2019-01-28 13:21:20.481521,13103098,2,0,2019-01-28 02:21:20, 요즘 공공기관 입사 스펙 보니 ㅎㄷㄷ 하더군요 ,5120,34,0,0
2019-01-28 14:21:25.538685,13103098,2,0,2019-01-28 02:21:20, 요즘 공공기관 입사 스펙 보니 ㅎㄷㄷ 하더군요 ,5140,20,0,0
2019-01-28 15:21:30.601667,13103098,2,0,2019-01-28 02:21:20, 요즘 공공기관 입사 스펙 보니 ㅎㄷㄷ 하더군요 ,5149,9,0,0
2019-01-28 16:21:22.682889,13103098,2,0,2019-01-28 02:21:20, 요즘 공공기관 입사 스펙 보니 ㅎㄷㄷ 하더군요 ,5152,3,0,0
2019-01-28 17:21:27.769558,13103098,2,0,2019-01-28 02:21:20, 요즘 공공기관 입사 스펙 보니 ㅎㄷㄷ 하더군요 ,5159,7,0,0
2019-01-28 18:21:32.843207,13103098,2,0,2019-01-28 02:21:20, 요즘 공공기관 입사 스펙 보니 ㅎㄷㄷ 하더군요 ,5164,5,0,0
2019-01-28 19:21:24.951938,13103098,2,0,2019-01-28 02:21:20, 요즘 공공기관 입사 스펙 보니 ㅎㄷㄷ 하더군요 ,5166,2,0,0
2019-01-28 20:21:29.993893,13103098,2,0,2019-01-28 02:21:20, 요즘 공공기관 입사 스펙 보니 ㅎㄷㄷ 하더군요 ,5172,6,0,0
2019-01-28 21:21:21.986865,13103098,2,0,2019-01-28 02:21:20, 요즘 공공기관 입사 스펙 보니 ㅎㄷㄷ 하더군요 ,5178,6,0,0
2019-01-28 22:21:26.992964,13103098,2,0,2019-01-28 02:21:20, 요즘 공공기관 입사 스펙 보니 ㅎㄷㄷ 하더군요 ,5179,1,0,0
2019-01-28 23:21:32.133498,13103098,2,0,2019-01-28 02:21:20, 요즘 공공기관 입사 스펙 보니 ㅎㄷㄷ 하더군요 ,5186,7,0,0
2019-01-29 00:21:24.207429,13103098,2,0,2019-01-28 02:21:20, 요즘 공공기관 입사 스펙 보니 ㅎㄷㄷ 하더군요 ,5190,4,0,0
2019-01-29 01:21:29.264179,13103098,2,0,2019-01-28 02:21:20, 요즘 공공기관 입사 스펙 보니 ㅎㄷㄷ 하더군요 ,5196,6,0,0
2019-01-29 02:21:21.300433,13103098,2,0,2019-01-28 02:21:20, 요즘 공공기관 입사 스펙 보니 ㅎㄷㄷ 하더군요 ,5199,3,0,0
