check_time,id,post_reply,post_symph,post_time,post_title,post_view,post_view_diff,post_reply_diff,post_symph_diff
2019-01-25 03:11:36.109676,13092138,12,0,2019-01-25 02:11:35, 학원 학생 중에 49살 이란 사람이 있습니다. ,1367,1367,12,0
2019-01-25 04:11:41.261407,13092138,12,0,2019-01-25 02:11:35, 학원 학생 중에 49살 이란 사람이 있습니다. ,1688,321,0,0
2019-01-25 05:11:46.410620,13092138,12,0,2019-01-25 02:11:35, 학원 학생 중에 49살 이란 사람이 있습니다. ,1912,224,0,0
2019-01-25 06:11:38.541921,13092138,12,0,2019-01-25 02:11:35, 학원 학생 중에 49살 이란 사람이 있습니다. ,2131,219,0,0
2019-01-25 07:11:43.682800,13092138,12,0,2019-01-25 02:11:35, 학원 학생 중에 49살 이란 사람이 있습니다. ,2513,382,0,0
2019-01-25 08:11:35.769421,13092138,12,0,2019-01-25 02:11:35, 학원 학생 중에 49살 이란 사람이 있습니다. ,3065,552,0,0
2019-01-25 09:11:41.932134,13092138,12,0,2019-01-25 02:11:35, 학원 학생 중에 49살 이란 사람이 있습니다. ,3427,362,0,0
2019-01-25 10:11:47.263893,13092138,12,0,2019-01-25 02:11:35, 학원 학생 중에 49살 이란 사람이 있습니다. ,3586,159,0,0
2019-01-25 11:11:39.385875,13092138,12,0,2019-01-25 02:11:35, 학원 학생 중에 49살 이란 사람이 있습니다. ,3670,84,0,0
2019-01-25 12:11:44.537284,13092138,12,0,2019-01-25 02:11:35, 학원 학생 중에 49살 이란 사람이 있습니다. ,3721,51,0,0
2019-01-25 13:11:36.901601,13092138,12,0,2019-01-25 02:11:35, 학원 학생 중에 49살 이란 사람이 있습니다. ,3750,29,0,0
2019-01-25 14:11:42.080762,13092138,12,0,2019-01-25 02:11:35, 학원 학생 중에 49살 이란 사람이 있습니다. ,3761,11,0,0
2019-01-25 15:11:47.496195,13092138,12,0,2019-01-25 02:11:35, 학원 학생 중에 49살 이란 사람이 있습니다. ,3775,14,0,0
2019-01-25 16:11:39.912482,13092138,12,0,2019-01-25 02:11:35, 학원 학생 중에 49살 이란 사람이 있습니다. ,3785,10,0,0
2019-01-25 17:11:45.032003,13092138,12,0,2019-01-25 02:11:35, 학원 학생 중에 49살 이란 사람이 있습니다. ,3799,14,0,0
2019-01-25 18:11:38.151956,13092138,12,0,2019-01-25 02:11:35, 학원 학생 중에 49살 이란 사람이 있습니다. ,3805,6,0,0
2019-01-25 19:11:43.344130,13092138,12,0,2019-01-25 02:11:35, 학원 학생 중에 49살 이란 사람이 있습니다. ,3809,4,0,0
2019-01-25 20:11:35.443002,13092138,12,0,2019-01-25 02:11:35, 학원 학생 중에 49살 이란 사람이 있습니다. ,3811,2,0,0
2019-01-25 21:11:40.565766,13092138,12,0,2019-01-25 02:11:35, 학원 학생 중에 49살 이란 사람이 있습니다. ,3813,2,0,0
2019-01-25 22:11:45.690089,13092138,12,0,2019-01-25 02:11:35, 학원 학생 중에 49살 이란 사람이 있습니다. ,3816,3,0,0
2019-01-25 23:11:37.962809,13092138,12,0,2019-01-25 02:11:35, 학원 학생 중에 49살 이란 사람이 있습니다. ,3820,4,0,0
2019-01-26 00:11:43.102111,13092138,12,0,2019-01-25 02:11:35, 학원 학생 중에 49살 이란 사람이 있습니다. ,3824,4,0,0
2019-01-26 01:11:35.186359,13092138,12,0,2019-01-25 02:11:35, 학원 학생 중에 49살 이란 사람이 있습니다. ,3827,3,0,0
2019-01-26 02:11:40.402457,13092138,12,0,2019-01-25 02:11:35, 학원 학생 중에 49살 이란 사람이 있습니다. ,3828,1,0,0
