check_time,id,post_reply,post_symph,post_time,post_title,post_view,post_view_diff,post_reply_diff,post_symph_diff
2019-01-30 03:18:19.957933,13110498,7,0,2019-01-30 02:18:14," 바이에른 뮌헨의 아르옌 로벤, FC 도쿄와 계약 합의 ",606,606,7,0
2019-01-30 04:18:25.007616,13110498,8,0,2019-01-30 02:18:14," 바이에른 뮌헨의 아르옌 로벤, FC 도쿄와 계약 합의 ",744,138,1,0
2019-01-30 05:18:17.107103,13110498,8,0,2019-01-30 02:18:14," 바이에른 뮌헨의 아르옌 로벤, FC 도쿄와 계약 합의 ",825,81,0,0
2019-01-30 06:18:22.234268,13110498,8,0,2019-01-30 02:18:14," 바이에른 뮌헨의 아르옌 로벤, FC 도쿄와 계약 합의 ",928,103,0,0
2019-01-30 07:18:14.277334,13110498,9,0,2019-01-30 02:18:14," 바이에른 뮌헨의 아르옌 로벤, FC 도쿄와 계약 합의 ",1121,193,1,0
2019-01-30 08:18:19.350748,13110498,9,0,2019-01-30 02:18:14," 바이에른 뮌헨의 아르옌 로벤, FC 도쿄와 계약 합의 ",1351,230,0,0
2019-01-30 09:18:24.383367,13110498,9,0,2019-01-30 02:18:14," 바이에른 뮌헨의 아르옌 로벤, FC 도쿄와 계약 합의 ",1460,109,0,0
2019-01-30 10:18:16.726173,13110498,9,0,2019-01-30 02:18:14," 바이에른 뮌헨의 아르옌 로벤, FC 도쿄와 계약 합의 ",1508,48,0,0
2019-01-30 11:18:21.802550,13110498,9,0,2019-01-30 02:18:14," 바이에른 뮌헨의 아르옌 로벤, FC 도쿄와 계약 합의 ",1527,19,0,0
2019-01-30 12:18:26.847388,13110498,9,0,2019-01-30 02:18:14," 바이에른 뮌헨의 아르옌 로벤, FC 도쿄와 계약 합의 ",1541,14,0,0
2019-01-30 13:18:18.867492,13110498,9,0,2019-01-30 02:18:14," 바이에른 뮌헨의 아르옌 로벤, FC 도쿄와 계약 합의 ",1553,12,0,0
2019-01-30 14:18:23.917742,13110498,9,0,2019-01-30 02:18:14," 바이에른 뮌헨의 아르옌 로벤, FC 도쿄와 계약 합의 ",1558,5,0,0
2019-01-30 15:18:15.964587,13110498,9,0,2019-01-30 02:18:14," 바이에른 뮌헨의 아르옌 로벤, FC 도쿄와 계약 합의 ",1559,1,0,0
2019-01-30 16:18:21.271810,13110498,9,0,2019-01-30 02:18:14," 바이에른 뮌헨의 아르옌 로벤, FC 도쿄와 계약 합의 ",1562,3,0,0
2019-01-30 17:18:26.406001,13110498,9,0,2019-01-30 02:18:14," 바이에른 뮌헨의 아르옌 로벤, FC 도쿄와 계약 합의 ",1564,2,0,0
2019-01-30 18:18:18.397779,13110498,9,0,2019-01-30 02:18:14," 바이에른 뮌헨의 아르옌 로벤, FC 도쿄와 계약 합의 ",1566,2,0,0
2019-01-30 19:18:23.466760,13110498,9,0,2019-01-30 02:18:14," 바이에른 뮌헨의 아르옌 로벤, FC 도쿄와 계약 합의 ",1569,3,0,0
2019-01-30 20:18:15.533534,13110498,9,0,2019-01-30 02:18:14," 바이에른 뮌헨의 아르옌 로벤, FC 도쿄와 계약 합의 ",1570,1,0,0
2019-01-30 21:18:20.570932,13110498,9,0,2019-01-30 02:18:14," 바이에른 뮌헨의 아르옌 로벤, FC 도쿄와 계약 합의 ",1572,2,0,0
2019-01-30 22:18:25.547648,13110498,9,0,2019-01-30 02:18:14," 바이에른 뮌헨의 아르옌 로벤, FC 도쿄와 계약 합의 ",1575,3,0,0
2019-01-30 23:18:17.610647,13110498,9,0,2019-01-30 02:18:14," 바이에른 뮌헨의 아르옌 로벤, FC 도쿄와 계약 합의 ",1576,1,0,0
2019-01-31 00:18:22.601411,13110498,9,0,2019-01-30 02:18:14," 바이에른 뮌헨의 아르옌 로벤, FC 도쿄와 계약 합의 ",1577,1,0,0
2019-01-31 01:18:14.702120,13110498,9,0,2019-01-30 02:18:14," 바이에른 뮌헨의 아르옌 로벤, FC 도쿄와 계약 합의 ",1579,2,0,0
2019-01-31 02:18:19.758110,13110498,9,0,2019-01-30 02:18:14," 바이에른 뮌헨의 아르옌 로벤, FC 도쿄와 계약 합의 ",1580,1,0,0
