check_time,id,post_reply,post_symph,post_time,post_title,post_view,post_view_diff,post_reply_diff,post_symph_diff
2019-01-31 03:01:48.008249,13114903,9,0,2019-01-31 02:01:39, 아악... 이런이런... 사고쳤네요ㅜ. ㅜ ,1201,1201,9,0
2019-01-31 04:01:40.043389,13114903,9,0,2019-01-31 02:01:39, 아악... 이런이런... 사고쳤네요ㅜ. ㅜ ,1443,242,0,0
2019-01-31 05:01:45.055836,13114903,9,0,2019-01-31 02:01:39, 아악... 이런이런... 사고쳤네요ㅜ. ㅜ ,1641,198,0,0
2019-01-31 06:01:50.084343,13114903,9,0,2019-01-31 02:01:39, 아악... 이런이런... 사고쳤네요ㅜ. ㅜ ,1836,195,0,0
2019-01-31 07:01:42.110230,13114903,9,0,2019-01-31 02:01:39, 아악... 이런이런... 사고쳤네요ㅜ. ㅜ ,2192,356,0,0
2019-01-31 08:01:47.999362,13114903,9,0,2019-01-31 02:01:39, 아악... 이런이런... 사고쳤네요ㅜ. ㅜ ,2609,417,0,0
2019-01-31 09:01:40.019387,13114903,9,0,2019-01-31 02:01:39, 아악... 이런이런... 사고쳤네요ㅜ. ㅜ ,2872,263,0,0
2019-01-31 10:01:45.092905,13114903,9,0,2019-01-31 02:01:39, 아악... 이런이런... 사고쳤네요ㅜ. ㅜ ,2990,118,0,0
2019-01-31 11:01:50.066686,13114903,9,0,2019-01-31 02:01:39, 아악... 이런이런... 사고쳤네요ㅜ. ㅜ ,3039,49,0,0
2019-01-31 12:01:42.109818,13114903,9,0,2019-01-31 02:01:39, 아악... 이런이런... 사고쳤네요ㅜ. ㅜ ,3056,17,0,0
2019-01-31 13:01:47.097202,13114903,9,0,2019-01-31 02:01:39, 아악... 이런이런... 사고쳤네요ㅜ. ㅜ ,3068,12,0,0
2019-01-31 14:01:39.096030,13114903,9,0,2019-01-31 02:01:39, 아악... 이런이런... 사고쳤네요ㅜ. ㅜ ,3086,18,0,0
2019-01-31 15:01:44.362456,13114903,9,0,2019-01-31 02:01:39, 아악... 이런이런... 사고쳤네요ㅜ. ㅜ ,3097,11,0,0
2019-01-31 16:01:49.428687,13114903,9,0,2019-01-31 02:01:39, 아악... 이런이런... 사고쳤네요ㅜ. ㅜ ,3102,5,0,0
2019-01-31 17:01:41.626827,13114903,9,0,2019-01-31 02:01:39, 아악... 이런이런... 사고쳤네요ㅜ. ㅜ ,3118,16,0,0
2019-01-31 18:01:46.659916,13114903,9,0,2019-01-31 02:01:39, 아악... 이런이런... 사고쳤네요ㅜ. ㅜ ,3120,2,0,0
2019-01-31 19:01:51.763861,13114903,9,0,2019-01-31 02:01:39, 아악... 이런이런... 사고쳤네요ㅜ. ㅜ ,3124,4,0,0
2019-01-31 20:01:43.810454,13114903,9,0,2019-01-31 02:01:39, 아악... 이런이런... 사고쳤네요ㅜ. ㅜ ,3126,2,0,0
2019-01-31 21:01:48.890056,13114903,9,0,2019-01-31 02:01:39, 아악... 이런이런... 사고쳤네요ㅜ. ㅜ ,3130,4,0,0
2019-01-31 22:01:40.959997,13114903,9,0,2019-01-31 02:01:39, 아악... 이런이런... 사고쳤네요ㅜ. ㅜ ,3133,3,0,0
2019-01-31 23:01:46.004626,13114903,9,0,2019-01-31 02:01:39, 아악... 이런이런... 사고쳤네요ㅜ. ㅜ ,3135,2,0,0
2019-02-01 00:01:51.112980,13114903,9,0,2019-01-31 02:01:39, 아악... 이런이런... 사고쳤네요ㅜ. ㅜ ,3136,1,0,0
2019-02-01 01:01:43.240118,13114903,9,0,2019-01-31 02:01:39, 아악... 이런이런... 사고쳤네요ㅜ. ㅜ ,3137,1,0,0
2019-02-01 02:01:48.362779,13114903,9,0,2019-01-31 02:01:39, 아악... 이런이런... 사고쳤네요ㅜ. ㅜ ,3140,3,0,0
