check_time,id,post_reply,post_symph,post_time,post_title,post_view,post_view_diff,post_reply_diff,post_symph_diff
2019-01-25 03:32:26.492979,13092170,0,0,2019-01-25 02:32:20, 소림축구 vs 침대축구 ,361,361,0,0
2019-01-25 04:32:31.520291,13092170,0,0,2019-01-25 02:32:20, 소림축구 vs 침대축구 ,411,50,0,0
2019-01-25 05:32:23.770057,13092170,0,0,2019-01-25 02:32:20, 소림축구 vs 침대축구 ,459,48,0,0
2019-01-25 06:32:28.834187,13092170,0,0,2019-01-25 02:32:20, 소림축구 vs 침대축구 ,523,64,0,0
2019-01-25 07:32:20.833295,13092170,0,0,2019-01-25 02:32:20, 소림축구 vs 침대축구 ,616,93,0,0
2019-01-25 08:32:26.057272,13092170,0,0,2019-01-25 02:32:20, 소림축구 vs 침대축구 ,715,99,0,0
2019-01-25 09:32:31.176371,13092170,0,0,2019-01-25 02:32:20, 소림축구 vs 침대축구 ,774,59,0,0
2019-01-25 10:32:23.489740,13092170,0,0,2019-01-25 02:32:20, 소림축구 vs 침대축구 ,788,14,0,0
2019-01-25 11:32:28.485873,13092170,0,0,2019-01-25 02:32:20, 소림축구 vs 침대축구 ,791,3,0,0
2019-01-25 12:32:20.596447,13092170,0,0,2019-01-25 02:32:20, 소림축구 vs 침대축구 ,797,6,0,0
2019-01-25 13:32:25.720651,13092170,0,0,2019-01-25 02:32:20, 소림축구 vs 침대축구 ,801,4,0,0
2019-01-25 14:32:31.255492,13092170,0,0,2019-01-25 02:32:20, 소림축구 vs 침대축구 ,803,2,0,0
2019-01-25 15:32:23.532235,13092170,0,0,2019-01-25 02:32:20, 소림축구 vs 침대축구 ,805,2,0,0
2019-01-25 16:32:29.208353,13092170,0,0,2019-01-25 02:32:20, 소림축구 vs 침대축구 ,807,2,0,0
2019-01-25 17:32:21.242124,13092170,0,0,2019-01-25 02:32:20, 소림축구 vs 침대축구 ,808,1,0,0
2019-01-25 18:32:26.838796,13092170,0,0,2019-01-25 02:32:20, 소림축구 vs 침대축구 ,810,2,0,0
2019-01-25 19:32:31.925615,13092170,0,0,2019-01-25 02:32:20, 소림축구 vs 침대축구 ,811,1,0,0
2019-01-25 20:32:24.302299,13092170,0,0,2019-01-25 02:32:20, 소림축구 vs 침대축구 ,813,2,0,0
2019-01-25 21:32:29.481574,13092170,0,0,2019-01-25 02:32:20, 소림축구 vs 침대축구 ,813,0,0,0
2019-01-25 22:32:21.642300,13092170,0,0,2019-01-25 02:32:20, 소림축구 vs 침대축구 ,815,2,0,0
2019-01-25 23:32:27.029421,13092170,0,0,2019-01-25 02:32:20, 소림축구 vs 침대축구 ,817,2,0,0
2019-01-26 00:32:32.198395,13092170,0,0,2019-01-25 02:32:20, 소림축구 vs 침대축구 ,819,2,0,0
2019-01-26 01:32:24.361773,13092170,0,0,2019-01-25 02:32:20, 소림축구 vs 침대축구 ,822,3,0,0
2019-01-26 02:32:29.493626,13092170,0,0,2019-01-25 02:32:20, 소림축구 vs 침대축구 ,823,1,0,0
