check_time,id,post_reply,post_symph,post_time,post_title,post_view,post_view_diff,post_reply_diff,post_symph_diff
2019-01-30 03:06:41.843447,13110484,12,0,2019-01-30 02:06:29, 안희정을 생각하면 참 한심하기도 하고..아깝기도 하고.. ,985,985,12,0
2019-01-30 04:06:33.900361,13110484,13,0,2019-01-30 02:06:29, 안희정을 생각하면 참 한심하기도 하고..아깝기도 하고.. ,1288,303,1,0
2019-01-30 05:06:39.142146,13110484,13,0,2019-01-30 02:06:29, 안희정을 생각하면 참 한심하기도 하고..아깝기도 하고.. ,1474,186,0,0
2019-01-30 06:06:31.252656,13110484,13,0,2019-01-30 02:06:29, 안희정을 생각하면 참 한심하기도 하고..아깝기도 하고.. ,1689,215,0,0
2019-01-30 07:06:36.375226,13110484,14,0,2019-01-30 02:06:29, 안희정을 생각하면 참 한심하기도 하고..아깝기도 하고.. ,2049,360,1,0
2019-01-30 08:06:41.414997,13110484,15,0,2019-01-30 02:06:29, 안희정을 생각하면 참 한심하기도 하고..아깝기도 하고.. ,2418,369,1,0
2019-01-30 09:06:33.493969,13110484,15,0,2019-01-30 02:06:29, 안희정을 생각하면 참 한심하기도 하고..아깝기도 하고.. ,2684,266,0,0
2019-01-30 10:06:38.532765,13110484,15,0,2019-01-30 02:06:29, 안희정을 생각하면 참 한심하기도 하고..아깝기도 하고.. ,2751,67,0,0
2019-01-30 11:06:30.610384,13110484,15,0,2019-01-30 02:06:29, 안희정을 생각하면 참 한심하기도 하고..아깝기도 하고.. ,2790,39,0,0
2019-01-30 12:06:35.743523,13110484,16,0,2019-01-30 02:06:29, 안희정을 생각하면 참 한심하기도 하고..아깝기도 하고.. ,2813,23,1,0
2019-01-30 13:06:40.760277,13110484,16,0,2019-01-30 02:06:29, 안희정을 생각하면 참 한심하기도 하고..아깝기도 하고.. ,2825,12,0,0
2019-01-30 14:06:32.801138,13110484,16,0,2019-01-30 02:06:29, 안희정을 생각하면 참 한심하기도 하고..아깝기도 하고.. ,2839,14,0,0
2019-01-30 15:06:38.019115,13110484,16,0,2019-01-30 02:06:29, 안희정을 생각하면 참 한심하기도 하고..아깝기도 하고.. ,2847,8,0,0
2019-01-30 16:06:30.159916,13110484,16,0,2019-01-30 02:06:29, 안희정을 생각하면 참 한심하기도 하고..아깝기도 하고.. ,2849,2,0,0
2019-01-30 17:06:35.289197,13110484,16,0,2019-01-30 02:06:29, 안희정을 생각하면 참 한심하기도 하고..아깝기도 하고.. ,2852,3,0,0
2019-01-30 18:06:40.440288,13110484,16,0,2019-01-30 02:06:29, 안희정을 생각하면 참 한심하기도 하고..아깝기도 하고.. ,2859,7,0,0
2019-01-30 19:06:32.521063,13110484,16,0,2019-01-30 02:06:29, 안희정을 생각하면 참 한심하기도 하고..아깝기도 하고.. ,2863,4,0,0
2019-01-30 20:06:37.657418,13110484,16,0,2019-01-30 02:06:29, 안희정을 생각하면 참 한심하기도 하고..아깝기도 하고.. ,2866,3,0,0
2019-01-30 21:06:29.763310,13110484,16,0,2019-01-30 02:06:29, 안희정을 생각하면 참 한심하기도 하고..아깝기도 하고.. ,2868,2,0,0
2019-01-30 22:06:34.890462,13110484,16,0,2019-01-30 02:06:29, 안희정을 생각하면 참 한심하기도 하고..아깝기도 하고.. ,2871,3,0,0
2019-01-30 23:06:40.039019,13110484,16,0,2019-01-30 02:06:29, 안희정을 생각하면 참 한심하기도 하고..아깝기도 하고.. ,2874,3,0,0
2019-01-31 00:06:32.150335,13110484,16,0,2019-01-30 02:06:29, 안희정을 생각하면 참 한심하기도 하고..아깝기도 하고.. ,2877,3,0,0
2019-01-31 01:06:37.178241,13110484,16,0,2019-01-30 02:06:29, 안희정을 생각하면 참 한심하기도 하고..아깝기도 하고.. ,2880,3,0,0
2019-01-31 02:06:30.808777,13110484,16,0,2019-01-30 02:06:29, 안희정을 생각하면 참 한심하기도 하고..아깝기도 하고.. ,2881,1,0,0
