check_time,id,post_reply,post_symph,post_time,post_title,post_view,post_view_diff,post_reply_diff,post_symph_diff
2019-01-30 03:15:44.219944,13110494,4,0,2019-01-30 02:15:42, 겨울에 커널형 이어폰은 ... 힘들어요 ,550,550,4,0
2019-01-30 04:15:49.375035,13110494,4,0,2019-01-30 02:15:42, 겨울에 커널형 이어폰은 ... 힘들어요 ,685,135,0,0
2019-01-30 05:15:54.543907,13110494,4,0,2019-01-30 02:15:42, 겨울에 커널형 이어폰은 ... 힘들어요 ,765,80,0,0
2019-01-30 06:15:46.654117,13110494,4,0,2019-01-30 02:15:42, 겨울에 커널형 이어폰은 ... 힘들어요 ,847,82,0,0
2019-01-30 07:15:51.792923,13110494,4,0,2019-01-30 02:15:42, 겨울에 커널형 이어폰은 ... 힘들어요 ,1037,190,0,0
2019-01-30 08:15:43.936234,13110494,4,0,2019-01-30 02:15:42, 겨울에 커널형 이어폰은 ... 힘들어요 ,1216,179,0,0
2019-01-30 09:15:49.067600,13110494,4,0,2019-01-30 02:15:42, 겨울에 커널형 이어폰은 ... 힘들어요 ,1340,124,0,0
2019-01-30 10:15:54.176701,13110494,4,0,2019-01-30 02:15:42, 겨울에 커널형 이어폰은 ... 힘들어요 ,1372,32,0,0
2019-01-30 11:15:46.316736,13110494,4,0,2019-01-30 02:15:42, 겨울에 커널형 이어폰은 ... 힘들어요 ,1383,11,0,0
2019-01-30 12:15:51.562909,13110494,4,0,2019-01-30 02:15:42, 겨울에 커널형 이어폰은 ... 힘들어요 ,1388,5,0,0
2019-01-30 13:15:43.771943,13110494,4,0,2019-01-30 02:15:42, 겨울에 커널형 이어폰은 ... 힘들어요 ,1394,6,0,0
2019-01-30 14:15:48.923714,13110494,4,0,2019-01-30 02:15:42, 겨울에 커널형 이어폰은 ... 힘들어요 ,1400,6,0,0
2019-01-30 15:15:53.931911,13110494,4,0,2019-01-30 02:15:42, 겨울에 커널형 이어폰은 ... 힘들어요 ,1404,4,0,0
2019-01-30 16:15:46.064585,13110494,4,0,2019-01-30 02:15:42, 겨울에 커널형 이어폰은 ... 힘들어요 ,1409,5,0,0
2019-01-30 17:15:51.197015,13110494,4,0,2019-01-30 02:15:42, 겨울에 커널형 이어폰은 ... 힘들어요 ,1414,5,0,0
2019-01-30 18:15:43.293630,13110494,4,0,2019-01-30 02:15:42, 겨울에 커널형 이어폰은 ... 힘들어요 ,1417,3,0,0
2019-01-30 19:15:48.406396,13110494,4,0,2019-01-30 02:15:42, 겨울에 커널형 이어폰은 ... 힘들어요 ,1418,1,0,0
2019-01-30 20:15:53.453840,13110494,4,0,2019-01-30 02:15:42, 겨울에 커널형 이어폰은 ... 힘들어요 ,1419,1,0,0
2019-01-30 21:15:45.539665,13110494,4,0,2019-01-30 02:15:42, 겨울에 커널형 이어폰은 ... 힘들어요 ,1422,3,0,0
2019-01-30 22:15:50.611055,13110494,4,0,2019-01-30 02:15:42, 겨울에 커널형 이어폰은 ... 힘들어요 ,1423,1,0,0
2019-01-30 23:15:42.627314,13110494,4,0,2019-01-30 02:15:42, 겨울에 커널형 이어폰은 ... 힘들어요 ,1426,3,0,0
2019-01-31 00:15:47.667532,13110494,4,0,2019-01-30 02:15:42, 겨울에 커널형 이어폰은 ... 힘들어요 ,1428,2,0,0
2019-01-31 01:15:52.680484,13110494,4,0,2019-01-30 02:15:42, 겨울에 커널형 이어폰은 ... 힘들어요 ,1432,4,0,0
2019-01-31 02:15:44.705740,13110494,4,0,2019-01-30 02:15:42, 겨울에 커널형 이어폰은 ... 힘들어요 ,1434,2,0,0
