check_time,id,post_reply,post_symph,post_time,post_title,post_view,post_view_diff,post_reply_diff,post_symph_diff
2019-01-24 03:57:18.970869,13087741,3,37,2019-01-24 02:57:08, 문재인 대통령의 67번째 생일을 축하드립니다.jpg ,752,752,3,37
2019-01-24 04:57:11.051643,13087741,4,48,2019-01-24 02:57:08, 문재인 대통령의 67번째 생일을 축하드립니다.jpg ,1003,251,1,11
2019-01-24 05:57:16.101022,13087741,4,59,2019-01-24 02:57:08, 문재인 대통령의 67번째 생일을 축하드립니다.jpg ,1270,267,0,11
2019-01-24 06:57:08.060673,13087741,5,78,2019-01-24 02:57:08, 문재인 대통령의 67번째 생일을 축하드립니다.jpg ,1799,529,1,19
2019-01-24 07:57:13.065806,13087741,10,126,2019-01-24 02:57:08, 문재인 대통령의 67번째 생일을 축하드립니다.jpg ,3084,1285,5,48
2019-01-24 08:57:18.057270,13087741,21,204,2019-01-24 02:57:08, 문재인 대통령의 67번째 생일을 축하드립니다.jpg ,5090,2006,11,78
2019-01-24 09:57:10.099873,13087741,31,245,2019-01-24 02:57:08, 문재인 대통령의 67번째 생일을 축하드립니다.jpg ,6154,1064,10,41
2019-01-24 10:57:15.167328,13087741,47,299,2019-01-24 02:57:08, 문재인 대통령의 67번째 생일을 축하드립니다.jpg ,7481,1327,16,54
2019-01-24 11:57:20.215678,13087741,61,339,2019-01-24 02:57:08, 문재인 대통령의 67번째 생일을 축하드립니다.jpg ,8618,1137,14,40
2019-01-24 12:57:12.249222,13087741,67,366,2019-01-24 02:57:08, 문재인 대통령의 67번째 생일을 축하드립니다.jpg ,9512,894,6,27
2019-01-24 13:57:17.301309,13087741,72,394,2019-01-24 02:57:08, 문재인 대통령의 67번째 생일을 축하드립니다.jpg ,10350,838,5,28
2019-01-24 14:57:09.563271,13087741,78,411,2019-01-24 02:57:08, 문재인 대통령의 67번째 생일을 축하드립니다.jpg ,10990,640,6,17
2019-01-24 15:57:14.766595,13087741,78,413,2019-01-24 02:57:08, 문재인 대통령의 67번째 생일을 축하드립니다.jpg ,11081,91,0,2
2019-01-24 16:57:19.884021,13087741,79,415,2019-01-24 02:57:08, 문재인 대통령의 67번째 생일을 축하드립니다.jpg ,11129,48,1,2
2019-01-24 17:57:11.959192,13087741,79,417,2019-01-24 02:57:08, 문재인 대통령의 67번째 생일을 축하드립니다.jpg ,11166,37,0,2
2019-01-24 18:57:17.080424,13087741,80,420,2019-01-24 02:57:08, 문재인 대통령의 67번째 생일을 축하드립니다.jpg ,11215,49,1,3
2019-01-24 19:57:09.129767,13087741,80,424,2019-01-24 02:57:08, 문재인 대통령의 67번째 생일을 축하드립니다.jpg ,11263,48,0,4
2019-01-24 20:57:14.139940,13087741,80,426,2019-01-24 02:57:08, 문재인 대통령의 67번째 생일을 축하드립니다.jpg ,11305,42,0,2
2019-01-24 21:57:19.173437,13087741,80,428,2019-01-24 02:57:08, 문재인 대통령의 67번째 생일을 축하드립니다.jpg ,11356,51,0,2
2019-01-24 22:57:11.150797,13087741,81,429,2019-01-24 02:57:08, 문재인 대통령의 67번째 생일을 축하드립니다.jpg ,11401,45,1,1
2019-01-24 23:57:16.216717,13087741,81,429,2019-01-24 02:57:08, 문재인 대통령의 67번째 생일을 축하드립니다.jpg ,11419,18,0,0
2019-01-25 00:57:08.290314,13087741,81,429,2019-01-24 02:57:08, 문재인 대통령의 67번째 생일을 축하드립니다.jpg ,11431,12,0,0
2019-01-25 01:57:13.362223,13087741,81,429,2019-01-24 02:57:08, 문재인 대통령의 67번째 생일을 축하드립니다.jpg ,11437,6,0,0
2019-01-25 02:57:18.418393,13087741,81,429,2019-01-24 02:57:08, 문재인 대통령의 67번째 생일을 축하드립니다.jpg ,11448,11,0,0
