check_time,id,post_reply,post_symph,post_time,post_title,post_view,post_view_diff,post_reply_diff,post_symph_diff
2019-01-28 03:53:49.449369,13103116,2,0,2019-01-28 02:53:37, 오늘 레이지 보이 질렀습니다 ,531,531,2,0
2019-01-28 04:53:41.477484,13103116,2,0,2019-01-28 02:53:37, 오늘 레이지 보이 질렀습니다 ,710,179,0,0
2019-01-28 05:53:46.601817,13103116,2,0,2019-01-28 02:53:37, 오늘 레이지 보이 질렀습니다 ,839,129,0,0
2019-01-28 06:53:38.606875,13103116,2,0,2019-01-28 02:53:37, 오늘 레이지 보이 질렀습니다 ,1024,185,0,0
2019-01-28 07:53:43.720786,13103116,2,0,2019-01-28 02:53:37, 오늘 레이지 보이 질렀습니다 ,1317,293,0,0
2019-01-28 08:53:48.999686,13103116,3,0,2019-01-28 02:53:37, 오늘 레이지 보이 질렀습니다 ,1525,208,1,0
2019-01-28 09:53:41.046426,13103116,3,0,2019-01-28 02:53:37, 오늘 레이지 보이 질렀습니다 ,1602,77,0,0
2019-01-28 10:53:46.110300,13103116,3,0,2019-01-28 02:53:37, 오늘 레이지 보이 질렀습니다 ,1622,20,0,0
2019-01-28 11:53:38.137485,13103116,3,0,2019-01-28 02:53:37, 오늘 레이지 보이 질렀습니다 ,1637,15,0,0
2019-01-28 12:53:43.151191,13103116,3,0,2019-01-28 02:53:37, 오늘 레이지 보이 질렀습니다 ,1647,10,0,0
2019-01-28 13:53:48.260317,13103116,3,0,2019-01-28 02:53:37, 오늘 레이지 보이 질렀습니다 ,1661,14,0,0
2019-01-28 14:53:40.307244,13103116,3,0,2019-01-28 02:53:37, 오늘 레이지 보이 질렀습니다 ,1671,10,0,0
2019-01-28 15:53:45.387855,13103116,3,0,2019-01-28 02:53:37, 오늘 레이지 보이 질렀습니다 ,1680,9,0,0
2019-01-28 16:53:37.410658,13103116,3,0,2019-01-28 02:53:37, 오늘 레이지 보이 질렀습니다 ,1681,1,0,0
2019-01-28 17:53:42.728541,13103116,3,0,2019-01-28 02:53:37, 오늘 레이지 보이 질렀습니다 ,1684,3,0,0
2019-01-28 18:53:47.816980,13103116,3,0,2019-01-28 02:53:37, 오늘 레이지 보이 질렀습니다 ,1687,3,0,0
2019-01-28 19:53:39.987003,13103116,3,0,2019-01-28 02:53:37, 오늘 레이지 보이 질렀습니다 ,1688,1,0,0
2019-01-28 20:53:45.378387,13103116,3,0,2019-01-28 02:53:37, 오늘 레이지 보이 질렀습니다 ,1693,5,0,0
2019-01-28 21:53:37.495781,13103116,3,0,2019-01-28 02:53:37, 오늘 레이지 보이 질렀습니다 ,1695,2,0,0
2019-01-28 22:53:42.570188,13103116,3,0,2019-01-28 02:53:37, 오늘 레이지 보이 질렀습니다 ,1697,2,0,0
2019-01-28 23:53:47.640911,13103116,3,0,2019-01-28 02:53:37, 오늘 레이지 보이 질렀습니다 ,1698,1,0,0
2019-01-29 00:53:39.738973,13103116,3,0,2019-01-28 02:53:37, 오늘 레이지 보이 질렀습니다 ,1702,4,0,0
2019-01-29 01:53:44.827101,13103116,3,0,2019-01-28 02:53:37, 오늘 레이지 보이 질렀습니다 ,1705,3,0,0
2019-01-29 02:53:49.890120,13103116,3,0,2019-01-28 02:53:37, 오늘 레이지 보이 질렀습니다 ,1706,1,0,0
