check_time,id,post_reply,post_symph,post_time,post_title,post_view,post_view_diff,post_reply_diff,post_symph_diff
2019-01-28 15:17:01.468374,13104497,1,0,2019-01-28 14:16:55, 현대사 근황 ,1603,1603,1,0
2019-01-28 16:17:06.655134,13104497,1,0,2019-01-28 14:16:55, 현대사 근황 ,1736,133,0,0
2019-01-28 17:16:59.014323,13104497,1,0,2019-01-28 14:16:55, 현대사 근황 ,1781,45,0,0
2019-01-28 18:17:04.139702,13104497,1,0,2019-01-28 14:16:55, 현대사 근황 ,1805,24,0,0
2019-01-28 19:16:56.171029,13104497,1,0,2019-01-28 14:16:55, 현대사 근황 ,1813,8,0,0
2019-01-28 20:17:01.308023,13104497,1,0,2019-01-28 14:16:55, 현대사 근황 ,1828,15,0,0
2019-01-28 21:17:06.325653,13104497,1,0,2019-01-28 14:16:55, 현대사 근황 ,1836,8,0,0
2019-01-28 22:16:58.400080,13104497,1,0,2019-01-28 14:16:55, 현대사 근황 ,1837,1,0,0
2019-01-28 23:17:03.454392,13104497,1,0,2019-01-28 14:16:55, 현대사 근황 ,1840,3,0,0
2019-01-29 00:16:55.467198,13104497,1,0,2019-01-28 14:16:55, 현대사 근황 ,1844,4,0,0
2019-01-29 01:17:00.479976,13104497,1,0,2019-01-28 14:16:55, 현대사 근황 ,1851,7,0,0
2019-01-29 02:17:05.815122,13104497,1,0,2019-01-28 14:16:55, 현대사 근황 ,1854,3,0,0
2019-01-29 03:16:57.929347,13104497,1,0,2019-01-28 14:16:55, 현대사 근황 ,1856,2,0,0
2019-01-29 04:17:03.318509,13104497,1,0,2019-01-28 14:16:55, 현대사 근황 ,1856,0,0,0
2019-01-29 05:16:55.386819,13104497,1,0,2019-01-28 14:16:55, 현대사 근황 ,1860,4,0,0
2019-01-29 06:17:00.633599,13104497,1,0,2019-01-28 14:16:55, 현대사 근황 ,1861,1,0,0
2019-01-29 07:17:05.618402,13104497,1,0,2019-01-28 14:16:55, 현대사 근황 ,1862,1,0,0
2019-01-29 08:16:57.650589,13104497,1,0,2019-01-28 14:16:55, 현대사 근황 ,1863,1,0,0
2019-01-29 09:17:02.720812,13104497,1,0,2019-01-28 14:16:55, 현대사 근황 ,1865,2,0,0
2019-01-29 10:17:07.763264,13104497,1,0,2019-01-28 14:16:55, 현대사 근황 ,1868,3,0,0
2019-01-29 11:16:59.941454,13104497,1,0,2019-01-28 14:16:55, 현대사 근황 ,1872,4,0,0
2019-01-29 12:17:05.084282,13104497,1,0,2019-01-28 14:16:55, 현대사 근황 ,1877,5,0,0
2019-01-29 13:16:57.185387,13104497,1,0,2019-01-28 14:16:55, 현대사 근황 ,1879,2,0,0
2019-01-29 14:17:02.467807,13104497,1,0,2019-01-28 14:16:55, 현대사 근황 ,1881,2,0,0
