check_time,id,post_reply,post_symph,post_time,post_title,post_view,post_view_diff,post_reply_diff,post_symph_diff
2019-01-27 15:06:43.649992,13101063,4,0,2019-01-27 14:06:37, 고졸 공무원 관련은 내용이야 어찌 되었든 ,514,514,4,0
2019-01-27 16:06:48.913104,13101063,4,0,2019-01-27 14:06:37, 고졸 공무원 관련은 내용이야 어찌 되었든 ,589,75,0,0
2019-01-27 17:06:41.019046,13101063,4,0,2019-01-27 14:06:37, 고졸 공무원 관련은 내용이야 어찌 되었든 ,637,48,0,0
2019-01-27 18:06:46.057255,13101063,4,0,2019-01-27 14:06:37, 고졸 공무원 관련은 내용이야 어찌 되었든 ,653,16,0,0
2019-01-27 19:06:38.254176,13101063,4,0,2019-01-27 14:06:37, 고졸 공무원 관련은 내용이야 어찌 되었든 ,664,11,0,0
2019-01-27 20:06:43.335127,13101063,4,0,2019-01-27 14:06:37, 고졸 공무원 관련은 내용이야 어찌 되었든 ,674,10,0,0
2019-01-27 21:06:48.446150,13101063,4,0,2019-01-27 14:06:37, 고졸 공무원 관련은 내용이야 어찌 되었든 ,681,7,0,0
2019-01-27 22:06:40.701938,13101063,4,0,2019-01-27 14:06:37, 고졸 공무원 관련은 내용이야 어찌 되었든 ,684,3,0,0
2019-01-27 23:06:45.895255,13101063,4,0,2019-01-27 14:06:37, 고졸 공무원 관련은 내용이야 어찌 되었든 ,694,10,0,0
2019-01-28 00:06:37.982077,13101063,4,0,2019-01-27 14:06:37, 고졸 공무원 관련은 내용이야 어찌 되었든 ,699,5,0,0
2019-01-28 01:06:43.063296,13101063,4,0,2019-01-27 14:06:37, 고졸 공무원 관련은 내용이야 어찌 되었든 ,706,7,0,0
2019-01-28 02:06:48.863669,13101063,4,0,2019-01-27 14:06:37, 고졸 공무원 관련은 내용이야 어찌 되었든 ,709,3,0,0
2019-01-28 03:06:40.925804,13101063,4,0,2019-01-27 14:06:37, 고졸 공무원 관련은 내용이야 어찌 되었든 ,714,5,0,0
2019-01-28 04:06:45.960111,13101063,4,0,2019-01-27 14:06:37, 고졸 공무원 관련은 내용이야 어찌 되었든 ,718,4,0,0
2019-01-28 05:06:37.899918,13101063,4,0,2019-01-27 14:06:37, 고졸 공무원 관련은 내용이야 어찌 되었든 ,720,2,0,0
2019-01-28 06:06:42.967354,13101063,4,0,2019-01-27 14:06:37, 고졸 공무원 관련은 내용이야 어찌 되었든 ,721,1,0,0
2019-01-28 07:06:47.967076,13101063,4,0,2019-01-27 14:06:37, 고졸 공무원 관련은 내용이야 어찌 되었든 ,723,2,0,0
2019-01-28 08:06:40.032450,13101063,4,0,2019-01-27 14:06:37, 고졸 공무원 관련은 내용이야 어찌 되었든 ,724,1,0,0
2019-01-28 09:06:45.088368,13101063,4,0,2019-01-27 14:06:37, 고졸 공무원 관련은 내용이야 어찌 되었든 ,731,7,0,0
2019-01-28 10:06:37.223093,13101063,4,0,2019-01-27 14:06:37, 고졸 공무원 관련은 내용이야 어찌 되었든 ,736,5,0,0
2019-01-28 11:06:42.377037,13101063,4,0,2019-01-27 14:06:37, 고졸 공무원 관련은 내용이야 어찌 되었든 ,740,4,0,0
2019-01-28 12:06:47.473561,13101063,4,0,2019-01-27 14:06:37, 고졸 공무원 관련은 내용이야 어찌 되었든 ,742,2,0,0
2019-01-28 13:06:39.494004,13101063,4,0,2019-01-27 14:06:37, 고졸 공무원 관련은 내용이야 어찌 되었든 ,744,2,0,0
2019-01-28 14:06:44.538261,13101063,4,0,2019-01-27 14:06:37, 고졸 공무원 관련은 내용이야 어찌 되었든 ,746,2,0,0
