check_time,id,post_reply,post_symph,post_time,post_title,post_view,post_view_diff,post_reply_diff,post_symph_diff
2019-01-24 15:01:16.850447,13089428,5,0,2019-01-24 14:01:06, 에어팟 2년 반정도 되니 진짜 딱 뉴스공장전용되네요 ㅋ ,955,955,5,0
2019-01-24 16:01:08.967075,13089428,5,0,2019-01-24 14:01:06, 에어팟 2년 반정도 되니 진짜 딱 뉴스공장전용되네요 ㅋ ,1018,63,0,0
2019-01-24 17:01:14.123281,13089428,5,0,2019-01-24 14:01:06, 에어팟 2년 반정도 되니 진짜 딱 뉴스공장전용되네요 ㅋ ,1037,19,0,0
2019-01-24 18:01:06.277689,13089428,5,0,2019-01-24 14:01:06, 에어팟 2년 반정도 되니 진짜 딱 뉴스공장전용되네요 ㅋ ,1051,14,0,0
2019-01-24 19:01:11.376166,13089428,5,0,2019-01-24 14:01:06, 에어팟 2년 반정도 되니 진짜 딱 뉴스공장전용되네요 ㅋ ,1059,8,0,0
2019-01-24 20:01:16.520936,13089428,5,0,2019-01-24 14:01:06, 에어팟 2년 반정도 되니 진짜 딱 뉴스공장전용되네요 ㅋ ,1064,5,0,0
2019-01-24 21:01:08.601102,13089428,5,0,2019-01-24 14:01:06, 에어팟 2년 반정도 되니 진짜 딱 뉴스공장전용되네요 ㅋ ,1069,5,0,0
2019-01-24 22:01:13.720805,13089428,5,0,2019-01-24 14:01:06, 에어팟 2년 반정도 되니 진짜 딱 뉴스공장전용되네요 ㅋ ,1074,5,0,0
2019-01-24 23:01:18.755345,13089428,5,0,2019-01-24 14:01:06, 에어팟 2년 반정도 되니 진짜 딱 뉴스공장전용되네요 ㅋ ,1076,2,0,0
2019-01-25 00:01:10.873570,13089428,5,0,2019-01-24 14:01:06, 에어팟 2년 반정도 되니 진짜 딱 뉴스공장전용되네요 ㅋ ,1078,2,0,0
2019-01-25 01:01:15.900186,13089428,5,0,2019-01-24 14:01:06, 에어팟 2년 반정도 되니 진짜 딱 뉴스공장전용되네요 ㅋ ,1080,2,0,0
2019-01-25 02:01:07.998118,13089428,5,0,2019-01-24 14:01:06, 에어팟 2년 반정도 되니 진짜 딱 뉴스공장전용되네요 ㅋ ,1083,3,0,0
2019-01-25 03:01:13.082711,13089428,5,0,2019-01-24 14:01:06, 에어팟 2년 반정도 되니 진짜 딱 뉴스공장전용되네요 ㅋ ,1088,5,0,0
2019-01-25 04:01:18.057869,13089428,5,0,2019-01-24 14:01:06, 에어팟 2년 반정도 되니 진짜 딱 뉴스공장전용되네요 ㅋ ,1089,1,0,0
2019-01-25 05:01:10.270997,13089428,5,0,2019-01-24 14:01:06, 에어팟 2년 반정도 되니 진짜 딱 뉴스공장전용되네요 ㅋ ,1090,1,0,0
2019-01-25 06:01:15.293061,13089428,5,0,2019-01-24 14:01:06, 에어팟 2년 반정도 되니 진짜 딱 뉴스공장전용되네요 ㅋ ,1092,2,0,0
2019-01-25 07:01:07.299522,13089428,5,0,2019-01-24 14:01:06, 에어팟 2년 반정도 되니 진짜 딱 뉴스공장전용되네요 ㅋ ,1094,2,0,0
2019-01-25 08:01:12.345104,13089428,5,0,2019-01-24 14:01:06, 에어팟 2년 반정도 되니 진짜 딱 뉴스공장전용되네요 ㅋ ,1095,1,0,0
2019-01-25 09:01:17.441594,13089428,5,0,2019-01-24 14:01:06, 에어팟 2년 반정도 되니 진짜 딱 뉴스공장전용되네요 ㅋ ,1097,2,0,0
2019-01-25 10:01:09.506981,13089428,5,0,2019-01-24 14:01:06, 에어팟 2년 반정도 되니 진짜 딱 뉴스공장전용되네요 ㅋ ,1099,2,0,0
2019-01-25 11:01:14.695607,13089428,5,0,2019-01-24 14:01:06, 에어팟 2년 반정도 되니 진짜 딱 뉴스공장전용되네요 ㅋ ,1101,2,0,0
2019-01-25 12:01:06.852993,13089428,5,0,2019-01-24 14:01:06, 에어팟 2년 반정도 되니 진짜 딱 뉴스공장전용되네요 ㅋ ,1107,6,0,0
2019-01-25 13:01:12.006100,13089428,5,0,2019-01-24 14:01:06, 에어팟 2년 반정도 되니 진짜 딱 뉴스공장전용되네요 ㅋ ,1112,5,0,0
2019-01-25 14:01:17.070481,13089428,5,0,2019-01-24 14:01:06, 에어팟 2년 반정도 되니 진짜 딱 뉴스공장전용되네요 ㅋ ,1117,5,0,0
