check_time,id,post_reply,post_symph,post_time,post_title,post_view,post_view_diff,post_reply_diff,post_symph_diff
2019-01-27 15:46:16.903130,13101180,11,0,2019-01-27 14:46:07, [후방]한국 여성단체가 보면 뒤로 기절할 사이트.. 수정 ,5412,5412,11,0
2019-01-27 16:46:08.935396,13101180,13,0,2019-01-27 14:46:07, [후방]한국 여성단체가 보면 뒤로 기절할 사이트.. 수정 ,7253,1841,2,0
2019-01-27 17:46:14.163755,13101180,13,0,2019-01-27 14:46:07, [후방]한국 여성단체가 보면 뒤로 기절할 사이트.. 수정 ,8582,1329,0,0
2019-01-27 18:46:19.235770,13101180,13,0,2019-01-27 14:46:07, [후방]한국 여성단체가 보면 뒤로 기절할 사이트.. 수정 ,9298,716,0,0
2019-01-27 19:46:11.343919,13101180,13,0,2019-01-27 14:46:07, [후방]한국 여성단체가 보면 뒤로 기절할 사이트.. 수정 ,9739,441,0,0
2019-01-27 20:46:16.477725,13101180,13,0,2019-01-27 14:46:07, [후방]한국 여성단체가 보면 뒤로 기절할 사이트.. 수정 ,10136,397,0,0
2019-01-27 21:46:08.547979,13101180,13,0,2019-01-27 14:46:07, [후방]한국 여성단체가 보면 뒤로 기절할 사이트.. 수정 ,10451,315,0,0
2019-01-27 22:46:13.605522,13101180,13,0,2019-01-27 14:46:07, [후방]한국 여성단체가 보면 뒤로 기절할 사이트.. 수정 ,10722,271,0,0
2019-01-27 23:46:18.695957,13101180,14,0,2019-01-27 14:46:07, [후방]한국 여성단체가 보면 뒤로 기절할 사이트.. 수정 ,10944,222,1,0
2019-01-28 00:46:10.781817,13101180,14,0,2019-01-27 14:46:07, [후방]한국 여성단체가 보면 뒤로 기절할 사이트.. 수정 ,11135,191,0,0
2019-01-28 01:46:15.925644,13101180,14,0,2019-01-27 14:46:07, [후방]한국 여성단체가 보면 뒤로 기절할 사이트.. 수정 ,11272,137,0,0
2019-01-28 02:46:08.023086,13101180,14,0,2019-01-27 14:46:07, [후방]한국 여성단체가 보면 뒤로 기절할 사이트.. 수정 ,11348,76,0,0
2019-01-28 03:46:13.137123,13101180,14,0,2019-01-27 14:46:07, [후방]한국 여성단체가 보면 뒤로 기절할 사이트.. 수정 ,11386,38,0,0
2019-01-28 04:46:18.190183,13101180,14,0,2019-01-27 14:46:07, [후방]한국 여성단체가 보면 뒤로 기절할 사이트.. 수정 ,11424,38,0,0
2019-01-28 05:46:10.199435,13101180,14,0,2019-01-27 14:46:07, [후방]한국 여성단체가 보면 뒤로 기절할 사이트.. 수정 ,11453,29,0,0
2019-01-28 06:46:15.295946,13101180,14,0,2019-01-27 14:46:07, [후방]한국 여성단체가 보면 뒤로 기절할 사이트.. 수정 ,11519,66,0,0
2019-01-28 07:46:07.525042,13101180,14,0,2019-01-27 14:46:07, [후방]한국 여성단체가 보면 뒤로 기절할 사이트.. 수정 ,11642,123,0,0
2019-01-28 08:46:12.594016,13101180,14,0,2019-01-27 14:46:07, [후방]한국 여성단체가 보면 뒤로 기절할 사이트.. 수정 ,11744,102,0,0
2019-01-28 09:46:17.706370,13101180,14,0,2019-01-27 14:46:07, [후방]한국 여성단체가 보면 뒤로 기절할 사이트.. 수정 ,11848,104,0,0
2019-01-28 10:46:09.783553,13101180,14,0,2019-01-27 14:46:07, [후방]한국 여성단체가 보면 뒤로 기절할 사이트.. 수정 ,11935,87,0,0
2019-01-28 11:46:14.928215,13101180,14,0,2019-01-27 14:46:07, [후방]한국 여성단체가 보면 뒤로 기절할 사이트.. 수정 ,12012,77,0,0
2019-01-28 12:46:07.020317,13101180,14,0,2019-01-27 14:46:07, [후방]한국 여성단체가 보면 뒤로 기절할 사이트.. 수정 ,12074,62,0,0
2019-01-28 13:46:12.122829,13101180,14,0,2019-01-27 14:46:07, [후방]한국 여성단체가 보면 뒤로 기절할 사이트.. 수정 ,12132,58,0,0
2019-01-28 14:46:17.233951,13101180,14,0,2019-01-27 14:46:07, [후방]한국 여성단체가 보면 뒤로 기절할 사이트.. 수정 ,12215,83,0,0
