check_time,id,post_reply,post_symph,post_time,post_title,post_view,post_view_diff,post_reply_diff,post_symph_diff
2019-01-25 15:12:11.450253,13093805,10,0,2019-01-25 14:12:02, 듀얼쇼크4 개구리색 왔네요 ,1069,1069,10,0
2019-01-25 16:12:03.773576,13093805,10,0,2019-01-25 14:12:02, 듀얼쇼크4 개구리색 왔네요 ,1150,81,0,0
2019-01-25 17:12:08.802016,13093805,10,0,2019-01-25 14:12:02, 듀얼쇼크4 개구리색 왔네요 ,1179,29,0,0
2019-01-25 18:12:13.963041,13093805,10,0,2019-01-25 14:12:02, 듀얼쇼크4 개구리색 왔네요 ,1192,13,0,0
2019-01-25 19:12:06.021588,13093805,10,0,2019-01-25 14:12:02, 듀얼쇼크4 개구리색 왔네요 ,1200,8,0,0
2019-01-25 20:12:11.036705,13093805,10,0,2019-01-25 14:12:02, 듀얼쇼크4 개구리색 왔네요 ,1207,7,0,0
2019-01-25 21:12:03.142018,13093805,10,0,2019-01-25 14:12:02, 듀얼쇼크4 개구리색 왔네요 ,1213,6,0,0
2019-01-25 22:12:08.519906,13093805,10,0,2019-01-25 14:12:02, 듀얼쇼크4 개구리색 왔네요 ,1222,9,0,0
2019-01-25 23:12:13.614674,13093805,10,0,2019-01-25 14:12:02, 듀얼쇼크4 개구리색 왔네요 ,1223,1,0,0
2019-01-26 00:12:05.670532,13093805,10,0,2019-01-25 14:12:02, 듀얼쇼크4 개구리색 왔네요 ,1226,3,0,0
2019-01-26 01:12:10.806686,13093805,10,0,2019-01-25 14:12:02, 듀얼쇼크4 개구리색 왔네요 ,1229,3,0,0
2019-01-26 02:12:03.047080,13093805,10,0,2019-01-25 14:12:02, 듀얼쇼크4 개구리색 왔네요 ,1234,5,0,0
2019-01-26 03:12:08.113980,13093805,10,0,2019-01-25 14:12:02, 듀얼쇼크4 개구리색 왔네요 ,1235,1,0,0
2019-01-26 04:12:13.170569,13093805,10,0,2019-01-25 14:12:02, 듀얼쇼크4 개구리색 왔네요 ,1236,1,0,0
2019-01-26 05:12:05.255659,13093805,10,0,2019-01-25 14:12:02, 듀얼쇼크4 개구리색 왔네요 ,1238,2,0,0
2019-01-26 06:12:10.384055,13093805,10,0,2019-01-25 14:12:02, 듀얼쇼크4 개구리색 왔네요 ,1240,2,0,0
2019-01-26 07:12:02.435426,13093805,10,0,2019-01-25 14:12:02, 듀얼쇼크4 개구리색 왔네요 ,1242,2,0,0
2019-01-26 08:12:07.522005,13093805,10,0,2019-01-25 14:12:02, 듀얼쇼크4 개구리색 왔네요 ,1243,1,0,0
2019-01-26 09:12:12.809124,13093805,10,0,2019-01-25 14:12:02, 듀얼쇼크4 개구리색 왔네요 ,1244,1,0,0
2019-01-26 10:12:04.839010,13093805,10,0,2019-01-25 14:12:02, 듀얼쇼크4 개구리색 왔네요 ,1245,1,0,0
2019-01-26 11:12:09.901808,13093805,10,0,2019-01-25 14:12:02, 듀얼쇼크4 개구리색 왔네요 ,1249,4,0,0
2019-01-26 12:12:02.007333,13093805,10,0,2019-01-25 14:12:02, 듀얼쇼크4 개구리색 왔네요 ,1250,1,0,0
2019-01-26 13:12:07.070524,13093805,10,0,2019-01-25 14:12:02, 듀얼쇼크4 개구리색 왔네요 ,1254,4,0,0
2019-01-26 14:12:12.217940,13093805,10,0,2019-01-25 14:12:02, 듀얼쇼크4 개구리색 왔네요 ,1255,1,0,0
