check_time,id,post_reply,post_symph,post_time,post_title,post_view,post_view_diff,post_reply_diff,post_symph_diff
2019-01-29 15:07:10.891204,13108291,21,0,2019-01-29 14:07:08, 알리랑 타오바오는 대체 왜 웹캠을 쓰는걸까요.... ,1232,1232,21,0
2019-01-29 16:07:15.926149,13108291,21,0,2019-01-29 14:07:08, 알리랑 타오바오는 대체 왜 웹캠을 쓰는걸까요.... ,1403,171,0,0
2019-01-29 17:07:20.941554,13108291,21,0,2019-01-29 14:07:08, 알리랑 타오바오는 대체 왜 웹캠을 쓰는걸까요.... ,1467,64,0,0
2019-01-29 18:07:13.557285,13108291,21,0,2019-01-29 14:07:08, 알리랑 타오바오는 대체 왜 웹캠을 쓰는걸까요.... ,1507,40,0,0
2019-01-29 19:07:18.570263,13108291,21,0,2019-01-29 14:07:08, 알리랑 타오바오는 대체 왜 웹캠을 쓰는걸까요.... ,1533,26,0,0
2019-01-29 20:07:10.538296,13108291,21,0,2019-01-29 14:07:08, 알리랑 타오바오는 대체 왜 웹캠을 쓰는걸까요.... ,1555,22,0,0
2019-01-29 21:07:15.538960,13108291,21,0,2019-01-29 14:07:08, 알리랑 타오바오는 대체 왜 웹캠을 쓰는걸까요.... ,1572,17,0,0
2019-01-29 22:07:20.570769,13108291,21,0,2019-01-29 14:07:08, 알리랑 타오바오는 대체 왜 웹캠을 쓰는걸까요.... ,1593,21,0,0
2019-01-29 23:07:12.583754,13108291,21,0,2019-01-29 14:07:08, 알리랑 타오바오는 대체 왜 웹캠을 쓰는걸까요.... ,1599,6,0,0
2019-01-30 00:07:17.616093,13108291,21,0,2019-01-29 14:07:08, 알리랑 타오바오는 대체 왜 웹캠을 쓰는걸까요.... ,1616,17,0,0
2019-01-30 01:07:09.818618,13108291,21,0,2019-01-29 14:07:08, 알리랑 타오바오는 대체 왜 웹캠을 쓰는걸까요.... ,1628,12,0,0
2019-01-30 02:07:14.890319,13108291,21,0,2019-01-29 14:07:08, 알리랑 타오바오는 대체 왜 웹캠을 쓰는걸까요.... ,1635,7,0,0
2019-01-30 03:07:19.922052,13108291,21,0,2019-01-29 14:07:08, 알리랑 타오바오는 대체 왜 웹캠을 쓰는걸까요.... ,1638,3,0,0
2019-01-30 04:07:11.931209,13108291,21,0,2019-01-29 14:07:08, 알리랑 타오바오는 대체 왜 웹캠을 쓰는걸까요.... ,1640,2,0,0
2019-01-30 05:07:17.049442,13108291,21,0,2019-01-29 14:07:08, 알리랑 타오바오는 대체 왜 웹캠을 쓰는걸까요.... ,1644,4,0,0
2019-01-30 06:07:09.097491,13108291,21,0,2019-01-29 14:07:08, 알리랑 타오바오는 대체 왜 웹캠을 쓰는걸까요.... ,1644,0,0,0
2019-01-30 07:07:14.222982,13108291,21,0,2019-01-29 14:07:08, 알리랑 타오바오는 대체 왜 웹캠을 쓰는걸까요.... ,1646,2,0,0
2019-01-30 08:07:19.276665,13108291,21,0,2019-01-29 14:07:08, 알리랑 타오바오는 대체 왜 웹캠을 쓰는걸까요.... ,1651,5,0,0
2019-01-30 09:07:11.395760,13108291,21,0,2019-01-29 14:07:08, 알리랑 타오바오는 대체 왜 웹캠을 쓰는걸까요.... ,1656,5,0,0
2019-01-30 10:07:16.451441,13108291,21,0,2019-01-29 14:07:08, 알리랑 타오바오는 대체 왜 웹캠을 쓰는걸까요.... ,1659,3,0,0
2019-01-30 11:07:08.925429,13108291,21,0,2019-01-29 14:07:08, 알리랑 타오바오는 대체 왜 웹캠을 쓰는걸까요.... ,1661,2,0,0
2019-01-30 12:07:14.505797,13108291,21,0,2019-01-29 14:07:08, 알리랑 타오바오는 대체 왜 웹캠을 쓰는걸까요.... ,1664,3,0,0
2019-01-30 13:07:19.707501,13108291,21,0,2019-01-29 14:07:08, 알리랑 타오바오는 대체 왜 웹캠을 쓰는걸까요.... ,1667,3,0,0
2019-01-30 14:07:11.841283,13108291,21,0,2019-01-29 14:07:08, 알리랑 타오바오는 대체 왜 웹캠을 쓰는걸까요.... ,1670,3,0,0
