check_time,id,post_reply,post_symph,post_time,post_title,post_view,post_view_diff,post_reply_diff,post_symph_diff
2019-01-28 15:51:30.364928,13104659,2,0,2019-01-28 14:51:26, [You Tube] 루이스CK Animation - 비행기추락/착륙사건 ,423,423,2,0
2019-01-28 16:51:35.421347,13104659,2,0,2019-01-28 14:51:26, [You Tube] 루이스CK Animation - 비행기추락/착륙사건 ,450,27,0,0
2019-01-28 17:51:27.522911,13104659,2,0,2019-01-28 14:51:26, [You Tube] 루이스CK Animation - 비행기추락/착륙사건 ,458,8,0,0
2019-01-28 18:51:32.644041,13104659,2,0,2019-01-28 14:51:26, [You Tube] 루이스CK Animation - 비행기추락/착륙사건 ,462,4,0,0
2019-01-28 19:51:37.784824,13104659,2,0,2019-01-28 14:51:26, [You Tube] 루이스CK Animation - 비행기추락/착륙사건 ,463,1,0,0
2019-01-28 20:51:30.089812,13104659,2,0,2019-01-28 14:51:26, [You Tube] 루이스CK Animation - 비행기추락/착륙사건 ,469,6,0,0
2019-01-28 21:51:35.253627,13104659,2,0,2019-01-28 14:51:26, [You Tube] 루이스CK Animation - 비행기추락/착륙사건 ,469,0,0,0
2019-01-28 22:51:27.423177,13104659,2,0,2019-01-28 14:51:26, [You Tube] 루이스CK Animation - 비행기추락/착륙사건 ,470,1,0,0
2019-01-28 23:51:32.506391,13104659,2,0,2019-01-28 14:51:26, [You Tube] 루이스CK Animation - 비행기추락/착륙사건 ,471,1,0,0
2019-01-29 00:51:37.557428,13104659,2,0,2019-01-28 14:51:26, [You Tube] 루이스CK Animation - 비행기추락/착륙사건 ,473,2,0,0
2019-01-29 01:51:29.623419,13104659,2,0,2019-01-28 14:51:26, [You Tube] 루이스CK Animation - 비행기추락/착륙사건 ,476,3,0,0
2019-01-29 02:51:34.690034,13104659,2,0,2019-01-28 14:51:26, [You Tube] 루이스CK Animation - 비행기추락/착륙사건 ,479,3,0,0
2019-01-29 03:51:26.730105,13104659,2,0,2019-01-28 14:51:26, [You Tube] 루이스CK Animation - 비행기추락/착륙사건 ,480,1,0,0
2019-01-29 04:51:31.773885,13104659,2,0,2019-01-28 14:51:26, [You Tube] 루이스CK Animation - 비행기추락/착륙사건 ,482,2,0,0
2019-01-29 05:51:36.803831,13104659,2,0,2019-01-28 14:51:26, [You Tube] 루이스CK Animation - 비행기추락/착륙사건 ,483,1,0,0
2019-01-29 06:51:28.756203,13104659,2,0,2019-01-28 14:51:26, [You Tube] 루이스CK Animation - 비행기추락/착륙사건 ,484,1,0,0
2019-01-29 07:51:33.716327,13104659,2,0,2019-01-28 14:51:26, [You Tube] 루이스CK Animation - 비행기추락/착륙사건 ,485,1,0,0
2019-01-29 08:51:38.743412,13104659,2,0,2019-01-28 14:51:26, [You Tube] 루이스CK Animation - 비행기추락/착륙사건 ,487,2,0,0
2019-01-29 09:51:30.796719,13104659,2,0,2019-01-28 14:51:26, [You Tube] 루이스CK Animation - 비행기추락/착륙사건 ,488,1,0,0
2019-01-29 10:51:35.847145,13104659,2,0,2019-01-28 14:51:26, [You Tube] 루이스CK Animation - 비행기추락/착륙사건 ,490,2,0,0
2019-01-29 11:51:27.881535,13104659,2,0,2019-01-28 14:51:26, [You Tube] 루이스CK Animation - 비행기추락/착륙사건 ,492,2,0,0
2019-01-29 12:51:32.967177,13104659,2,0,2019-01-28 14:51:26, [You Tube] 루이스CK Animation - 비행기추락/착륙사건 ,494,2,0,0
2019-01-29 13:51:38.007294,13104659,2,0,2019-01-28 14:51:26, [You Tube] 루이스CK Animation - 비행기추락/착륙사건 ,495,1,0,0
2019-01-29 14:51:32.190908,13104659,2,0,2019-01-28 14:51:26, [You Tube] 루이스CK Animation - 비행기추락/착륙사건 ,496,1,0,0
