check_time,id,post_reply,post_symph,post_time,post_title,post_view,post_view_diff,post_reply_diff,post_symph_diff
2019-01-26 15:36:30.642781,13098056,7,0,2019-01-26 14:36:24, 일본이랑 한국 ,1875,1875,7,0
2019-01-26 16:36:35.695532,13098056,7,0,2019-01-26 14:36:24, 일본이랑 한국 ,2157,282,0,0
2019-01-26 17:36:27.758744,13098056,7,0,2019-01-26 14:36:24, 일본이랑 한국 ,2273,116,0,0
2019-01-26 18:36:33.069135,13098056,7,0,2019-01-26 14:36:24, 일본이랑 한국 ,2336,63,0,0
2019-01-26 19:36:25.108674,13098056,7,0,2019-01-26 14:36:24, 일본이랑 한국 ,2383,47,0,0
2019-01-26 20:36:30.337297,13098056,7,0,2019-01-26 14:36:24, 일본이랑 한국 ,2404,21,0,0
2019-01-26 21:36:35.351630,13098056,7,0,2019-01-26 14:36:24, 일본이랑 한국 ,2429,25,0,0
2019-01-26 22:36:27.466783,13098056,7,0,2019-01-26 14:36:24, 일본이랑 한국 ,2441,12,0,0
2019-01-26 23:36:32.550209,13098056,7,0,2019-01-26 14:36:24, 일본이랑 한국 ,2451,10,0,0
2019-01-27 00:36:24.676485,13098056,7,0,2019-01-26 14:36:24, 일본이랑 한국 ,2463,12,0,0
2019-01-27 01:36:29.776273,13098056,7,0,2019-01-26 14:36:24, 일본이랑 한국 ,2467,4,0,0
2019-01-27 02:36:34.906588,13098056,7,0,2019-01-26 14:36:24, 일본이랑 한국 ,2475,8,0,0
2019-01-27 03:36:26.953427,13098056,7,0,2019-01-26 14:36:24, 일본이랑 한국 ,2477,2,0,0
2019-01-27 04:36:32.016664,13098056,7,0,2019-01-26 14:36:24, 일본이랑 한국 ,2479,2,0,0
2019-01-27 05:36:24.108899,13098056,7,0,2019-01-26 14:36:24, 일본이랑 한국 ,2483,4,0,0
2019-01-27 06:36:29.345677,13098056,7,0,2019-01-26 14:36:24, 일본이랑 한국 ,2483,0,0,0
2019-01-27 07:36:34.430447,13098056,7,0,2019-01-26 14:36:24, 일본이랑 한국 ,2487,4,0,0
2019-01-27 08:36:26.569483,13098056,7,0,2019-01-26 14:36:24, 일본이랑 한국 ,2488,1,0,0
2019-01-27 09:36:31.720656,13098056,7,0,2019-01-26 14:36:24, 일본이랑 한국 ,2491,3,0,0
2019-01-27 10:36:36.871477,13098056,7,0,2019-01-26 14:36:24, 일본이랑 한국 ,2497,6,0,0
2019-01-27 11:36:29.182008,13098056,7,0,2019-01-26 14:36:24, 일본이랑 한국 ,2500,3,0,0
2019-01-27 12:36:34.355641,13098056,7,0,2019-01-26 14:36:24, 일본이랑 한국 ,2503,3,0,0
2019-01-27 13:36:31.275960,13098056,7,0,2019-01-26 14:36:24, 일본이랑 한국 ,2506,3,0,0
2019-01-27 14:36:36.426413,13098056,7,0,2019-01-26 14:36:24, 일본이랑 한국 ,2510,4,0,0
