check_time,id,post_reply,post_symph,post_time,post_title,post_view,post_view_diff,post_reply_diff,post_symph_diff
2019-01-28 15:31:43.133454,13104564,2,0,2019-01-28 14:31:31, 플스가 왔는데 왜 하지를 못하니ㅠㅠ ,1367,1367,2,0
2019-01-28 16:31:35.213778,13104564,2,0,2019-01-28 14:31:31, 플스가 왔는데 왜 하지를 못하니ㅠㅠ ,1472,105,0,0
2019-01-28 17:31:40.391126,13104564,2,0,2019-01-28 14:31:31, 플스가 왔는데 왜 하지를 못하니ㅠㅠ ,1510,38,0,0
2019-01-28 18:31:32.706199,13104564,2,0,2019-01-28 14:31:31, 플스가 왔는데 왜 하지를 못하니ㅠㅠ ,1524,14,0,0
2019-01-28 19:31:37.868008,13104564,2,0,2019-01-28 14:31:31, 플스가 왔는데 왜 하지를 못하니ㅠㅠ ,1532,8,0,0
2019-01-28 20:31:43.333137,13104564,2,0,2019-01-28 14:31:31, 플스가 왔는데 왜 하지를 못하니ㅠㅠ ,1543,11,0,0
2019-01-28 21:31:35.620560,13104564,2,0,2019-01-28 14:31:31, 플스가 왔는데 왜 하지를 못하니ㅠㅠ ,1551,8,0,0
2019-01-28 22:31:40.838531,13104564,2,0,2019-01-28 14:31:31, 플스가 왔는데 왜 하지를 못하니ㅠㅠ ,1556,5,0,0
2019-01-28 23:31:32.997381,13104564,2,0,2019-01-28 14:31:31, 플스가 왔는데 왜 하지를 못하니ㅠㅠ ,1566,10,0,0
2019-01-29 00:31:38.144039,13104564,2,0,2019-01-28 14:31:31, 플스가 왔는데 왜 하지를 못하니ㅠㅠ ,1567,1,0,0
2019-01-29 01:31:43.203202,13104564,2,0,2019-01-28 14:31:31, 플스가 왔는데 왜 하지를 못하니ㅠㅠ ,1572,5,0,0
2019-01-29 02:31:35.256750,13104564,2,0,2019-01-28 14:31:31, 플스가 왔는데 왜 하지를 못하니ㅠㅠ ,1576,4,0,0
2019-01-29 03:31:40.243456,13104564,2,0,2019-01-28 14:31:31, 플스가 왔는데 왜 하지를 못하니ㅠㅠ ,1578,2,0,0
2019-01-29 04:31:32.270300,13104564,2,0,2019-01-28 14:31:31, 플스가 왔는데 왜 하지를 못하니ㅠㅠ ,1579,1,0,0
2019-01-29 05:31:37.256923,13104564,2,0,2019-01-28 14:31:31, 플스가 왔는데 왜 하지를 못하니ㅠㅠ ,1583,4,0,0
2019-01-29 06:31:42.347066,13104564,2,0,2019-01-28 14:31:31, 플스가 왔는데 왜 하지를 못하니ㅠㅠ ,1584,1,0,0
2019-01-29 07:31:34.361305,13104564,2,0,2019-01-28 14:31:31, 플스가 왔는데 왜 하지를 못하니ㅠㅠ ,1585,1,0,0
2019-01-29 08:31:39.387581,13104564,2,0,2019-01-28 14:31:31, 플스가 왔는데 왜 하지를 못하니ㅠㅠ ,1587,2,0,0
2019-01-29 09:31:31.558754,13104564,2,0,2019-01-28 14:31:31, 플스가 왔는데 왜 하지를 못하니ㅠㅠ ,1589,2,0,0
2019-01-29 10:31:36.624194,13104564,2,0,2019-01-28 14:31:31, 플스가 왔는데 왜 하지를 못하니ㅠㅠ ,1593,4,0,0
2019-01-29 11:31:41.667289,13104564,2,0,2019-01-28 14:31:31, 플스가 왔는데 왜 하지를 못하니ㅠㅠ ,1595,2,0,0
2019-01-29 12:31:33.751228,13104564,2,0,2019-01-28 14:31:31, 플스가 왔는데 왜 하지를 못하니ㅠㅠ ,1600,5,0,0
2019-01-29 13:31:38.833853,13104564,2,0,2019-01-28 14:31:31, 플스가 왔는데 왜 하지를 못하니ㅠㅠ ,1603,3,0,0
2019-01-29 14:31:43.901026,13104564,2,0,2019-01-28 14:31:31, 플스가 왔는데 왜 하지를 못하니ㅠㅠ ,1604,1,0,0
