check_time,id,post_reply,post_symph,post_time,post_title,post_view,post_view_diff,post_reply_diff,post_symph_diff
2019-01-27 15:27:08.007167,13101123,24,0,2019-01-27 14:27:04, 일회용 면도기랑 만원이상하는 면도기랑 성능차이가 느껴지시나요? ,903,903,24,0
2019-01-27 16:27:13.157055,13101123,24,0,2019-01-27 14:27:04, 일회용 면도기랑 만원이상하는 면도기랑 성능차이가 느껴지시나요? ,1201,298,0,0
2019-01-27 17:27:05.265243,13101123,24,0,2019-01-27 14:27:04, 일회용 면도기랑 만원이상하는 면도기랑 성능차이가 느껴지시나요? ,1386,185,0,0
2019-01-27 18:27:10.380082,13101123,24,0,2019-01-27 14:27:04, 일회용 면도기랑 만원이상하는 면도기랑 성능차이가 느껴지시나요? ,1432,46,0,0
2019-01-27 19:27:15.686026,13101123,24,0,2019-01-27 14:27:04, 일회용 면도기랑 만원이상하는 면도기랑 성능차이가 느껴지시나요? ,1476,44,0,0
2019-01-27 20:27:07.786588,13101123,24,0,2019-01-27 14:27:04, 일회용 면도기랑 만원이상하는 면도기랑 성능차이가 느껴지시나요? ,1493,17,0,0
2019-01-27 21:27:13.159612,13101123,24,0,2019-01-27 14:27:04, 일회용 면도기랑 만원이상하는 면도기랑 성능차이가 느껴지시나요? ,1515,22,0,0
2019-01-27 22:27:05.182996,13101123,24,0,2019-01-27 14:27:04, 일회용 면도기랑 만원이상하는 면도기랑 성능차이가 느껴지시나요? ,1530,15,0,0
2019-01-27 23:27:10.669859,13101123,24,0,2019-01-27 14:27:04, 일회용 면도기랑 만원이상하는 면도기랑 성능차이가 느껴지시나요? ,1546,16,0,0
2019-01-28 00:27:16.263157,13101123,24,0,2019-01-27 14:27:04, 일회용 면도기랑 만원이상하는 면도기랑 성능차이가 느껴지시나요? ,1551,5,0,0
2019-01-28 01:27:09.186840,13101123,24,0,2019-01-27 14:27:04, 일회용 면도기랑 만원이상하는 면도기랑 성능차이가 느껴지시나요? ,1559,8,0,0
2019-01-28 02:27:14.462563,13101123,24,0,2019-01-27 14:27:04, 일회용 면도기랑 만원이상하는 면도기랑 성능차이가 느껴지시나요? ,1563,4,0,0
2019-01-28 03:27:06.643386,13101123,24,0,2019-01-27 14:27:04, 일회용 면도기랑 만원이상하는 면도기랑 성능차이가 느껴지시나요? ,1563,0,0,0
2019-01-28 04:27:11.726776,13101123,24,0,2019-01-27 14:27:04, 일회용 면도기랑 만원이상하는 면도기랑 성능차이가 느껴지시나요? ,1566,3,0,0
2019-01-28 05:27:16.832381,13101123,24,0,2019-01-27 14:27:04, 일회용 면도기랑 만원이상하는 면도기랑 성능차이가 느껴지시나요? ,1566,0,0,0
2019-01-28 06:27:08.843744,13101123,24,0,2019-01-27 14:27:04, 일회용 면도기랑 만원이상하는 면도기랑 성능차이가 느껴지시나요? ,1568,2,0,0
2019-01-28 07:27:13.883681,13101123,24,0,2019-01-27 14:27:04, 일회용 면도기랑 만원이상하는 면도기랑 성능차이가 느껴지시나요? ,1574,6,0,0
2019-01-28 08:27:05.986256,13101123,24,0,2019-01-27 14:27:04, 일회용 면도기랑 만원이상하는 면도기랑 성능차이가 느껴지시나요? ,1579,5,0,0
2019-01-28 09:27:11.000785,13101123,24,0,2019-01-27 14:27:04, 일회용 면도기랑 만원이상하는 면도기랑 성능차이가 느껴지시나요? ,1580,1,0,0
2019-01-28 10:27:16.064451,13101123,24,0,2019-01-27 14:27:04, 일회용 면도기랑 만원이상하는 면도기랑 성능차이가 느껴지시나요? ,1585,5,0,0
2019-01-28 11:27:08.192950,13101123,24,0,2019-01-27 14:27:04, 일회용 면도기랑 만원이상하는 면도기랑 성능차이가 느껴지시나요? ,1587,2,0,0
2019-01-28 12:27:13.351173,13101123,24,0,2019-01-27 14:27:04, 일회용 면도기랑 만원이상하는 면도기랑 성능차이가 느껴지시나요? ,1589,2,0,0
2019-01-28 13:27:05.680116,13101123,24,0,2019-01-27 14:27:04, 일회용 면도기랑 만원이상하는 면도기랑 성능차이가 느껴지시나요? ,1592,3,0,0
2019-01-28 14:27:10.885817,13101123,24,0,2019-01-27 14:27:04, 일회용 면도기랑 만원이상하는 면도기랑 성능차이가 느껴지시나요? ,1593,1,0,0
