check_time,id,post_reply,post_symph,post_time,post_title,post_view,post_view_diff,post_reply_diff,post_symph_diff
2019-01-30 15:02:26.825499,13111879,32,3,2019-01-30 14:02:14, 고양이의 이상한 행동을 사람이 이해하는 방법 ,2205,2205,32,3
2019-01-30 16:02:19.239543,13111879,33,3,2019-01-30 14:02:14, 고양이의 이상한 행동을 사람이 이해하는 방법 ,2451,246,1,0
2019-01-30 17:02:24.231307,13111879,34,3,2019-01-30 14:02:14, 고양이의 이상한 행동을 사람이 이해하는 방법 ,2589,138,1,0
2019-01-30 18:02:16.452255,13111879,34,3,2019-01-30 14:02:14, 고양이의 이상한 행동을 사람이 이해하는 방법 ,2657,68,0,0
2019-01-30 19:02:21.715802,13111879,34,3,2019-01-30 14:02:14, 고양이의 이상한 행동을 사람이 이해하는 방법 ,2694,37,0,0
2019-01-30 20:02:26.703173,13111879,34,3,2019-01-30 14:02:14, 고양이의 이상한 행동을 사람이 이해하는 방법 ,2720,26,0,0
2019-01-30 21:02:18.818929,13111879,34,3,2019-01-30 14:02:14, 고양이의 이상한 행동을 사람이 이해하는 방법 ,2733,13,0,0
2019-01-30 22:02:23.852253,13111879,34,3,2019-01-30 14:02:14, 고양이의 이상한 행동을 사람이 이해하는 방법 ,2747,14,0,0
2019-01-30 23:02:16.053104,13111879,34,3,2019-01-30 14:02:14, 고양이의 이상한 행동을 사람이 이해하는 방법 ,2771,24,0,0
2019-01-31 00:02:21.427253,13111879,34,3,2019-01-30 14:02:14, 고양이의 이상한 행동을 사람이 이해하는 방법 ,2784,13,0,0
2019-01-31 01:02:26.506450,13111879,34,3,2019-01-30 14:02:14, 고양이의 이상한 행동을 사람이 이해하는 방법 ,2801,17,0,0
2019-01-31 02:02:18.752860,13111879,34,3,2019-01-30 14:02:14, 고양이의 이상한 행동을 사람이 이해하는 방법 ,2807,6,0,0
2019-01-31 03:02:23.804919,13111879,34,3,2019-01-30 14:02:14, 고양이의 이상한 행동을 사람이 이해하는 방법 ,2814,7,0,0
2019-01-31 04:02:16.278849,13111879,34,3,2019-01-30 14:02:14, 고양이의 이상한 행동을 사람이 이해하는 방법 ,2817,3,0,0
2019-01-31 05:02:21.229750,13111879,34,3,2019-01-30 14:02:14, 고양이의 이상한 행동을 사람이 이해하는 방법 ,2824,7,0,0
2019-01-31 06:02:26.277057,13111879,34,3,2019-01-30 14:02:14, 고양이의 이상한 행동을 사람이 이해하는 방법 ,2828,4,0,0
2019-01-31 07:02:18.314488,13111879,34,3,2019-01-30 14:02:14, 고양이의 이상한 행동을 사람이 이해하는 방법 ,2833,5,0,0
2019-01-31 08:02:23.287674,13111879,34,3,2019-01-30 14:02:14, 고양이의 이상한 행동을 사람이 이해하는 방법 ,2836,3,0,0
2019-01-31 09:02:15.670336,13111879,34,3,2019-01-30 14:02:14, 고양이의 이상한 행동을 사람이 이해하는 방법 ,2845,9,0,0
2019-01-31 10:02:20.828341,13111879,34,3,2019-01-30 14:02:14, 고양이의 이상한 행동을 사람이 이해하는 방법 ,2850,5,0,0
2019-01-31 11:02:26.225503,13111879,34,3,2019-01-30 14:02:14, 고양이의 이상한 행동을 사람이 이해하는 방법 ,2855,5,0,0
2019-01-31 12:02:18.913816,13111879,34,3,2019-01-30 14:02:14, 고양이의 이상한 행동을 사람이 이해하는 방법 ,2860,5,0,0
2019-01-31 13:02:24.049121,13111879,34,3,2019-01-30 14:02:14, 고양이의 이상한 행동을 사람이 이해하는 방법 ,2868,8,0,0
2019-01-31 14:02:16.489830,13111879,34,3,2019-01-30 14:02:14, 고양이의 이상한 행동을 사람이 이해하는 방법 ,2871,3,0,0
