check_time,id,post_reply,post_symph,post_time,post_title,post_view,post_view_diff,post_reply_diff,post_symph_diff
2019-01-28 15:37:28.057285,13104589,11,0,2019-01-28 14:37:18, 플스가 은근히 저랑 안맞는게 ,872,872,11,0
2019-01-28 16:37:20.038252,13104589,11,0,2019-01-28 14:37:18, 플스가 은근히 저랑 안맞는게 ,952,80,0,0
2019-01-28 17:37:25.019992,13104589,11,0,2019-01-28 14:37:18, 플스가 은근히 저랑 안맞는게 ,987,35,0,0
2019-01-28 18:37:30.057252,13104589,11,0,2019-01-28 14:37:18, 플스가 은근히 저랑 안맞는게 ,1001,14,0,0
2019-01-28 19:37:22.052221,13104589,11,0,2019-01-28 14:37:18, 플스가 은근히 저랑 안맞는게 ,1007,6,0,0
2019-01-28 20:37:27.074637,13104589,11,0,2019-01-28 14:37:18, 플스가 은근히 저랑 안맞는게 ,1021,14,0,0
2019-01-28 21:37:19.270465,13104589,11,0,2019-01-28 14:37:18, 플스가 은근히 저랑 안맞는게 ,1029,8,0,0
2019-01-28 22:37:24.405225,13104589,11,0,2019-01-28 14:37:18, 플스가 은근히 저랑 안맞는게 ,1033,4,0,0
2019-01-28 23:37:29.610267,13104589,11,0,2019-01-28 14:37:18, 플스가 은근히 저랑 안맞는게 ,1039,6,0,0
2019-01-29 00:37:21.922215,13104589,11,0,2019-01-28 14:37:18, 플스가 은근히 저랑 안맞는게 ,1043,4,0,0
2019-01-29 01:37:27.079825,13104589,11,0,2019-01-28 14:37:18, 플스가 은근히 저랑 안맞는게 ,1046,3,0,0
2019-01-29 02:37:19.188425,13104589,11,0,2019-01-28 14:37:18, 플스가 은근히 저랑 안맞는게 ,1049,3,0,0
2019-01-29 03:37:24.328184,13104589,11,0,2019-01-28 14:37:18, 플스가 은근히 저랑 안맞는게 ,1051,2,0,0
2019-01-29 04:37:29.422625,13104589,11,0,2019-01-28 14:37:18, 플스가 은근히 저랑 안맞는게 ,1054,3,0,0
2019-01-29 05:37:21.585206,13104589,11,0,2019-01-28 14:37:18, 플스가 은근히 저랑 안맞는게 ,1055,1,0,0
2019-01-29 06:37:26.737723,13104589,11,0,2019-01-28 14:37:18, 플스가 은근히 저랑 안맞는게 ,1056,1,0,0
2019-01-29 07:37:18.830335,13104589,11,0,2019-01-28 14:37:18, 플스가 은근히 저랑 안맞는게 ,1058,2,0,0
2019-01-29 08:37:23.920604,13104589,11,0,2019-01-28 14:37:18, 플스가 은근히 저랑 안맞는게 ,1061,3,0,0
2019-01-29 09:37:29.225040,13104589,11,0,2019-01-28 14:37:18, 플스가 은근히 저랑 안맞는게 ,1063,2,0,0
2019-01-29 10:37:21.343886,13104589,11,0,2019-01-28 14:37:18, 플스가 은근히 저랑 안맞는게 ,1065,2,0,0
2019-01-29 11:37:26.547094,13104589,11,0,2019-01-28 14:37:18, 플스가 은근히 저랑 안맞는게 ,1068,3,0,0
2019-01-29 12:37:18.652124,13104589,11,0,2019-01-28 14:37:18, 플스가 은근히 저랑 안맞는게 ,1072,4,0,0
2019-01-29 13:37:23.720618,13104589,11,0,2019-01-28 14:37:18, 플스가 은근히 저랑 안맞는게 ,1074,2,0,0
2019-01-29 14:37:28.758105,13104589,11,0,2019-01-28 14:37:18, 플스가 은근히 저랑 안맞는게 ,1076,2,0,0
