check_time,id,post_reply,post_symph,post_time,post_title,post_view,post_view_diff,post_reply_diff,post_symph_diff
2019-01-24 15:36:58.015777,13089582,0,0,2019-01-24 14:36:56, 프랜차이즈 사업하면 백종원 같은 경우 매우 드물던데... ,542,542,0,0
2019-01-24 16:37:03.111314,13089582,0,0,2019-01-24 14:36:56, 프랜차이즈 사업하면 백종원 같은 경우 매우 드물던데... ,579,37,0,0
2019-01-24 17:37:08.143934,13089582,0,0,2019-01-24 14:36:56, 프랜차이즈 사업하면 백종원 같은 경우 매우 드물던데... ,592,13,0,0
2019-01-24 18:37:00.264551,13089582,0,0,2019-01-24 14:36:56, 프랜차이즈 사업하면 백종원 같은 경우 매우 드물던데... ,598,6,0,0
2019-01-24 19:37:05.403741,13089582,0,0,2019-01-24 14:36:56, 프랜차이즈 사업하면 백종원 같은 경우 매우 드물던데... ,604,6,0,0
2019-01-24 20:36:57.549765,13089582,0,0,2019-01-24 14:36:56, 프랜차이즈 사업하면 백종원 같은 경우 매우 드물던데... ,606,2,0,0
2019-01-24 21:37:02.679338,13089582,0,0,2019-01-24 14:36:56, 프랜차이즈 사업하면 백종원 같은 경우 매우 드물던데... ,610,4,0,0
2019-01-24 22:37:07.918512,13089582,0,0,2019-01-24 14:36:56, 프랜차이즈 사업하면 백종원 같은 경우 매우 드물던데... ,613,3,0,0
2019-01-24 23:37:00.101381,13089582,0,0,2019-01-24 14:36:56, 프랜차이즈 사업하면 백종원 같은 경우 매우 드물던데... ,617,4,0,0
2019-01-25 00:37:05.291501,13089582,0,0,2019-01-24 14:36:56, 프랜차이즈 사업하면 백종원 같은 경우 매우 드물던데... ,620,3,0,0
2019-01-25 01:36:57.386492,13089582,0,0,2019-01-24 14:36:56, 프랜차이즈 사업하면 백종원 같은 경우 매우 드물던데... ,623,3,0,0
2019-01-25 02:37:02.537130,13089582,0,0,2019-01-24 14:36:56, 프랜차이즈 사업하면 백종원 같은 경우 매우 드물던데... ,625,2,0,0
2019-01-25 03:37:07.647325,13089582,0,0,2019-01-24 14:36:56, 프랜차이즈 사업하면 백종원 같은 경우 매우 드물던데... ,626,1,0,0
2019-01-25 04:36:59.674315,13089582,0,0,2019-01-24 14:36:56, 프랜차이즈 사업하면 백종원 같은 경우 매우 드물던데... ,627,1,0,0
2019-01-25 05:37:04.756949,13089582,0,0,2019-01-24 14:36:56, 프랜차이즈 사업하면 백종원 같은 경우 매우 드물던데... ,628,1,0,0
2019-01-25 06:36:56.837937,13089582,0,0,2019-01-24 14:36:56, 프랜차이즈 사업하면 백종원 같은 경우 매우 드물던데... ,629,1,0,0
2019-01-25 07:37:01.933294,13089582,0,0,2019-01-24 14:36:56, 프랜차이즈 사업하면 백종원 같은 경우 매우 드물던데... ,630,1,0,0
2019-01-25 08:37:07.059985,13089582,0,0,2019-01-24 14:36:56, 프랜차이즈 사업하면 백종원 같은 경우 매우 드물던데... ,631,1,0,0
2019-01-25 09:36:59.099626,13089582,0,0,2019-01-24 14:36:56, 프랜차이즈 사업하면 백종원 같은 경우 매우 드물던데... ,632,1,0,0
2019-01-25 10:37:04.244781,13089582,0,0,2019-01-24 14:36:56, 프랜차이즈 사업하면 백종원 같은 경우 매우 드물던데... ,634,2,0,0
2019-01-25 11:36:56.243729,13089582,0,0,2019-01-24 14:36:56, 프랜차이즈 사업하면 백종원 같은 경우 매우 드물던데... ,637,3,0,0
2019-01-25 12:37:01.266727,13089582,0,0,2019-01-24 14:36:56, 프랜차이즈 사업하면 백종원 같은 경우 매우 드물던데... ,638,1,0,0
2019-01-25 13:37:06.860236,13089582,0,0,2019-01-24 14:36:56, 프랜차이즈 사업하면 백종원 같은 경우 매우 드물던데... ,640,2,0,0
2019-01-25 14:36:58.913903,13089582,0,0,2019-01-24 14:36:56, 프랜차이즈 사업하면 백종원 같은 경우 매우 드물던데... ,642,2,0,0
