check_time,id,post_reply,post_symph,post_time,post_title,post_view,post_view_diff,post_reply_diff,post_symph_diff
2019-01-30 15:16:24.013936,13111931,41,0,2019-01-30 14:16:13," 속보) 법원, '김경수, 경공모 사무실서 '킹크랩' 시연 본 것 인정' ",4586,4586,41,0
2019-01-30 16:16:16.198869,13111931,41,0,2019-01-30 14:16:13," 속보) 법원, '김경수, 경공모 사무실서 '킹크랩' 시연 본 것 인정' ",4881,295,0,0
2019-01-30 17:16:21.346930,13111931,41,0,2019-01-30 14:16:13," 속보) 법원, '김경수, 경공모 사무실서 '킹크랩' 시연 본 것 인정' ",5099,218,0,0
2019-01-30 18:16:13.420677,13111931,41,0,2019-01-30 14:16:13," 속보) 법원, '김경수, 경공모 사무실서 '킹크랩' 시연 본 것 인정' ",5185,86,0,0
2019-01-30 19:16:18.535693,13111931,41,0,2019-01-30 14:16:13," 속보) 법원, '김경수, 경공모 사무실서 '킹크랩' 시연 본 것 인정' ",5237,52,0,0
2019-01-30 20:16:23.578923,13111931,41,0,2019-01-30 14:16:13," 속보) 법원, '김경수, 경공모 사무실서 '킹크랩' 시연 본 것 인정' ",5259,22,0,0
2019-01-30 21:16:15.677450,13111931,41,0,2019-01-30 14:16:13," 속보) 법원, '김경수, 경공모 사무실서 '킹크랩' 시연 본 것 인정' ",5272,13,0,0
2019-01-30 22:16:20.887336,13111931,41,0,2019-01-30 14:16:13," 속보) 법원, '김경수, 경공모 사무실서 '킹크랩' 시연 본 것 인정' ",5278,6,0,0
2019-01-30 23:16:13.037299,13111931,41,0,2019-01-30 14:16:13," 속보) 법원, '김경수, 경공모 사무실서 '킹크랩' 시연 본 것 인정' ",5282,4,0,0
2019-01-31 00:16:18.231634,13111931,41,0,2019-01-30 14:16:13," 속보) 법원, '김경수, 경공모 사무실서 '킹크랩' 시연 본 것 인정' ",5287,5,0,0
2019-01-31 01:16:23.211051,13111931,41,0,2019-01-30 14:16:13," 속보) 법원, '김경수, 경공모 사무실서 '킹크랩' 시연 본 것 인정' ",5292,5,0,0
2019-01-31 02:16:15.445750,13111931,41,0,2019-01-30 14:16:13," 속보) 법원, '김경수, 경공모 사무실서 '킹크랩' 시연 본 것 인정' ",5296,4,0,0
2019-01-31 03:16:20.525929,13111931,41,0,2019-01-30 14:16:13," 속보) 법원, '김경수, 경공모 사무실서 '킹크랩' 시연 본 것 인정' ",5298,2,0,0
2019-01-31 04:16:25.610080,13111931,41,0,2019-01-30 14:16:13," 속보) 법원, '김경수, 경공모 사무실서 '킹크랩' 시연 본 것 인정' ",5302,4,0,0
2019-01-31 05:16:17.613661,13111931,41,0,2019-01-30 14:16:13," 속보) 법원, '김경수, 경공모 사무실서 '킹크랩' 시연 본 것 인정' ",5304,2,0,0
2019-01-31 06:16:23.666318,13111931,41,0,2019-01-30 14:16:13," 속보) 법원, '김경수, 경공모 사무실서 '킹크랩' 시연 본 것 인정' ",5306,2,0,0
2019-01-31 07:16:15.794892,13111931,41,0,2019-01-30 14:16:13," 속보) 법원, '김경수, 경공모 사무실서 '킹크랩' 시연 본 것 인정' ",5311,5,0,0
2019-01-31 08:16:20.973462,13111931,41,0,2019-01-30 14:16:13," 속보) 법원, '김경수, 경공모 사무실서 '킹크랩' 시연 본 것 인정' ",5315,4,0,0
2019-01-31 09:16:13.053598,13111931,41,0,2019-01-30 14:16:13," 속보) 법원, '김경수, 경공모 사무실서 '킹크랩' 시연 본 것 인정' ",5321,6,0,0
2019-01-31 10:16:18.187856,13111931,41,0,2019-01-30 14:16:13," 속보) 법원, '김경수, 경공모 사무실서 '킹크랩' 시연 본 것 인정' ",5323,2,0,0
2019-01-31 11:16:23.266446,13111931,41,0,2019-01-30 14:16:13," 속보) 법원, '김경수, 경공모 사무실서 '킹크랩' 시연 본 것 인정' ",5325,2,0,0
2019-01-31 12:16:15.379434,13111931,41,0,2019-01-30 14:16:13," 속보) 법원, '김경수, 경공모 사무실서 '킹크랩' 시연 본 것 인정' ",5326,1,0,0
2019-01-31 13:16:20.460978,13111931,41,0,2019-01-30 14:16:13," 속보) 법원, '김경수, 경공모 사무실서 '킹크랩' 시연 본 것 인정' ",5328,2,0,0
2019-01-31 14:16:25.540140,13111931,41,0,2019-01-30 14:16:13," 속보) 법원, '김경수, 경공모 사무실서 '킹크랩' 시연 본 것 인정' ",5330,2,0,0
