check_time,id,post_reply,post_symph,post_time,post_title,post_view,post_view_diff,post_reply_diff,post_symph_diff
2019-01-28 15:42:28.989579,13104604,0,0,2019-01-28 14:42:17, 나눔 발표] 아이들과 설연휴 장거리 가시는 분들께 나눔 합니다. ,406,406,0,0
2019-01-28 16:42:21.038893,13104604,0,0,2019-01-28 14:42:17, 나눔 발표] 아이들과 설연휴 장거리 가시는 분들께 나눔 합니다. ,446,40,0,0
2019-01-28 17:42:26.089467,13104604,0,0,2019-01-28 14:42:17, 나눔 발표] 아이들과 설연휴 장거리 가시는 분들께 나눔 합니다. ,465,19,0,0
2019-01-28 18:42:18.099152,13104604,0,0,2019-01-28 14:42:17, 나눔 발표] 아이들과 설연휴 장거리 가시는 분들께 나눔 합니다. ,473,8,0,0
2019-01-28 19:42:23.122203,13104604,0,0,2019-01-28 14:42:17, 나눔 발표] 아이들과 설연휴 장거리 가시는 분들께 나눔 합니다. ,474,1,0,0
2019-01-28 20:42:28.120373,13104604,0,0,2019-01-28 14:42:17, 나눔 발표] 아이들과 설연휴 장거리 가시는 분들께 나눔 합니다. ,479,5,0,0
2019-01-28 21:42:20.248804,13104604,0,0,2019-01-28 14:42:17, 나눔 발표] 아이들과 설연휴 장거리 가시는 분들께 나눔 합니다. ,481,2,0,0
2019-01-28 22:42:25.650865,13104604,0,0,2019-01-28 14:42:17, 나눔 발표] 아이들과 설연휴 장거리 가시는 분들께 나눔 합니다. ,484,3,0,0
2019-01-28 23:42:17.820630,13104604,0,0,2019-01-28 14:42:17, 나눔 발표] 아이들과 설연휴 장거리 가시는 분들께 나눔 합니다. ,485,1,0,0
2019-01-29 00:42:23.190007,13104604,0,0,2019-01-28 14:42:17, 나눔 발표] 아이들과 설연휴 장거리 가시는 분들께 나눔 합니다. ,486,1,0,0
2019-01-29 01:42:28.520642,13104604,0,0,2019-01-28 14:42:17, 나눔 발표] 아이들과 설연휴 장거리 가시는 분들께 나눔 합니다. ,488,2,0,0
2019-01-29 02:42:20.554578,13104604,0,0,2019-01-28 14:42:17, 나눔 발표] 아이들과 설연휴 장거리 가시는 분들께 나눔 합니다. ,490,2,0,0
2019-01-29 03:42:25.709777,13104604,0,0,2019-01-28 14:42:17, 나눔 발표] 아이들과 설연휴 장거리 가시는 분들께 나눔 합니다. ,491,1,0,0
2019-01-29 04:42:17.762666,13104604,0,0,2019-01-28 14:42:17, 나눔 발표] 아이들과 설연휴 장거리 가시는 분들께 나눔 합니다. ,493,2,0,0
2019-01-29 05:42:22.826189,13104604,0,0,2019-01-28 14:42:17, 나눔 발표] 아이들과 설연휴 장거리 가시는 분들께 나눔 합니다. ,494,1,0,0
2019-01-29 06:42:27.813818,13104604,0,0,2019-01-28 14:42:17, 나눔 발표] 아이들과 설연휴 장거리 가시는 분들께 나눔 합니다. ,495,1,0,0
2019-01-29 07:42:19.846998,13104604,0,0,2019-01-28 14:42:17, 나눔 발표] 아이들과 설연휴 장거리 가시는 분들께 나눔 합니다. ,496,1,0,0
2019-01-29 08:42:25.057314,13104604,1,0,2019-01-28 14:42:17, 나눔 발표] 아이들과 설연휴 장거리 가시는 분들께 나눔 합니다. ,499,3,1,0
2019-01-29 09:42:17.121483,13104604,1,0,2019-01-28 14:42:17, 나눔 발표] 아이들과 설연휴 장거리 가시는 분들께 나눔 합니다. ,500,1,0,0
2019-01-29 10:42:22.163437,13104604,1,0,2019-01-28 14:42:17, 나눔 발표] 아이들과 설연휴 장거리 가시는 분들께 나눔 합니다. ,502,2,0,0
2019-01-29 11:42:27.230453,13104604,1,0,2019-01-28 14:42:17, 나눔 발표] 아이들과 설연휴 장거리 가시는 분들께 나눔 합니다. ,504,2,0,0
2019-01-29 12:42:19.368306,13104604,1,0,2019-01-28 14:42:17, 나눔 발표] 아이들과 설연휴 장거리 가시는 분들께 나눔 합니다. ,506,2,0,0
2019-01-29 13:42:24.578894,13104604,1,0,2019-01-28 14:42:17, 나눔 발표] 아이들과 설연휴 장거리 가시는 분들께 나눔 합니다. ,506,0,0,0
2019-01-29 14:42:29.720069,13104604,1,0,2019-01-28 14:42:17, 나눔 발표] 아이들과 설연휴 장거리 가시는 분들께 나눔 합니다. ,508,2,0,0
