check_time,id,post_reply,post_symph,post_time,post_title,post_view,post_view_diff,post_reply_diff,post_symph_diff
2019-01-24 15:52:14.208718,13089644,8,0,2019-01-24 14:52:03," 우연찮게 미들어스 쉐도우오브워 체험판을 해보고, 바로 구매했습니다. ",293,293,8,0
2019-01-24 16:52:06.329570,13089644,8,0,2019-01-24 14:52:03," 우연찮게 미들어스 쉐도우오브워 체험판을 해보고, 바로 구매했습니다. ",312,19,0,0
2019-01-24 17:52:11.780693,13089644,8,0,2019-01-24 14:52:03," 우연찮게 미들어스 쉐도우오브워 체험판을 해보고, 바로 구매했습니다. ",321,9,0,0
2019-01-24 18:52:04.096600,13089644,8,0,2019-01-24 14:52:03," 우연찮게 미들어스 쉐도우오브워 체험판을 해보고, 바로 구매했습니다. ",328,7,0,0
2019-01-24 19:52:09.360831,13089644,8,0,2019-01-24 14:52:03," 우연찮게 미들어스 쉐도우오브워 체험판을 해보고, 바로 구매했습니다. ",333,5,0,0
2019-01-24 20:52:14.373599,13089644,8,0,2019-01-24 14:52:03," 우연찮게 미들어스 쉐도우오브워 체험판을 해보고, 바로 구매했습니다. ",337,4,0,0
2019-01-24 21:52:06.521256,13089644,8,0,2019-01-24 14:52:03," 우연찮게 미들어스 쉐도우오브워 체험판을 해보고, 바로 구매했습니다. ",339,2,0,0
2019-01-24 22:52:11.611062,13089644,8,0,2019-01-24 14:52:03," 우연찮게 미들어스 쉐도우오브워 체험판을 해보고, 바로 구매했습니다. ",340,1,0,0
2019-01-24 23:52:03.650011,13089644,8,0,2019-01-24 14:52:03," 우연찮게 미들어스 쉐도우오브워 체험판을 해보고, 바로 구매했습니다. ",342,2,0,0
2019-01-25 00:52:08.717282,13089644,8,0,2019-01-24 14:52:03," 우연찮게 미들어스 쉐도우오브워 체험판을 해보고, 바로 구매했습니다. ",344,2,0,0
2019-01-25 01:52:13.874002,13089644,8,0,2019-01-24 14:52:03," 우연찮게 미들어스 쉐도우오브워 체험판을 해보고, 바로 구매했습니다. ",347,3,0,0
2019-01-25 02:52:05.900479,13089644,8,0,2019-01-24 14:52:03," 우연찮게 미들어스 쉐도우오브워 체험판을 해보고, 바로 구매했습니다. ",349,2,0,0
2019-01-25 03:52:10.966502,13089644,8,0,2019-01-24 14:52:03," 우연찮게 미들어스 쉐도우오브워 체험판을 해보고, 바로 구매했습니다. ",350,1,0,0
2019-01-25 04:52:15.969871,13089644,8,0,2019-01-24 14:52:03," 우연찮게 미들어스 쉐도우오브워 체험판을 해보고, 바로 구매했습니다. ",351,1,0,0
2019-01-25 05:52:08.066970,13089644,8,0,2019-01-24 14:52:03," 우연찮게 미들어스 쉐도우오브워 체험판을 해보고, 바로 구매했습니다. ",352,1,0,0
2019-01-25 06:52:13.101087,13089644,8,0,2019-01-24 14:52:03," 우연찮게 미들어스 쉐도우오브워 체험판을 해보고, 바로 구매했습니다. ",353,1,0,0
2019-01-25 07:52:05.122915,13089644,8,0,2019-01-24 14:52:03," 우연찮게 미들어스 쉐도우오브워 체험판을 해보고, 바로 구매했습니다. ",356,3,0,0
2019-01-25 08:52:10.496177,13089644,8,0,2019-01-24 14:52:03," 우연찮게 미들어스 쉐도우오브워 체험판을 해보고, 바로 구매했습니다. ",357,1,0,0
2019-01-25 09:52:15.576187,13089644,8,0,2019-01-24 14:52:03," 우연찮게 미들어스 쉐도우오브워 체험판을 해보고, 바로 구매했습니다. ",359,2,0,0
2019-01-25 10:52:07.636937,13089644,8,0,2019-01-24 14:52:03," 우연찮게 미들어스 쉐도우오브워 체험판을 해보고, 바로 구매했습니다. ",362,3,0,0
2019-01-25 11:52:12.749359,13089644,8,0,2019-01-24 14:52:03," 우연찮게 미들어스 쉐도우오브워 체험판을 해보고, 바로 구매했습니다. ",363,1,0,0
2019-01-25 12:52:04.877209,13089644,8,0,2019-01-24 14:52:03," 우연찮게 미들어스 쉐도우오브워 체험판을 해보고, 바로 구매했습니다. ",364,1,0,0
2019-01-25 13:52:10.356612,13089644,8,0,2019-01-24 14:52:03," 우연찮게 미들어스 쉐도우오브워 체험판을 해보고, 바로 구매했습니다. ",365,1,0,0
2019-01-25 14:52:15.426290,13089644,8,0,2019-01-24 14:52:03," 우연찮게 미들어스 쉐도우오브워 체험판을 해보고, 바로 구매했습니다. ",367,2,0,0
