check_time,id,post_reply,post_symph,post_time,post_title,post_view,post_view_diff,post_reply_diff,post_symph_diff
2019-01-29 15:26:58.110204,13108370,12,0,2019-01-29 14:26:56, 플스4 듀얼쇼크4 샀습니다.(수정) ,788,788,12,0
2019-01-29 16:27:03.085040,13108370,12,0,2019-01-29 14:26:56, 플스4 듀얼쇼크4 샀습니다.(수정) ,897,109,0,0
2019-01-29 17:27:08.162747,13108370,12,0,2019-01-29 14:26:56, 플스4 듀얼쇼크4 샀습니다.(수정) ,939,42,0,0
2019-01-29 18:27:00.466805,13108370,12,0,2019-01-29 14:26:56, 플스4 듀얼쇼크4 샀습니다.(수정) ,973,34,0,0
2019-01-29 19:27:05.457037,13108370,12,0,2019-01-29 14:26:56, 플스4 듀얼쇼크4 샀습니다.(수정) ,989,16,0,0
2019-01-29 20:26:58.230082,13108370,12,0,2019-01-29 14:26:56, 플스4 듀얼쇼크4 샀습니다.(수정) ,1006,17,0,0
2019-01-29 21:27:03.556172,13108370,12,0,2019-01-29 14:26:56, 플스4 듀얼쇼크4 샀습니다.(수정) ,1015,9,0,0
2019-01-29 22:27:08.556864,13108370,12,0,2019-01-29 14:26:56, 플스4 듀얼쇼크4 샀습니다.(수정) ,1027,12,0,0
2019-01-29 23:27:00.601816,13108370,12,0,2019-01-29 14:26:56, 플스4 듀얼쇼크4 샀습니다.(수정) ,1036,9,0,0
2019-01-30 00:27:05.768365,13108370,12,0,2019-01-29 14:26:56, 플스4 듀얼쇼크4 샀습니다.(수정) ,1043,7,0,0
2019-01-30 01:26:57.972738,13108370,12,0,2019-01-29 14:26:56, 플스4 듀얼쇼크4 샀습니다.(수정) ,1049,6,0,0
2019-01-30 02:27:03.258096,13108370,12,0,2019-01-29 14:26:56, 플스4 듀얼쇼크4 샀습니다.(수정) ,1052,3,0,0
2019-01-30 03:27:08.725770,13108370,12,0,2019-01-29 14:26:56, 플스4 듀얼쇼크4 샀습니다.(수정) ,1053,1,0,0
2019-01-30 04:27:01.126474,13108370,12,0,2019-01-29 14:26:56, 플스4 듀얼쇼크4 샀습니다.(수정) ,1055,2,0,0
2019-01-30 05:27:06.309351,13108370,12,0,2019-01-29 14:26:56, 플스4 듀얼쇼크4 샀습니다.(수정) ,1058,3,0,0
2019-01-30 06:26:58.474202,13108370,12,0,2019-01-29 14:26:56, 플스4 듀얼쇼크4 샀습니다.(수정) ,1060,2,0,0
2019-01-30 07:27:03.599121,13108370,12,0,2019-01-29 14:26:56, 플스4 듀얼쇼크4 샀습니다.(수정) ,1061,1,0,0
2019-01-30 08:27:08.921825,13108370,12,0,2019-01-29 14:26:56, 플스4 듀얼쇼크4 샀습니다.(수정) ,1069,8,0,0
2019-01-30 09:27:01.190710,13108370,12,0,2019-01-29 14:26:56, 플스4 듀얼쇼크4 샀습니다.(수정) ,1078,9,0,0
2019-01-30 10:27:06.557819,13108370,12,0,2019-01-29 14:26:56, 플스4 듀얼쇼크4 샀습니다.(수정) ,1086,8,0,0
2019-01-30 11:26:58.783429,13108370,12,0,2019-01-29 14:26:56, 플스4 듀얼쇼크4 샀습니다.(수정) ,1090,4,0,0
2019-01-30 12:27:04.017443,13108370,12,0,2019-01-29 14:26:56, 플스4 듀얼쇼크4 샀습니다.(수정) ,1092,2,0,0
2019-01-30 13:26:56.454485,13108370,12,0,2019-01-29 14:26:56, 플스4 듀얼쇼크4 샀습니다.(수정) ,1096,4,0,0
2019-01-30 14:27:01.616141,13108370,12,0,2019-01-29 14:26:56, 플스4 듀얼쇼크4 샀습니다.(수정) ,1098,2,0,0
