check_time,id,post_reply,post_symph,post_time,post_title,post_view,post_view_diff,post_reply_diff,post_symph_diff
2019-01-29 15:47:36.306516,13108459,0,0,2019-01-29 14:47:28, 본의아니게 아마존 깊카 모으는 중이네요 ,263,263,0,0
2019-01-29 16:47:28.296133,13108459,0,0,2019-01-29 14:47:28, 본의아니게 아마존 깊카 모으는 중이네요 ,290,27,0,0
2019-01-29 17:47:33.360805,13108459,0,0,2019-01-29 14:47:28, 본의아니게 아마존 깊카 모으는 중이네요 ,303,13,0,0
2019-01-29 18:47:38.375859,13108459,0,0,2019-01-29 14:47:28, 본의아니게 아마존 깊카 모으는 중이네요 ,311,8,0,0
2019-01-29 19:47:30.498928,13108459,0,0,2019-01-29 14:47:28, 본의아니게 아마존 깊카 모으는 중이네요 ,315,4,0,0
2019-01-29 20:47:35.820481,13108459,0,0,2019-01-29 14:47:28, 본의아니게 아마존 깊카 모으는 중이네요 ,319,4,0,0
2019-01-29 21:47:40.998890,13108459,0,0,2019-01-29 14:47:28, 본의아니게 아마존 깊카 모으는 중이네요 ,322,3,0,0
2019-01-29 22:47:33.059663,13108459,0,0,2019-01-29 14:47:28, 본의아니게 아마존 깊카 모으는 중이네요 ,323,1,0,0
2019-01-29 23:47:38.092677,13108459,0,0,2019-01-29 14:47:28, 본의아니게 아마존 깊카 모으는 중이네요 ,325,2,0,0
2019-01-30 00:47:30.180549,13108459,0,0,2019-01-29 14:47:28, 본의아니게 아마존 깊카 모으는 중이네요 ,326,1,0,0
2019-01-30 01:47:35.258658,13108459,0,0,2019-01-29 14:47:28, 본의아니게 아마존 깊카 모으는 중이네요 ,331,5,0,0
2019-01-30 02:47:40.322441,13108459,0,0,2019-01-29 14:47:28, 본의아니게 아마존 깊카 모으는 중이네요 ,331,0,0,0
2019-01-30 03:47:32.374198,13108459,0,0,2019-01-29 14:47:28, 본의아니게 아마존 깊카 모으는 중이네요 ,333,2,0,0
2019-01-30 04:47:37.386690,13108459,0,0,2019-01-29 14:47:28, 본의아니게 아마존 깊카 모으는 중이네요 ,335,2,0,0
2019-01-30 05:47:29.533448,13108459,0,0,2019-01-29 14:47:28, 본의아니게 아마존 깊카 모으는 중이네요 ,337,2,0,0
2019-01-30 06:47:34.784485,13108459,0,0,2019-01-29 14:47:28, 본의아니게 아마존 깊카 모으는 중이네요 ,338,1,0,0
2019-01-30 07:47:40.110334,13108459,0,0,2019-01-29 14:47:28, 본의아니게 아마존 깊카 모으는 중이네요 ,339,1,0,0
2019-01-30 08:47:32.130824,13108459,0,0,2019-01-29 14:47:28, 본의아니게 아마존 깊카 모으는 중이네요 ,342,3,0,0
2019-01-30 09:47:37.442399,13108459,0,0,2019-01-29 14:47:28, 본의아니게 아마존 깊카 모으는 중이네요 ,342,0,0,0
2019-01-30 10:47:29.473444,13108459,0,0,2019-01-29 14:47:28, 본의아니게 아마존 깊카 모으는 중이네요 ,346,4,0,0
2019-01-30 11:47:34.535353,13108459,0,0,2019-01-29 14:47:28, 본의아니게 아마존 깊카 모으는 중이네요 ,349,3,0,0
2019-01-30 12:47:39.613309,13108459,0,0,2019-01-29 14:47:28, 본의아니게 아마존 깊카 모으는 중이네요 ,351,2,0,0
2019-01-30 13:47:31.905711,13108459,0,0,2019-01-29 14:47:28, 본의아니게 아마존 깊카 모으는 중이네요 ,353,2,0,0
2019-01-30 14:47:37.074695,13108459,0,0,2019-01-29 14:47:28, 본의아니게 아마존 깊카 모으는 중이네요 ,355,2,0,0
