check_time,id,post_reply,post_symph,post_time,post_title,post_view,post_view_diff,post_reply_diff,post_symph_diff
2019-01-29 15:36:49.762851,13108410,10,4,2019-01-29 14:36:40, 빅뱅 프로저격러 황광희.jpg ,4367,4367,10,4
2019-01-29 16:36:41.819735,13108410,10,4,2019-01-29 14:36:40, 빅뱅 프로저격러 황광희.jpg ,5248,881,0,0
2019-01-29 17:36:47.059297,13108410,10,4,2019-01-29 14:36:40, 빅뱅 프로저격러 황광희.jpg ,5638,390,0,0
2019-01-29 18:36:52.037753,13108410,10,4,2019-01-29 14:36:40, 빅뱅 프로저격러 황광희.jpg ,5837,199,0,0
2019-01-29 19:36:44.062376,13108410,10,4,2019-01-29 14:36:40, 빅뱅 프로저격러 황광희.jpg ,5981,144,0,0
2019-01-29 20:36:49.086796,13108410,10,4,2019-01-29 14:36:40, 빅뱅 프로저격러 황광희.jpg ,6092,111,0,0
2019-01-29 21:36:41.103487,13108410,10,4,2019-01-29 14:36:40, 빅뱅 프로저격러 황광희.jpg ,6204,112,0,0
2019-01-29 22:36:46.052374,13108410,10,4,2019-01-29 14:36:40, 빅뱅 프로저격러 황광희.jpg ,6289,85,0,0
2019-01-29 23:36:51.096964,13108410,10,4,2019-01-29 14:36:40, 빅뱅 프로저격러 황광희.jpg ,6374,85,0,0
2019-01-30 00:36:43.164005,13108410,10,4,2019-01-29 14:36:40, 빅뱅 프로저격러 황광희.jpg ,6421,47,0,0
2019-01-30 01:36:48.272152,13108410,10,4,2019-01-29 14:36:40, 빅뱅 프로저격러 황광희.jpg ,6458,37,0,0
2019-01-30 02:36:40.228386,13108410,10,4,2019-01-29 14:36:40, 빅뱅 프로저격러 황광희.jpg ,6475,17,0,0
2019-01-30 03:36:45.240800,13108410,10,4,2019-01-29 14:36:40, 빅뱅 프로저격러 황광희.jpg ,6483,8,0,0
2019-01-30 04:36:50.268747,13108410,10,4,2019-01-29 14:36:40, 빅뱅 프로저격러 황광희.jpg ,6488,5,0,0
2019-01-30 05:36:42.320790,13108410,10,4,2019-01-29 14:36:40, 빅뱅 프로저격러 황광희.jpg ,6496,8,0,0
2019-01-30 06:36:47.307254,13108410,10,4,2019-01-29 14:36:40, 빅뱅 프로저격러 황광희.jpg ,6501,5,0,0
2019-01-30 07:36:52.433297,13108410,10,4,2019-01-29 14:36:40, 빅뱅 프로저격러 황광희.jpg ,6518,17,0,0
2019-01-30 08:36:44.373856,13108410,11,4,2019-01-29 14:36:40, 빅뱅 프로저격러 황광희.jpg ,6551,33,1,0
2019-01-30 09:36:49.414432,13108410,11,4,2019-01-29 14:36:40, 빅뱅 프로저격러 황광희.jpg ,6563,12,0,0
2019-01-30 10:36:41.428073,13108410,11,4,2019-01-29 14:36:40, 빅뱅 프로저격러 황광희.jpg ,6579,16,0,0
2019-01-30 11:36:46.453604,13108410,11,4,2019-01-29 14:36:40, 빅뱅 프로저격러 황광희.jpg ,6591,12,0,0
2019-01-30 12:36:51.499064,13108410,11,4,2019-01-29 14:36:40, 빅뱅 프로저격러 황광희.jpg ,6594,3,0,0
2019-01-30 13:36:43.628879,13108410,11,4,2019-01-29 14:36:40, 빅뱅 프로저격러 황광희.jpg ,6600,6,0,0
2019-01-30 14:36:48.673867,13108410,11,4,2019-01-29 14:36:40, 빅뱅 프로저격러 황광희.jpg ,6606,6,0,0
