check_time,id,post_reply,post_symph,post_time,post_title,post_view,post_view_diff,post_reply_diff,post_symph_diff
2019-01-26 15:06:52.143680,13097985,34,0,2019-01-26 14:06:45, (펌)남친과 어머니와의 스킨십 어떻게 받아들여야 하나요? ,3710,3710,34,0
2019-01-26 16:06:57.276646,13097985,39,1,2019-01-26 14:06:45, (펌)남친과 어머니와의 스킨십 어떻게 받아들여야 하나요? ,4609,899,5,1
2019-01-26 17:06:49.396047,13097985,40,1,2019-01-26 14:06:45, (펌)남친과 어머니와의 스킨십 어떻게 받아들여야 하나요? ,5191,582,1,0
2019-01-26 18:06:54.510715,13097985,40,1,2019-01-26 14:06:45, (펌)남친과 어머니와의 스킨십 어떻게 받아들여야 하나요? ,5522,331,0,0
2019-01-26 19:06:46.575757,13097985,40,1,2019-01-26 14:06:45, (펌)남친과 어머니와의 스킨십 어떻게 받아들여야 하나요? ,5705,183,0,0
2019-01-26 20:06:51.826889,13097985,40,1,2019-01-26 14:06:45, (펌)남친과 어머니와의 스킨십 어떻게 받아들여야 하나요? ,5845,140,0,0
2019-01-26 21:06:57.086991,13097985,40,1,2019-01-26 14:06:45, (펌)남친과 어머니와의 스킨십 어떻게 받아들여야 하나요? ,5939,94,0,0
2019-01-26 22:06:49.140362,13097985,40,1,2019-01-26 14:06:45, (펌)남친과 어머니와의 스킨십 어떻게 받아들여야 하나요? ,6015,76,0,0
2019-01-26 23:06:54.159641,13097985,40,1,2019-01-26 14:06:45, (펌)남친과 어머니와의 스킨십 어떻게 받아들여야 하나요? ,6076,61,0,0
2019-01-27 00:06:46.178818,13097985,40,1,2019-01-26 14:06:45, (펌)남친과 어머니와의 스킨십 어떻게 받아들여야 하나요? ,6128,52,0,0
2019-01-27 01:06:51.178257,13097985,40,1,2019-01-26 14:06:45, (펌)남친과 어머니와의 스킨십 어떻게 받아들여야 하나요? ,6168,40,0,0
2019-01-27 02:06:56.243824,13097985,40,1,2019-01-26 14:06:45, (펌)남친과 어머니와의 스킨십 어떻게 받아들여야 하나요? ,6182,14,0,0
2019-01-27 03:06:48.278903,13097985,40,1,2019-01-26 14:06:45, (펌)남친과 어머니와의 스킨십 어떻게 받아들여야 하나요? ,6189,7,0,0
2019-01-27 04:06:53.356209,13097985,40,1,2019-01-26 14:06:45, (펌)남친과 어머니와의 스킨십 어떻게 받아들여야 하나요? ,6192,3,0,0
2019-01-27 05:06:45.372512,13097985,40,1,2019-01-26 14:06:45, (펌)남친과 어머니와의 스킨십 어떻게 받아들여야 하나요? ,6197,5,0,0
2019-01-27 06:06:50.405432,13097985,40,1,2019-01-26 14:06:45, (펌)남친과 어머니와의 스킨십 어떻게 받아들여야 하나요? ,6200,3,0,0
2019-01-27 07:06:55.426083,13097985,40,1,2019-01-26 14:06:45, (펌)남친과 어머니와의 스킨십 어떻게 받아들여야 하나요? ,6203,3,0,0
2019-01-27 08:06:47.466780,13097985,40,1,2019-01-26 14:06:45, (펌)남친과 어머니와의 스킨십 어떻게 받아들여야 하나요? ,6210,7,0,0
2019-01-27 09:06:52.504286,13097985,40,1,2019-01-26 14:06:45, (펌)남친과 어머니와의 스킨십 어떻게 받아들여야 하나요? ,6217,7,0,0
2019-01-27 10:06:57.584593,13097985,40,1,2019-01-26 14:06:45, (펌)남친과 어머니와의 스킨십 어떻게 받아들여야 하나요? ,6223,6,0,0
2019-01-27 11:06:49.664247,13097985,40,1,2019-01-26 14:06:45, (펌)남친과 어머니와의 스킨십 어떻게 받아들여야 하나요? ,6227,4,0,0
2019-01-27 12:06:54.676872,13097985,40,1,2019-01-26 14:06:45, (펌)남친과 어머니와의 스킨십 어떻게 받아들여야 하나요? ,6231,4,0,0
2019-01-27 13:06:46.735119,13097985,40,1,2019-01-26 14:06:45, (펌)남친과 어머니와의 스킨십 어떻게 받아들여야 하나요? ,6232,1,0,0
2019-01-27 14:06:52.141817,13097985,40,1,2019-01-26 14:06:45, (펌)남친과 어머니와의 스킨십 어떻게 받아들여야 하나요? ,6234,2,0,0
