check_time,id,post_reply,post_symph,post_time,post_title,post_view,post_view_diff,post_reply_diff,post_symph_diff
2019-01-24 15:26:53.501038,13089535,6,0,2019-01-24 14:26:51, 누구보다 미국을 좋아하지만 아닌척하는 그 나라.gif ,2082,2082,6,0
2019-01-24 16:26:58.570569,13089535,6,0,2019-01-24 14:26:51, 누구보다 미국을 좋아하지만 아닌척하는 그 나라.gif ,2273,191,0,0
2019-01-24 17:27:03.691597,13089535,6,0,2019-01-24 14:26:51, 누구보다 미국을 좋아하지만 아닌척하는 그 나라.gif ,2361,88,0,0
2019-01-24 18:26:55.782916,13089535,6,0,2019-01-24 14:26:51, 누구보다 미국을 좋아하지만 아닌척하는 그 나라.gif ,2398,37,0,0
2019-01-24 19:27:00.851658,13089535,6,0,2019-01-24 14:26:51, 누구보다 미국을 좋아하지만 아닌척하는 그 나라.gif ,2431,33,0,0
2019-01-24 20:26:53.103341,13089535,6,0,2019-01-24 14:26:51, 누구보다 미국을 좋아하지만 아닌척하는 그 나라.gif ,2461,30,0,0
2019-01-24 21:26:58.157798,13089535,6,0,2019-01-24 14:26:51, 누구보다 미국을 좋아하지만 아닌척하는 그 나라.gif ,2474,13,0,0
2019-01-24 22:27:03.203242,13089535,6,0,2019-01-24 14:26:51, 누구보다 미국을 좋아하지만 아닌척하는 그 나라.gif ,2481,7,0,0
2019-01-24 23:26:55.289314,13089535,6,0,2019-01-24 14:26:51, 누구보다 미국을 좋아하지만 아닌척하는 그 나라.gif ,2484,3,0,0
2019-01-25 00:27:00.572657,13089535,6,0,2019-01-24 14:26:51, 누구보다 미국을 좋아하지만 아닌척하는 그 나라.gif ,2489,5,0,0
2019-01-25 01:26:52.704987,13089535,6,0,2019-01-24 14:26:51, 누구보다 미국을 좋아하지만 아닌척하는 그 나라.gif ,2495,6,0,0
2019-01-25 02:26:58.083240,13089535,6,0,2019-01-24 14:26:51, 누구보다 미국을 좋아하지만 아닌척하는 그 나라.gif ,2498,3,0,0
2019-01-25 03:27:03.138614,13089535,6,0,2019-01-24 14:26:51, 누구보다 미국을 좋아하지만 아닌척하는 그 나라.gif ,2503,5,0,0
2019-01-25 04:26:55.180649,13089535,6,0,2019-01-24 14:26:51, 누구보다 미국을 좋아하지만 아닌척하는 그 나라.gif ,2504,1,0,0
2019-01-25 05:27:00.534760,13089535,6,0,2019-01-24 14:26:51, 누구보다 미국을 좋아하지만 아닌척하는 그 나라.gif ,2505,1,0,0
2019-01-25 06:26:52.608715,13089535,6,0,2019-01-24 14:26:51, 누구보다 미국을 좋아하지만 아닌척하는 그 나라.gif ,2506,1,0,0
2019-01-25 07:26:57.918428,13089535,6,0,2019-01-24 14:26:51, 누구보다 미국을 좋아하지만 아닌척하는 그 나라.gif ,2509,3,0,0
2019-01-25 08:27:02.972432,13089535,6,0,2019-01-24 14:26:51, 누구보다 미국을 좋아하지만 아닌척하는 그 나라.gif ,2511,2,0,0
2019-01-25 09:26:55.043883,13089535,6,0,2019-01-24 14:26:51, 누구보다 미국을 좋아하지만 아닌척하는 그 나라.gif ,2516,5,0,0
2019-01-25 10:27:00.193000,13089535,6,0,2019-01-24 14:26:51, 누구보다 미국을 좋아하지만 아닌척하는 그 나라.gif ,2516,0,0,0
2019-01-25 11:26:52.268961,13089535,6,0,2019-01-24 14:26:51, 누구보다 미국을 좋아하지만 아닌척하는 그 나라.gif ,2518,2,0,0
2019-01-25 12:26:57.240673,13089535,6,0,2019-01-24 14:26:51, 누구보다 미국을 좋아하지만 아닌척하는 그 나라.gif ,2520,2,0,0
2019-01-25 13:27:02.319698,13089535,6,0,2019-01-24 14:26:51, 누구보다 미국을 좋아하지만 아닌척하는 그 나라.gif ,2522,2,0,0
2019-01-25 14:26:54.376027,13089535,6,0,2019-01-24 14:26:51, 누구보다 미국을 좋아하지만 아닌척하는 그 나라.gif ,2525,3,0,0
