check_time,id,post_reply,post_symph,post_time,post_title,post_view,post_view_diff,post_reply_diff,post_symph_diff
2019-01-26 15:16:45.627414,13098008,7,0,2019-01-26 14:16:39, 이번 플스 구입 제조년월이 19년 1월이네요. ,1102,1102,7,0
2019-01-26 16:16:50.963671,13098008,7,0,2019-01-26 14:16:39, 이번 플스 구입 제조년월이 19년 1월이네요. ,1270,168,0,0
2019-01-26 17:16:43.094438,13098008,7,0,2019-01-26 14:16:39, 이번 플스 구입 제조년월이 19년 1월이네요. ,1337,67,0,0
2019-01-26 18:16:48.197509,13098008,7,0,2019-01-26 14:16:39, 이번 플스 구입 제조년월이 19년 1월이네요. ,1378,41,0,0
2019-01-26 19:16:40.333192,13098008,7,0,2019-01-26 14:16:39, 이번 플스 구입 제조년월이 19년 1월이네요. ,1400,22,0,0
2019-01-26 20:16:45.426913,13098008,7,0,2019-01-26 14:16:39, 이번 플스 구입 제조년월이 19년 1월이네요. ,1415,15,0,0
2019-01-26 21:16:50.537566,13098008,7,0,2019-01-26 14:16:39, 이번 플스 구입 제조년월이 19년 1월이네요. ,1427,12,0,0
2019-01-26 22:16:42.835144,13098008,7,0,2019-01-26 14:16:39, 이번 플스 구입 제조년월이 19년 1월이네요. ,1437,10,0,0
2019-01-26 23:16:47.964376,13098008,7,0,2019-01-26 14:16:39, 이번 플스 구입 제조년월이 19년 1월이네요. ,1445,8,0,0
2019-01-27 00:16:40.063075,13098008,7,0,2019-01-26 14:16:39, 이번 플스 구입 제조년월이 19년 1월이네요. ,1453,8,0,0
2019-01-27 01:16:45.172835,13098008,7,0,2019-01-26 14:16:39, 이번 플스 구입 제조년월이 19년 1월이네요. ,1461,8,0,0
2019-01-27 02:16:50.293875,13098008,7,0,2019-01-26 14:16:39, 이번 플스 구입 제조년월이 19년 1월이네요. ,1470,9,0,0
2019-01-27 03:16:42.347398,13098008,7,0,2019-01-26 14:16:39, 이번 플스 구입 제조년월이 19년 1월이네요. ,1475,5,0,0
2019-01-27 04:16:47.441542,13098008,7,0,2019-01-26 14:16:39, 이번 플스 구입 제조년월이 19년 1월이네요. ,1477,2,0,0
2019-01-27 05:16:39.561587,13098008,7,0,2019-01-26 14:16:39, 이번 플스 구입 제조년월이 19년 1월이네요. ,1480,3,0,0
2019-01-27 06:16:44.668607,13098008,7,0,2019-01-26 14:16:39, 이번 플스 구입 제조년월이 19년 1월이네요. ,1481,1,0,0
2019-01-27 07:16:49.734654,13098008,7,0,2019-01-26 14:16:39, 이번 플스 구입 제조년월이 19년 1월이네요. ,1484,3,0,0
2019-01-27 08:16:41.779456,13098008,7,0,2019-01-26 14:16:39, 이번 플스 구입 제조년월이 19년 1월이네요. ,1486,2,0,0
2019-01-27 09:16:46.827308,13098008,7,0,2019-01-26 14:16:39, 이번 플스 구입 제조년월이 19년 1월이네요. ,1491,5,0,0
2019-01-27 10:16:51.820617,13098008,7,0,2019-01-26 14:16:39, 이번 플스 구입 제조년월이 19년 1월이네요. ,1494,3,0,0
2019-01-27 11:16:44.032843,13098008,7,0,2019-01-26 14:16:39, 이번 플스 구입 제조년월이 19년 1월이네요. ,1496,2,0,0
2019-01-27 12:16:49.070471,13098008,7,0,2019-01-26 14:16:39, 이번 플스 구입 제조년월이 19년 1월이네요. ,1500,4,0,0
2019-01-27 13:16:41.120751,13098008,7,0,2019-01-26 14:16:39, 이번 플스 구입 제조년월이 19년 1월이네요. ,1501,1,0,0
2019-01-27 14:16:46.156153,13098008,7,0,2019-01-26 14:16:39, 이번 플스 구입 제조년월이 19년 1월이네요. ,1505,4,0,0
