check_time,id,post_reply,post_symph,post_time,post_title,post_view,post_view_diff,post_reply_diff,post_symph_diff
2019-01-25 15:01:24.083714,13093758,18,0,2019-01-25 14:01:13, 인생에서 게임을 해도 되는 순간이란게 과연 존재하는가? 싶었습니다. ,628,628,18,0
2019-01-25 16:01:16.110233,13093758,18,0,2019-01-25 14:01:13, 인생에서 게임을 해도 되는 순간이란게 과연 존재하는가? 싶었습니다. ,688,60,0,0
2019-01-25 17:01:21.229422,13093758,18,0,2019-01-25 14:01:13, 인생에서 게임을 해도 되는 순간이란게 과연 존재하는가? 싶었습니다. ,707,19,0,0
2019-01-25 18:01:13.313438,13093758,18,0,2019-01-25 14:01:13, 인생에서 게임을 해도 되는 순간이란게 과연 존재하는가? 싶었습니다. ,720,13,0,0
2019-01-25 19:01:18.426423,13093758,18,0,2019-01-25 14:01:13, 인생에서 게임을 해도 되는 순간이란게 과연 존재하는가? 싶었습니다. ,727,7,0,0
2019-01-25 20:01:23.535188,13093758,18,0,2019-01-25 14:01:13, 인생에서 게임을 해도 되는 순간이란게 과연 존재하는가? 싶었습니다. ,731,4,0,0
2019-01-25 21:01:15.880269,13093758,18,0,2019-01-25 14:01:13, 인생에서 게임을 해도 되는 순간이란게 과연 존재하는가? 싶었습니다. ,735,4,0,0
2019-01-25 22:01:21.010660,13093758,18,0,2019-01-25 14:01:13, 인생에서 게임을 해도 되는 순간이란게 과연 존재하는가? 싶었습니다. ,739,4,0,0
2019-01-25 23:01:13.413258,13093758,18,0,2019-01-25 14:01:13, 인생에서 게임을 해도 되는 순간이란게 과연 존재하는가? 싶었습니다. ,746,7,0,0
2019-01-26 00:01:18.493760,13093758,18,0,2019-01-25 14:01:13, 인생에서 게임을 해도 되는 순간이란게 과연 존재하는가? 싶었습니다. ,749,3,0,0
2019-01-26 01:01:24.321226,13093758,18,0,2019-01-25 14:01:13, 인생에서 게임을 해도 되는 순간이란게 과연 존재하는가? 싶었습니다. ,751,2,0,0
2019-01-26 02:01:16.347010,13093758,18,0,2019-01-25 14:01:13, 인생에서 게임을 해도 되는 순간이란게 과연 존재하는가? 싶었습니다. ,753,2,0,0
2019-01-26 03:01:21.360217,13093758,18,0,2019-01-25 14:01:13, 인생에서 게임을 해도 되는 순간이란게 과연 존재하는가? 싶었습니다. ,757,4,0,0
2019-01-26 04:01:13.386702,13093758,18,0,2019-01-25 14:01:13, 인생에서 게임을 해도 되는 순간이란게 과연 존재하는가? 싶었습니다. ,758,1,0,0
2019-01-26 05:01:18.397428,13093758,18,0,2019-01-25 14:01:13, 인생에서 게임을 해도 되는 순간이란게 과연 존재하는가? 싶었습니다. ,759,1,0,0
2019-01-26 06:01:23.402245,13093758,18,0,2019-01-25 14:01:13, 인생에서 게임을 해도 되는 순간이란게 과연 존재하는가? 싶었습니다. ,761,2,0,0
2019-01-26 07:01:15.446987,13093758,18,0,2019-01-25 14:01:13, 인생에서 게임을 해도 되는 순간이란게 과연 존재하는가? 싶었습니다. ,763,2,0,0
2019-01-26 08:01:20.577667,13093758,18,0,2019-01-25 14:01:13, 인생에서 게임을 해도 되는 순간이란게 과연 존재하는가? 싶었습니다. ,764,1,0,0
2019-01-26 09:01:25.629343,13093758,18,0,2019-01-25 14:01:13, 인생에서 게임을 해도 되는 순간이란게 과연 존재하는가? 싶었습니다. ,766,2,0,0
2019-01-26 10:01:23.728700,13093758,18,0,2019-01-25 14:01:13, 인생에서 게임을 해도 되는 순간이란게 과연 존재하는가? 싶었습니다. ,767,1,0,0
2019-01-26 11:01:15.780689,13093758,18,0,2019-01-25 14:01:13, 인생에서 게임을 해도 되는 순간이란게 과연 존재하는가? 싶었습니다. ,769,2,0,0
2019-01-26 12:01:21.040825,13093758,18,0,2019-01-25 14:01:13, 인생에서 게임을 해도 되는 순간이란게 과연 존재하는가? 싶었습니다. ,771,2,0,0
2019-01-26 13:01:13.088057,13093758,18,0,2019-01-25 14:01:13, 인생에서 게임을 해도 되는 순간이란게 과연 존재하는가? 싶었습니다. ,773,2,0,0
2019-01-26 14:01:18.173288,13093758,18,0,2019-01-25 14:01:13, 인생에서 게임을 해도 되는 순간이란게 과연 존재하는가? 싶었습니다. ,774,1,0,0
