check_time,id,post_reply,post_symph,post_time,post_title,post_view,post_view_diff,post_reply_diff,post_symph_diff
2019-01-28 17:07:11.444014,13104992,1,0,2019-01-28 16:07:03, 넷플 킹덤 보면서 드는 생각은.. ,705,705,1,0
2019-01-28 18:07:03.582515,13104992,1,0,2019-01-28 16:07:03, 넷플 킹덤 보면서 드는 생각은.. ,788,83,0,0
2019-01-28 19:07:08.680537,13104992,1,0,2019-01-28 16:07:03, 넷플 킹덤 보면서 드는 생각은.. ,825,37,0,0
2019-01-28 20:07:13.824074,13104992,1,0,2019-01-28 16:07:03, 넷플 킹덤 보면서 드는 생각은.. ,844,19,0,0
2019-01-28 21:07:05.922089,13104992,1,0,2019-01-28 16:07:03, 넷플 킹덤 보면서 드는 생각은.. ,858,14,0,0
2019-01-28 22:07:10.946268,13104992,1,0,2019-01-28 16:07:03, 넷플 킹덤 보면서 드는 생각은.. ,870,12,0,0
2019-01-28 23:07:03.044270,13104992,1,0,2019-01-28 16:07:03, 넷플 킹덤 보면서 드는 생각은.. ,885,15,0,0
2019-01-29 00:07:08.252934,13104992,1,0,2019-01-28 16:07:03, 넷플 킹덤 보면서 드는 생각은.. ,898,13,0,0
2019-01-29 01:07:13.311578,13104992,1,0,2019-01-28 16:07:03, 넷플 킹덤 보면서 드는 생각은.. ,909,11,0,0
2019-01-29 02:07:05.640032,13104992,1,0,2019-01-28 16:07:03, 넷플 킹덤 보면서 드는 생각은.. ,915,6,0,0
2019-01-29 03:07:10.904707,13104992,1,0,2019-01-28 16:07:03, 넷플 킹덤 보면서 드는 생각은.. ,917,2,0,0
2019-01-29 04:07:03.168615,13104992,1,0,2019-01-28 16:07:03, 넷플 킹덤 보면서 드는 생각은.. ,921,4,0,0
2019-01-29 05:07:08.277173,13104992,1,0,2019-01-28 16:07:03, 넷플 킹덤 보면서 드는 생각은.. ,925,4,0,0
2019-01-29 06:07:13.371969,13104992,1,0,2019-01-28 16:07:03, 넷플 킹덤 보면서 드는 생각은.. ,927,2,0,0
2019-01-29 07:07:05.415109,13104992,1,0,2019-01-28 16:07:03, 넷플 킹덤 보면서 드는 생각은.. ,933,6,0,0
2019-01-29 08:07:10.576830,13104992,1,0,2019-01-28 16:07:03, 넷플 킹덤 보면서 드는 생각은.. ,938,5,0,0
2019-01-29 09:07:15.745111,13104992,1,0,2019-01-28 16:07:03, 넷플 킹덤 보면서 드는 생각은.. ,942,4,0,0
2019-01-29 10:07:08.040441,13104992,1,0,2019-01-28 16:07:03, 넷플 킹덤 보면서 드는 생각은.. ,946,4,0,0
2019-01-29 11:07:13.070378,13104992,1,0,2019-01-28 16:07:03, 넷플 킹덤 보면서 드는 생각은.. ,953,7,0,0
2019-01-29 12:07:05.287341,13104992,1,0,2019-01-28 16:07:03, 넷플 킹덤 보면서 드는 생각은.. ,956,3,0,0
2019-01-29 13:07:10.358491,13104992,1,0,2019-01-28 16:07:03, 넷플 킹덤 보면서 드는 생각은.. ,958,2,0,0
2019-01-29 14:07:15.492684,13104992,1,0,2019-01-28 16:07:03, 넷플 킹덤 보면서 드는 생각은.. ,962,4,0,0
2019-01-29 15:07:07.767860,13104992,1,0,2019-01-28 16:07:03, 넷플 킹덤 보면서 드는 생각은.. ,964,2,0,0
2019-01-29 16:07:13.045909,13104992,1,0,2019-01-28 16:07:03, 넷플 킹덤 보면서 드는 생각은.. ,966,2,0,0
