check_time,id,post_reply,post_symph,post_time,post_title,post_view,post_view_diff,post_reply_diff,post_symph_diff
2019-01-30 17:12:32.143255,13112790,5,2,2019-01-30 16:12:21," TV 조선만 보는 부모님, 걱정입니다. ",434,434,5,2
2019-01-30 18:12:24.277974,13112790,5,2,2019-01-30 16:12:21," TV 조선만 보는 부모님, 걱정입니다. ",448,14,0,0
2019-01-30 19:12:29.387775,13112790,5,2,2019-01-30 16:12:21," TV 조선만 보는 부모님, 걱정입니다. ",457,9,0,0
2019-01-30 20:12:21.561902,13112790,5,2,2019-01-30 16:12:21," TV 조선만 보는 부모님, 걱정입니다. ",460,3,0,0
2019-01-30 21:12:26.585515,13112790,5,2,2019-01-30 16:12:21," TV 조선만 보는 부모님, 걱정입니다. ",463,3,0,0
2019-01-30 22:12:31.656214,13112790,5,2,2019-01-30 16:12:21," TV 조선만 보는 부모님, 걱정입니다. ",469,6,0,0
2019-01-30 23:12:23.696905,13112790,5,2,2019-01-30 16:12:21," TV 조선만 보는 부모님, 걱정입니다. ",471,2,0,0
2019-01-31 00:12:28.659471,13112790,5,2,2019-01-30 16:12:21," TV 조선만 보는 부모님, 걱정입니다. ",473,2,0,0
2019-01-31 01:12:21.048653,13112790,5,2,2019-01-30 16:12:21," TV 조선만 보는 부모님, 걱정입니다. ",476,3,0,0
2019-01-31 02:12:26.092703,13112790,5,2,2019-01-30 16:12:21," TV 조선만 보는 부모님, 걱정입니다. ",478,2,0,0
2019-01-31 03:12:31.267491,13112790,5,2,2019-01-30 16:12:21," TV 조선만 보는 부모님, 걱정입니다. ",478,0,0,0
2019-01-31 04:12:23.939164,13112790,5,2,2019-01-30 16:12:21," TV 조선만 보는 부모님, 걱정입니다. ",480,2,0,0
2019-01-31 05:12:29.153193,13112790,5,2,2019-01-30 16:12:21," TV 조선만 보는 부모님, 걱정입니다. ",481,1,0,0
2019-01-31 06:12:21.451990,13112790,5,2,2019-01-30 16:12:21," TV 조선만 보는 부모님, 걱정입니다. ",482,1,0,0
2019-01-31 07:12:26.535136,13112790,5,2,2019-01-30 16:12:21," TV 조선만 보는 부모님, 걱정입니다. ",483,1,0,0
2019-01-31 08:12:31.488379,13112790,5,2,2019-01-30 16:12:21," TV 조선만 보는 부모님, 걱정입니다. ",484,1,0,0
2019-01-31 09:12:23.493482,13112790,5,2,2019-01-30 16:12:21," TV 조선만 보는 부모님, 걱정입니다. ",485,1,0,0
2019-01-31 10:12:28.577291,13112790,5,2,2019-01-30 16:12:21," TV 조선만 보는 부모님, 걱정입니다. ",486,1,0,0
2019-01-31 11:12:33.665517,13112790,5,2,2019-01-30 16:12:21," TV 조선만 보는 부모님, 걱정입니다. ",487,1,0,0
2019-01-31 12:12:25.758048,13112790,5,2,2019-01-30 16:12:21," TV 조선만 보는 부모님, 걱정입니다. ",488,1,0,0
2019-01-31 13:12:30.853452,13112790,5,2,2019-01-30 16:12:21," TV 조선만 보는 부모님, 걱정입니다. ",489,1,0,0
2019-01-31 14:12:22.898582,13112790,5,2,2019-01-30 16:12:21," TV 조선만 보는 부모님, 걱정입니다. ",491,2,0,0
2019-01-31 15:12:27.965503,13112790,5,2,2019-01-30 16:12:21," TV 조선만 보는 부모님, 걱정입니다. ",492,1,0,0
2019-01-31 16:12:32.939725,13112790,5,2,2019-01-30 16:12:21," TV 조선만 보는 부모님, 걱정입니다. ",493,1,0,0
