check_time,id,post_reply,post_symph,post_time,post_title,post_view,post_view_diff,post_reply_diff,post_symph_diff
2019-01-25 17:32:36.562044,13094338,2,0,2019-01-25 16:32:25, [소설] 손 사건에 관해 원하는 상황 ,721,721,2,0
2019-01-25 18:32:28.695682,13094338,2,0,2019-01-25 16:32:25, [소설] 손 사건에 관해 원하는 상황 ,774,53,0,0
2019-01-25 19:32:33.820788,13094338,2,0,2019-01-25 16:32:25, [소설] 손 사건에 관해 원하는 상황 ,793,19,0,0
2019-01-25 20:32:25.994963,13094338,2,0,2019-01-25 16:32:25, [소설] 손 사건에 관해 원하는 상황 ,798,5,0,0
2019-01-25 21:32:31.157629,13094338,2,0,2019-01-25 16:32:25, [소설] 손 사건에 관해 원하는 상황 ,811,13,0,0
2019-01-25 22:32:36.299654,13094338,2,0,2019-01-25 16:32:25, [소설] 손 사건에 관해 원하는 상황 ,813,2,0,0
2019-01-25 23:32:28.537861,13094338,2,0,2019-01-25 16:32:25, [소설] 손 사건에 관해 원하는 상황 ,816,3,0,0
2019-01-26 00:32:33.979459,13094338,2,0,2019-01-25 16:32:25, [소설] 손 사건에 관해 원하는 상황 ,820,4,0,0
2019-01-26 01:32:26.062379,13094338,2,0,2019-01-25 16:32:25, [소설] 손 사건에 관해 원하는 상황 ,824,4,0,0
2019-01-26 02:32:31.162595,13094338,2,0,2019-01-25 16:32:25, [소설] 손 사건에 관해 원하는 상황 ,827,3,0,0
2019-01-26 03:32:36.300743,13094338,2,0,2019-01-25 16:32:25, [소설] 손 사건에 관해 원하는 상황 ,829,2,0,0
2019-01-26 04:32:28.427032,13094338,2,0,2019-01-25 16:32:25, [소설] 손 사건에 관해 원하는 상황 ,830,1,0,0
2019-01-26 05:32:33.553105,13094338,2,0,2019-01-25 16:32:25, [소설] 손 사건에 관해 원하는 상황 ,831,1,0,0
2019-01-26 06:32:25.620384,13094338,2,0,2019-01-25 16:32:25, [소설] 손 사건에 관해 원하는 상황 ,833,2,0,0
2019-01-26 07:32:30.703654,13094338,2,0,2019-01-25 16:32:25, [소설] 손 사건에 관해 원하는 상황 ,837,4,0,0
2019-01-26 08:32:35.969476,13094338,2,0,2019-01-25 16:32:25, [소설] 손 사건에 관해 원하는 상황 ,841,4,0,0
2019-01-26 09:32:28.018927,13094338,2,0,2019-01-25 16:32:25, [소설] 손 사건에 관해 원하는 상황 ,845,4,0,0
2019-01-26 10:32:33.562985,13094338,2,0,2019-01-25 16:32:25, [소설] 손 사건에 관해 원하는 상황 ,847,2,0,0
2019-01-26 11:32:25.665975,13094338,2,0,2019-01-25 16:32:25, [소설] 손 사건에 관해 원하는 상황 ,849,2,0,0
2019-01-26 12:32:30.785788,13094338,2,0,2019-01-25 16:32:25, [소설] 손 사건에 관해 원하는 상황 ,851,2,0,0
2019-01-26 13:32:35.926491,13094338,2,0,2019-01-25 16:32:25, [소설] 손 사건에 관해 원하는 상황 ,851,0,0,0
2019-01-26 14:32:28.085664,13094338,2,0,2019-01-25 16:32:25, [소설] 손 사건에 관해 원하는 상황 ,852,1,0,0
2019-01-26 15:32:33.287397,13094338,2,0,2019-01-25 16:32:25, [소설] 손 사건에 관해 원하는 상황 ,854,2,0,0
2019-01-26 16:32:25.438464,13094338,2,0,2019-01-25 16:32:25, [소설] 손 사건에 관해 원하는 상황 ,855,1,0,0
