check_time,id,post_reply,post_symph,post_time,post_title,post_view,post_view_diff,post_reply_diff,post_symph_diff
2019-01-24 17:46:50.667948,13090167,8,1,2019-01-24 16:46:49, 돈카츠 먹었습니다. ,1490,1490,8,1
2019-01-24 18:46:56.209313,13090167,8,1,2019-01-24 16:46:49, 돈카츠 먹었습니다. ,1637,147,0,0
2019-01-24 19:47:01.382874,13090167,8,1,2019-01-24 16:46:49, 돈카츠 먹었습니다. ,1681,44,0,0
2019-01-24 20:46:53.457025,13090167,9,1,2019-01-24 16:46:49, 돈카츠 먹었습니다. ,1704,23,1,0
2019-01-24 21:46:58.567935,13090167,9,1,2019-01-24 16:46:49, 돈카츠 먹었습니다. ,1717,13,0,0
2019-01-24 22:46:50.838557,13090167,9,1,2019-01-24 16:46:49, 돈카츠 먹었습니다. ,1724,7,0,0
2019-01-24 23:46:56.086865,13090167,9,1,2019-01-24 16:46:49, 돈카츠 먹었습니다. ,1730,6,0,0
2019-01-25 00:47:01.097991,13090167,9,1,2019-01-24 16:46:49, 돈카츠 먹었습니다. ,1736,6,0,0
2019-01-25 01:46:53.084846,13090167,9,1,2019-01-24 16:46:49, 돈카츠 먹었습니다. ,1742,6,0,0
2019-01-25 02:46:58.272393,13090167,9,1,2019-01-24 16:46:49, 돈카츠 먹었습니다. ,1744,2,0,0
2019-01-25 03:46:51.256532,13090167,9,1,2019-01-24 16:46:49, 돈카츠 먹었습니다. ,1747,3,0,0
2019-01-25 04:46:56.337983,13090167,9,1,2019-01-24 16:46:49, 돈카츠 먹었습니다. ,1748,1,0,0
2019-01-25 05:47:01.439946,13090167,9,1,2019-01-24 16:46:49, 돈카츠 먹었습니다. ,1749,1,0,0
2019-01-25 06:46:53.494598,13090167,9,1,2019-01-24 16:46:49, 돈카츠 먹었습니다. ,1752,3,0,0
2019-01-25 07:46:58.562084,13090167,9,1,2019-01-24 16:46:49, 돈카츠 먹었습니다. ,1755,3,0,0
2019-01-25 08:46:50.618350,13090167,9,1,2019-01-24 16:46:49, 돈카츠 먹었습니다. ,1760,5,0,0
2019-01-25 09:46:55.804444,13090167,9,1,2019-01-24 16:46:49, 돈카츠 먹었습니다. ,1763,3,0,0
2019-01-25 10:47:00.921289,13090167,9,1,2019-01-24 16:46:49, 돈카츠 먹었습니다. ,1765,2,0,0
2019-01-25 11:46:52.967855,13090167,9,1,2019-01-24 16:46:49, 돈카츠 먹었습니다. ,1768,3,0,0
2019-01-25 12:46:58.084826,13090167,9,1,2019-01-24 16:46:49, 돈카츠 먹었습니다. ,1771,3,0,0
2019-01-25 13:46:50.111457,13090167,9,1,2019-01-24 16:46:49, 돈카츠 먹었습니다. ,1772,1,0,0
2019-01-25 14:46:55.124582,13090167,9,1,2019-01-24 16:46:49, 돈카츠 먹었습니다. ,1776,4,0,0
2019-01-25 15:47:00.247075,13090167,9,1,2019-01-24 16:46:49, 돈카츠 먹었습니다. ,1779,3,0,0
2019-01-25 16:46:52.397172,13090167,9,1,2019-01-24 16:46:49, 돈카츠 먹었습니다. ,1781,2,0,0
