check_time,id,post_reply,post_symph,post_time,post_title,post_view,post_view_diff,post_reply_diff,post_symph_diff
2019-01-25 17:11:59.122161,13094266,19,0,2019-01-25 16:11:58, 지구qcy t1은 2주가 되도록 움직이질않네요 ,410,410,19,0
2019-01-25 18:12:04.189763,13094266,19,0,2019-01-25 16:11:58, 지구qcy t1은 2주가 되도록 움직이질않네요 ,445,35,0,0
2019-01-25 19:12:09.566374,13094266,19,0,2019-01-25 16:11:58, 지구qcy t1은 2주가 되도록 움직이질않네요 ,457,12,0,0
2019-01-25 20:12:01.694809,13094266,19,0,2019-01-25 16:11:58, 지구qcy t1은 2주가 되도록 움직이질않네요 ,468,11,0,0
2019-01-25 21:12:06.724938,13094266,19,0,2019-01-25 16:11:58, 지구qcy t1은 2주가 되도록 움직이질않네요 ,471,3,0,0
2019-01-25 22:11:58.817859,13094266,19,0,2019-01-25 16:11:58, 지구qcy t1은 2주가 되도록 움직이질않네요 ,481,10,0,0
2019-01-25 23:12:03.885599,13094266,19,0,2019-01-25 16:11:58, 지구qcy t1은 2주가 되도록 움직이질않네요 ,482,1,0,0
2019-01-26 00:12:09.155447,13094266,19,0,2019-01-25 16:11:58, 지구qcy t1은 2주가 되도록 움직이질않네요 ,484,2,0,0
2019-01-26 01:12:01.480856,13094266,19,0,2019-01-25 16:11:58, 지구qcy t1은 2주가 되도록 움직이질않네요 ,488,4,0,0
2019-01-26 02:12:06.643639,13094266,19,0,2019-01-25 16:11:58, 지구qcy t1은 2주가 되도록 움직이질않네요 ,491,3,0,0
2019-01-26 03:11:58.702917,13094266,19,0,2019-01-25 16:11:58, 지구qcy t1은 2주가 되도록 움직이질않네요 ,495,4,0,0
2019-01-26 04:12:03.789739,13094266,19,0,2019-01-25 16:11:58, 지구qcy t1은 2주가 되도록 움직이질않네요 ,495,0,0,0
2019-01-26 05:12:08.914537,13094266,19,0,2019-01-25 16:11:58, 지구qcy t1은 2주가 되도록 움직이질않네요 ,497,2,0,0
2019-01-26 06:12:00.943106,13094266,19,0,2019-01-25 16:11:58, 지구qcy t1은 2주가 되도록 움직이질않네요 ,498,1,0,0
2019-01-26 07:12:06.075036,13094266,19,0,2019-01-25 16:11:58, 지구qcy t1은 2주가 되도록 움직이질않네요 ,501,3,0,0
2019-01-26 08:11:58.352194,13094266,19,0,2019-01-25 16:11:58, 지구qcy t1은 2주가 되도록 움직이질않네요 ,502,1,0,0
2019-01-26 09:12:03.733922,13094266,19,0,2019-01-25 16:11:58, 지구qcy t1은 2주가 되도록 움직이질않네요 ,503,1,0,0
2019-01-26 10:12:09.019498,13094266,19,0,2019-01-25 16:11:58, 지구qcy t1은 2주가 되도록 움직이질않네요 ,506,3,0,0
2019-01-26 11:12:01.256055,13094266,19,0,2019-01-25 16:11:58, 지구qcy t1은 2주가 되도록 움직이질않네요 ,510,4,0,0
2019-01-26 12:12:06.523877,13094266,19,0,2019-01-25 16:11:58, 지구qcy t1은 2주가 되도록 움직이질않네요 ,512,2,0,0
2019-01-26 13:11:59.070414,13094266,19,0,2019-01-25 16:11:58, 지구qcy t1은 2주가 되도록 움직이질않네요 ,515,3,0,0
2019-01-26 14:12:04.199669,13094266,19,0,2019-01-25 16:11:58, 지구qcy t1은 2주가 되도록 움직이질않네요 ,515,0,0,0
2019-01-26 15:12:09.326366,13094266,19,0,2019-01-25 16:11:58, 지구qcy t1은 2주가 되도록 움직이질않네요 ,518,3,0,0
2019-01-26 16:12:01.391714,13094266,19,0,2019-01-25 16:11:58, 지구qcy t1은 2주가 되도록 움직이질않네요 ,521,3,0,0
