check_time,id,post_reply,post_symph,post_time,post_title,post_view,post_view_diff,post_reply_diff,post_symph_diff
2019-01-26 17:47:13.623210,13098415,2,19,2019-01-26 16:47:09, 아픈 어린냥 데리고왔어여 ,1698,1698,2,19
2019-01-26 18:47:18.642016,13098415,2,20,2019-01-26 16:47:09, 아픈 어린냥 데리고왔어여 ,2192,494,0,1
2019-01-26 19:47:10.739402,13098415,2,20,2019-01-26 16:47:09, 아픈 어린냥 데리고왔어여 ,2420,228,0,0
2019-01-26 20:47:15.722056,13098415,2,20,2019-01-26 16:47:09, 아픈 어린냥 데리고왔어여 ,2575,155,0,0
2019-01-26 21:47:20.761689,13098415,2,20,2019-01-26 16:47:09, 아픈 어린냥 데리고왔어여 ,2679,104,0,0
2019-01-26 22:47:12.777378,13098415,2,20,2019-01-26 16:47:09, 아픈 어린냥 데리고왔어여 ,2770,91,0,0
2019-01-26 23:47:18.072421,13098415,2,20,2019-01-26 16:47:09, 아픈 어린냥 데리고왔어여 ,2846,76,0,0
2019-01-27 00:47:10.126180,13098415,2,20,2019-01-26 16:47:09, 아픈 어린냥 데리고왔어여 ,2902,56,0,0
2019-01-27 01:47:15.473553,13098415,2,20,2019-01-26 16:47:09, 아픈 어린냥 데리고왔어여 ,2953,51,0,0
2019-01-27 02:47:20.521765,13098415,2,20,2019-01-26 16:47:09, 아픈 어린냥 데리고왔어여 ,2979,26,0,0
2019-01-27 03:47:12.569569,13098415,2,20,2019-01-26 16:47:09, 아픈 어린냥 데리고왔어여 ,2999,20,0,0
2019-01-27 04:47:18.001196,13098415,2,20,2019-01-26 16:47:09, 아픈 어린냥 데리고왔어여 ,3017,18,0,0
2019-01-27 05:47:10.147216,13098415,2,20,2019-01-26 16:47:09, 아픈 어린냥 데리고왔어여 ,3021,4,0,0
2019-01-27 06:47:15.363278,13098415,2,20,2019-01-26 16:47:09, 아픈 어린냥 데리고왔어여 ,3030,9,0,0
2019-01-27 07:47:20.502347,13098415,2,20,2019-01-26 16:47:09, 아픈 어린냥 데리고왔어여 ,3044,14,0,0
2019-01-27 08:47:12.601791,13098415,2,20,2019-01-26 16:47:09, 아픈 어린냥 데리고왔어여 ,3063,19,0,0
2019-01-27 09:47:17.887507,13098415,2,20,2019-01-26 16:47:09, 아픈 어린냥 데리고왔어여 ,3079,16,0,0
2019-01-27 10:47:10.582040,13098415,2,20,2019-01-26 16:47:09, 아픈 어린냥 데리고왔어여 ,3106,27,0,0
2019-01-27 11:47:15.543102,13098415,2,20,2019-01-26 16:47:09, 아픈 어린냥 데리고왔어여 ,3130,24,0,0
2019-01-27 12:47:20.767586,13098415,2,20,2019-01-26 16:47:09, 아픈 어린냥 데리고왔어여 ,3153,23,0,0
2019-01-27 13:47:13.018927,13098415,2,20,2019-01-26 16:47:09, 아픈 어린냥 데리고왔어여 ,3159,6,0,0
2019-01-27 14:47:18.459485,13098415,2,20,2019-01-26 16:47:09, 아픈 어린냥 데리고왔어여 ,3168,9,0,0
2019-01-27 15:47:10.756497,13098415,2,20,2019-01-26 16:47:09, 아픈 어린냥 데리고왔어여 ,3173,5,0,0
2019-01-27 16:47:15.822176,13098415,2,20,2019-01-26 16:47:09, 아픈 어린냥 데리고왔어여 ,3180,7,0,0
