check_time,id,post_reply,post_symph,post_time,post_title,post_view,post_view_diff,post_reply_diff,post_symph_diff
2019-01-25 17:42:04.041435,13094387,17,0,2019-01-25 16:42:04, 수원살며 아쉬운점.. ,1073,1073,17,0
2019-01-25 18:42:09.127479,13094387,17,0,2019-01-25 16:42:04, 수원살며 아쉬운점.. ,1207,134,0,0
2019-01-25 19:42:14.253044,13094387,17,0,2019-01-25 16:42:04, 수원살며 아쉬운점.. ,1268,61,0,0
2019-01-25 20:42:06.652214,13094387,17,0,2019-01-25 16:42:04, 수원살며 아쉬운점.. ,1290,22,0,0
2019-01-25 21:42:11.780538,13094387,17,0,2019-01-25 16:42:04, 수원살며 아쉬운점.. ,1313,23,0,0
2019-01-25 22:42:16.911096,13094387,17,0,2019-01-25 16:42:04, 수원살며 아쉬운점.. ,1326,13,0,0
2019-01-25 23:42:09.029227,13094387,17,0,2019-01-25 16:42:04, 수원살며 아쉬운점.. ,1337,11,0,0
2019-01-26 00:42:14.214374,13094387,17,0,2019-01-25 16:42:04, 수원살며 아쉬운점.. ,1339,2,0,0
2019-01-26 01:42:06.331929,13094387,17,0,2019-01-25 16:42:04, 수원살며 아쉬운점.. ,1346,7,0,0
2019-01-26 02:42:11.469779,13094387,17,0,2019-01-25 16:42:04, 수원살며 아쉬운점.. ,1349,3,0,0
2019-01-26 03:42:16.773551,13094387,17,0,2019-01-25 16:42:04, 수원살며 아쉬운점.. ,1353,4,0,0
2019-01-26 04:42:08.848390,13094387,17,0,2019-01-25 16:42:04, 수원살며 아쉬운점.. ,1355,2,0,0
2019-01-26 05:42:14.229026,13094387,17,0,2019-01-25 16:42:04, 수원살며 아쉬운점.. ,1357,2,0,0
2019-01-26 06:42:06.293425,13094387,17,0,2019-01-25 16:42:04, 수원살며 아쉬운점.. ,1360,3,0,0
2019-01-26 07:42:11.342483,13094387,17,0,2019-01-25 16:42:04, 수원살며 아쉬운점.. ,1363,3,0,0
2019-01-26 08:42:16.410750,13094387,17,0,2019-01-25 16:42:04, 수원살며 아쉬운점.. ,1366,3,0,0
2019-01-26 09:42:08.634371,13094387,17,0,2019-01-25 16:42:04, 수원살며 아쉬운점.. ,1368,2,0,0
2019-01-26 10:42:13.722757,13094387,17,0,2019-01-25 16:42:04, 수원살며 아쉬운점.. ,1369,1,0,0
2019-01-26 11:42:05.818932,13094387,17,0,2019-01-25 16:42:04, 수원살며 아쉬운점.. ,1374,5,0,0
2019-01-26 12:42:10.920264,13094387,17,0,2019-01-25 16:42:04, 수원살며 아쉬운점.. ,1376,2,0,0
2019-01-26 13:42:16.013876,13094387,17,0,2019-01-25 16:42:04, 수원살며 아쉬운점.. ,1377,1,0,0
2019-01-26 14:42:08.129960,13094387,17,0,2019-01-25 16:42:04, 수원살며 아쉬운점.. ,1378,1,0,0
2019-01-26 15:42:13.222231,13094387,17,0,2019-01-25 16:42:04, 수원살며 아쉬운점.. ,1379,1,0,0
2019-01-26 16:42:05.270378,13094387,17,0,2019-01-25 16:42:04, 수원살며 아쉬운점.. ,1382,3,0,0
