check_time,id,post_reply,post_symph,post_time,post_title,post_view,post_view_diff,post_reply_diff,post_symph_diff
2019-01-27 17:47:07.041393,13101480,11,0,2019-01-27 16:47:03, 지금 플4있으신 분들은 프로사기 안좋은 시기입니다. ,1174,1174,11,0
2019-01-27 18:47:12.073169,13101480,12,0,2019-01-27 16:47:03, 지금 플4있으신 분들은 프로사기 안좋은 시기입니다. ,1397,223,1,0
2019-01-27 19:47:04.195646,13101480,12,0,2019-01-27 16:47:03, 지금 플4있으신 분들은 프로사기 안좋은 시기입니다. ,1480,83,0,0
2019-01-27 20:47:09.307241,13101480,12,0,2019-01-27 16:47:03, 지금 플4있으신 분들은 프로사기 안좋은 시기입니다. ,1534,54,0,0
2019-01-27 21:47:14.628014,13101480,13,0,2019-01-27 16:47:03, 지금 플4있으신 분들은 프로사기 안좋은 시기입니다. ,1567,33,1,0
2019-01-27 22:47:07.195640,13101480,13,0,2019-01-27 16:47:03, 지금 플4있으신 분들은 프로사기 안좋은 시기입니다. ,1583,16,0,0
2019-01-27 23:47:12.272654,13101480,13,0,2019-01-27 16:47:03, 지금 플4있으신 분들은 프로사기 안좋은 시기입니다. ,1594,11,0,0
2019-01-28 00:47:04.423373,13101480,13,0,2019-01-27 16:47:03, 지금 플4있으신 분들은 프로사기 안좋은 시기입니다. ,1602,8,0,0
2019-01-28 01:47:09.475417,13101480,13,0,2019-01-27 16:47:03, 지금 플4있으신 분들은 프로사기 안좋은 시기입니다. ,1609,7,0,0
2019-01-28 02:47:14.532277,13101480,13,0,2019-01-27 16:47:03, 지금 플4있으신 분들은 프로사기 안좋은 시기입니다. ,1614,5,0,0
2019-01-28 03:47:06.547036,13101480,13,0,2019-01-27 16:47:03, 지금 플4있으신 분들은 프로사기 안좋은 시기입니다. ,1616,2,0,0
2019-01-28 04:47:11.774371,13101480,13,0,2019-01-27 16:47:03, 지금 플4있으신 분들은 프로사기 안좋은 시기입니다. ,1620,4,0,0
2019-01-28 05:47:03.716271,13101480,13,0,2019-01-27 16:47:03, 지금 플4있으신 분들은 프로사기 안좋은 시기입니다. ,1621,1,0,0
2019-01-28 06:47:08.769754,13101480,13,0,2019-01-27 16:47:03, 지금 플4있으신 분들은 프로사기 안좋은 시기입니다. ,1623,2,0,0
2019-01-28 07:47:13.829297,13101480,13,0,2019-01-27 16:47:03, 지금 플4있으신 분들은 프로사기 안좋은 시기입니다. ,1626,3,0,0
2019-01-28 08:47:05.993779,13101480,13,0,2019-01-27 16:47:03, 지금 플4있으신 분들은 프로사기 안좋은 시기입니다. ,1627,1,0,0
2019-01-28 09:47:11.111339,13101480,13,0,2019-01-27 16:47:03, 지금 플4있으신 분들은 프로사기 안좋은 시기입니다. ,1631,4,0,0
2019-01-28 10:47:03.312964,13101480,13,0,2019-01-27 16:47:03, 지금 플4있으신 분들은 프로사기 안좋은 시기입니다. ,1635,4,0,0
2019-01-28 11:47:08.370600,13101480,13,0,2019-01-27 16:47:03, 지금 플4있으신 분들은 프로사기 안좋은 시기입니다. ,1637,2,0,0
2019-01-28 12:47:13.878439,13101480,13,0,2019-01-27 16:47:03, 지금 플4있으신 분들은 프로사기 안좋은 시기입니다. ,1639,2,0,0
2019-01-28 13:47:06.258999,13101480,13,0,2019-01-27 16:47:03, 지금 플4있으신 분들은 프로사기 안좋은 시기입니다. ,1640,1,0,0
2019-01-28 14:47:11.625758,13101480,13,0,2019-01-27 16:47:03, 지금 플4있으신 분들은 프로사기 안좋은 시기입니다. ,1641,1,0,0
2019-01-28 15:47:03.884317,13101480,13,0,2019-01-27 16:47:03, 지금 플4있으신 분들은 프로사기 안좋은 시기입니다. ,1647,6,0,0
2019-01-28 16:47:09.621465,13101480,13,0,2019-01-27 16:47:03, 지금 플4있으신 분들은 프로사기 안좋은 시기입니다. ,1651,4,0,0
