check_time,id,post_reply,post_symph,post_time,post_title,post_view,post_view_diff,post_reply_diff,post_symph_diff
2019-01-26 17:36:28.266539,13098388,9,1,2019-01-26 16:36:20," 리히,란제리 사진작가 교체 후 일어난 일.ytb ",3485,3485,9,1
2019-01-26 18:36:20.402279,13098388,9,1,2019-01-26 16:36:20," 리히,란제리 사진작가 교체 후 일어난 일.ytb ",4295,810,0,0
2019-01-26 19:36:25.526539,13098388,9,1,2019-01-26 16:36:20," 리히,란제리 사진작가 교체 후 일어난 일.ytb ",4738,443,0,0
2019-01-26 20:36:30.838918,13098388,10,1,2019-01-26 16:36:20," 리히,란제리 사진작가 교체 후 일어난 일.ytb ",5070,332,1,0
2019-01-26 21:36:22.952712,13098388,10,1,2019-01-26 16:36:20," 리히,란제리 사진작가 교체 후 일어난 일.ytb ",5302,232,0,0
2019-01-26 22:36:28.085331,13098388,10,1,2019-01-26 16:36:20," 리히,란제리 사진작가 교체 후 일어난 일.ytb ",5499,197,0,0
2019-01-26 23:36:20.207560,13098388,10,1,2019-01-26 16:36:20," 리히,란제리 사진작가 교체 후 일어난 일.ytb ",5651,152,0,0
2019-01-27 00:36:25.732623,13098388,10,1,2019-01-26 16:36:20," 리히,란제리 사진작가 교체 후 일어난 일.ytb ",5742,91,0,0
2019-01-27 01:36:30.866347,13098388,10,1,2019-01-26 16:36:20," 리히,란제리 사진작가 교체 후 일어난 일.ytb ",5785,43,0,0
2019-01-27 02:36:22.951549,13098388,10,1,2019-01-26 16:36:20," 리히,란제리 사진작가 교체 후 일어난 일.ytb ",5807,22,0,0
2019-01-27 03:36:28.018838,13098388,10,1,2019-01-26 16:36:20," 리히,란제리 사진작가 교체 후 일어난 일.ytb ",5819,12,0,0
2019-01-27 04:36:20.149726,13098388,10,1,2019-01-26 16:36:20," 리히,란제리 사진작가 교체 후 일어난 일.ytb ",5830,11,0,0
2019-01-27 05:36:25.239364,13098388,10,1,2019-01-26 16:36:20," 리히,란제리 사진작가 교체 후 일어난 일.ytb ",5837,7,0,0
2019-01-27 06:36:30.404871,13098388,10,1,2019-01-26 16:36:20," 리히,란제리 사진작가 교체 후 일어난 일.ytb ",5839,2,0,0
2019-01-27 07:36:23.300945,13098388,10,1,2019-01-26 16:36:20," 리히,란제리 사진작가 교체 후 일어난 일.ytb ",5842,3,0,0
2019-01-27 08:36:28.629779,13098388,10,1,2019-01-26 16:36:20," 리히,란제리 사진작가 교체 후 일어난 일.ytb ",5852,10,0,0
2019-01-27 09:36:20.825655,13098388,10,1,2019-01-26 16:36:20," 리히,란제리 사진작가 교체 후 일어난 일.ytb ",5855,3,0,0
2019-01-27 10:36:25.900666,13098388,10,1,2019-01-26 16:36:20," 리히,란제리 사진작가 교체 후 일어난 일.ytb ",5867,12,0,0
2019-01-27 11:36:31.124632,13098388,10,1,2019-01-26 16:36:20," 리히,란제리 사진작가 교체 후 일어난 일.ytb ",5880,13,0,0
2019-01-27 12:36:23.208830,13098388,10,1,2019-01-26 16:36:20," 리히,란제리 사진작가 교체 후 일어난 일.ytb ",5882,2,0,0
2019-01-27 13:36:28.276375,13098388,10,1,2019-01-26 16:36:20," 리히,란제리 사진작가 교체 후 일어난 일.ytb ",5884,2,0,0
2019-01-27 14:36:20.368623,13098388,10,1,2019-01-26 16:36:20," 리히,란제리 사진작가 교체 후 일어난 일.ytb ",5889,5,0,0
2019-01-27 15:36:25.456768,13098388,10,1,2019-01-26 16:36:20," 리히,란제리 사진작가 교체 후 일어난 일.ytb ",5893,4,0,0
2019-01-27 16:36:30.764268,13098388,10,1,2019-01-26 16:36:20," 리히,란제리 사진작가 교체 후 일어난 일.ytb ",5896,3,0,0
