check_time,id,post_reply,post_symph,post_time,post_title,post_view,post_view_diff,post_reply_diff,post_symph_diff
2019-01-24 17:52:25.637455,13090192,3,0,2019-01-24 16:52:15, 지금 플스사면 손해 아닙니까 ,1092,1092,3,0
2019-01-24 18:52:17.789337,13090192,3,0,2019-01-24 16:52:15, 지금 플스사면 손해 아닙니까 ,1210,118,0,0
2019-01-24 19:52:22.927315,13090192,3,0,2019-01-24 16:52:15, 지금 플스사면 손해 아닙니까 ,1243,33,0,0
2019-01-24 20:52:15.051094,13090192,3,0,2019-01-24 16:52:15, 지금 플스사면 손해 아닙니까 ,1256,13,0,0
2019-01-24 21:52:20.181627,13090192,3,0,2019-01-24 16:52:15, 지금 플스사면 손해 아닙니까 ,1266,10,0,0
2019-01-24 22:52:25.688257,13090192,3,0,2019-01-24 16:52:15, 지금 플스사면 손해 아닙니까 ,1275,9,0,0
2019-01-24 23:52:17.807741,13090192,3,0,2019-01-24 16:52:15, 지금 플스사면 손해 아닙니까 ,1280,5,0,0
2019-01-25 00:52:23.193088,13090192,3,0,2019-01-24 16:52:15, 지금 플스사면 손해 아닙니까 ,1286,6,0,0
2019-01-25 01:52:15.302201,13090192,3,0,2019-01-24 16:52:15, 지금 플스사면 손해 아닙니까 ,1293,7,0,0
2019-01-25 02:52:20.387900,13090192,3,0,2019-01-24 16:52:15, 지금 플스사면 손해 아닙니까 ,1296,3,0,0
2019-01-25 03:52:25.457490,13090192,3,0,2019-01-24 16:52:15, 지금 플스사면 손해 아닙니까 ,1299,3,0,0
2019-01-25 04:52:17.536125,13090192,3,0,2019-01-24 16:52:15, 지금 플스사면 손해 아닙니까 ,1302,3,0,0
2019-01-25 05:52:22.636272,13090192,3,0,2019-01-24 16:52:15, 지금 플스사면 손해 아닙니까 ,1305,3,0,0
2019-01-25 06:52:27.901640,13090192,3,0,2019-01-24 16:52:15, 지금 플스사면 손해 아닙니까 ,1307,2,0,0
2019-01-25 07:52:20.004187,13090192,3,0,2019-01-24 16:52:15, 지금 플스사면 손해 아닙니까 ,1308,1,0,0
2019-01-25 08:52:25.121242,13090192,3,0,2019-01-24 16:52:15, 지금 플스사면 손해 아닙니까 ,1314,6,0,0
2019-01-25 09:52:17.189981,13090192,3,0,2019-01-24 16:52:15, 지금 플스사면 손해 아닙니까 ,1317,3,0,0
2019-01-25 10:52:22.559278,13090192,3,0,2019-01-24 16:52:15, 지금 플스사면 손해 아닙니까 ,1320,3,0,0
2019-01-25 11:52:27.819102,13090192,3,0,2019-01-24 16:52:15, 지금 플스사면 손해 아닙니까 ,1321,1,0,0
2019-01-25 12:52:19.884112,13090192,3,0,2019-01-24 16:52:15, 지금 플스사면 손해 아닙니까 ,1323,2,0,0
2019-01-25 13:52:25.095403,13090192,3,0,2019-01-24 16:52:15, 지금 플스사면 손해 아닙니까 ,1326,3,0,0
2019-01-25 14:52:17.162135,13090192,3,0,2019-01-24 16:52:15, 지금 플스사면 손해 아닙니까 ,1329,3,0,0
2019-01-25 15:52:22.702046,13090192,3,0,2019-01-24 16:52:15, 지금 플스사면 손해 아닙니까 ,1330,1,0,0
2019-01-25 16:52:27.847084,13090192,3,0,2019-01-24 16:52:15, 지금 플스사면 손해 아닙니까 ,1332,2,0,0
