check_time,id,post_reply,post_symph,post_time,post_title,post_view,post_view_diff,post_reply_diff,post_symph_diff
2019-01-24 17:32:25.121700,13090115,4,2,2019-01-24 16:32:18, 강릉 오시면 뒷뜨루 가보세요.. ,1790,1790,4,2
2019-01-24 18:32:30.437214,13090115,5,2,2019-01-24 16:32:18, 강릉 오시면 뒷뜨루 가보세요.. ,1946,156,1,0
2019-01-24 19:32:22.576214,13090115,5,2,2019-01-24 16:32:18, 강릉 오시면 뒷뜨루 가보세요.. ,2022,76,0,0
2019-01-24 20:32:27.916305,13090115,5,2,2019-01-24 16:32:18, 강릉 오시면 뒷뜨루 가보세요.. ,2063,41,0,0
2019-01-24 21:32:20.047416,13090115,5,2,2019-01-24 16:32:18, 강릉 오시면 뒷뜨루 가보세요.. ,2086,23,0,0
2019-01-24 22:32:25.365611,13090115,5,2,2019-01-24 16:32:18, 강릉 오시면 뒷뜨루 가보세요.. ,2096,10,0,0
2019-01-24 23:32:30.561806,13090115,5,2,2019-01-24 16:32:18, 강릉 오시면 뒷뜨루 가보세요.. ,2101,5,0,0
2019-01-25 00:32:22.689765,13090115,5,2,2019-01-24 16:32:18, 강릉 오시면 뒷뜨루 가보세요.. ,2110,9,0,0
2019-01-25 01:32:27.860927,13090115,5,2,2019-01-24 16:32:18, 강릉 오시면 뒷뜨루 가보세요.. ,2116,6,0,0
2019-01-25 02:32:19.950729,13090115,5,2,2019-01-24 16:32:18, 강릉 오시면 뒷뜨루 가보세요.. ,2120,4,0,0
2019-01-25 03:32:25.281058,13090115,5,2,2019-01-24 16:32:18, 강릉 오시면 뒷뜨루 가보세요.. ,2122,2,0,0
2019-01-25 04:32:30.428794,13090115,5,2,2019-01-24 16:32:18, 강릉 오시면 뒷뜨루 가보세요.. ,2124,2,0,0
2019-01-25 05:32:22.535942,13090115,5,2,2019-01-24 16:32:18, 강릉 오시면 뒷뜨루 가보세요.. ,2126,2,0,0
2019-01-25 06:32:27.777701,13090115,5,2,2019-01-24 16:32:18, 강릉 오시면 뒷뜨루 가보세요.. ,2129,3,0,0
2019-01-25 07:32:19.890812,13090115,5,2,2019-01-24 16:32:18, 강릉 오시면 뒷뜨루 가보세요.. ,2131,2,0,0
2019-01-25 08:32:24.912611,13090115,5,2,2019-01-24 16:32:18, 강릉 오시면 뒷뜨루 가보세요.. ,2134,3,0,0
2019-01-25 09:32:29.936591,13090115,5,2,2019-01-24 16:32:18, 강릉 오시면 뒷뜨루 가보세요.. ,2137,3,0,0
2019-01-25 10:32:21.963802,13090115,5,2,2019-01-24 16:32:18, 강릉 오시면 뒷뜨루 가보세요.. ,2140,3,0,0
2019-01-25 11:32:27.020363,13090115,5,2,2019-01-24 16:32:18, 강릉 오시면 뒷뜨루 가보세요.. ,2145,5,0,0
2019-01-25 12:32:19.000426,13090115,5,2,2019-01-24 16:32:18, 강릉 오시면 뒷뜨루 가보세요.. ,2147,2,0,0
2019-01-25 13:32:25.040047,13090115,5,2,2019-01-24 16:32:18, 강릉 오시면 뒷뜨루 가보세요.. ,2152,5,0,0
2019-01-25 14:32:30.200937,13090115,5,2,2019-01-24 16:32:18, 강릉 오시면 뒷뜨루 가보세요.. ,2155,3,0,0
2019-01-25 15:32:22.581648,13090115,5,2,2019-01-24 16:32:18, 강릉 오시면 뒷뜨루 가보세요.. ,2165,10,0,0
2019-01-25 16:32:27.769143,13090115,5,2,2019-01-24 16:32:18, 강릉 오시면 뒷뜨루 가보세요.. ,2166,1,0,0
