check_time,id,post_reply,post_symph,post_time,post_title,post_view,post_view_diff,post_reply_diff,post_symph_diff
2019-01-29 17:07:10.722970,13108713,26,0,2019-01-29 16:07:00, (19금) ㅅㅈ할때 아무 느낌이 안오는 분 계신가요? ,5371,5371,26,0
2019-01-29 18:07:02.787210,13108713,27,0,2019-01-29 16:07:00, (19금) ㅅㅈ할때 아무 느낌이 안오는 분 계신가요? ,6528,1157,1,0
2019-01-29 19:07:07.803784,13108713,29,0,2019-01-29 16:07:00, (19금) ㅅㅈ할때 아무 느낌이 안오는 분 계신가요? ,7297,769,2,0
2019-01-29 20:07:12.998378,13108713,29,0,2019-01-29 16:07:00, (19금) ㅅㅈ할때 아무 느낌이 안오는 분 계신가요? ,7678,381,0,0
2019-01-29 21:07:05.047390,13108713,38,0,2019-01-29 16:07:00, (19금) ㅅㅈ할때 아무 느낌이 안오는 분 계신가요? ,7945,267,9,0
2019-01-29 22:07:10.062082,13108713,54,0,2019-01-29 16:07:00, (19금) ㅅㅈ할때 아무 느낌이 안오는 분 계신가요? ,8216,271,16,0
2019-01-29 23:07:02.053774,13108713,55,0,2019-01-29 16:07:00, (19금) ㅅㅈ할때 아무 느낌이 안오는 분 계신가요? ,8454,238,1,0
2019-01-30 00:07:07.149928,13108713,55,0,2019-01-29 16:07:00, (19금) ㅅㅈ할때 아무 느낌이 안오는 분 계신가요? ,8624,170,0,0
2019-01-30 01:07:12.493911,13108713,55,0,2019-01-29 16:07:00, (19금) ㅅㅈ할때 아무 느낌이 안오는 분 계신가요? ,8758,134,0,0
2019-01-30 02:07:04.486445,13108713,55,0,2019-01-29 16:07:00, (19금) ㅅㅈ할때 아무 느낌이 안오는 분 계신가요? ,8806,48,0,0
2019-01-30 03:07:09.559291,13108713,55,0,2019-01-29 16:07:00, (19금) ㅅㅈ할때 아무 느낌이 안오는 분 계신가요? ,8837,31,0,0
2019-01-30 04:07:01.575354,13108713,55,0,2019-01-29 16:07:00, (19금) ㅅㅈ할때 아무 느낌이 안오는 분 계신가요? ,8853,16,0,0
2019-01-30 05:07:06.641929,13108713,55,0,2019-01-29 16:07:00, (19금) ㅅㅈ할때 아무 느낌이 안오는 분 계신가요? ,8875,22,0,0
2019-01-30 06:07:11.860039,13108713,55,0,2019-01-29 16:07:00, (19금) ㅅㅈ할때 아무 느낌이 안오는 분 계신가요? ,8890,15,0,0
2019-01-30 07:07:04.093979,13108713,55,0,2019-01-29 16:07:00, (19금) ㅅㅈ할때 아무 느낌이 안오는 분 계신가요? ,8910,20,0,0
2019-01-30 08:07:09.197424,13108713,55,0,2019-01-29 16:07:00, (19금) ㅅㅈ할때 아무 느낌이 안오는 분 계신가요? ,8931,21,0,0
2019-01-30 09:07:01.727733,13108713,55,0,2019-01-29 16:07:00, (19금) ㅅㅈ할때 아무 느낌이 안오는 분 계신가요? ,8958,27,0,0
2019-01-30 10:07:06.865710,13108713,55,0,2019-01-29 16:07:00, (19금) ㅅㅈ할때 아무 느낌이 안오는 분 계신가요? ,8986,28,0,0
2019-01-30 11:07:11.962610,13108713,55,0,2019-01-29 16:07:00, (19금) ㅅㅈ할때 아무 느낌이 안오는 분 계신가요? ,9012,26,0,0
2019-01-30 12:07:04.471958,13108713,55,0,2019-01-29 16:07:00, (19금) ㅅㅈ할때 아무 느낌이 안오는 분 계신가요? ,9029,17,0,0
2019-01-30 13:07:09.785118,13108713,55,0,2019-01-29 16:07:00, (19금) ㅅㅈ할때 아무 느낌이 안오는 분 계신가요? ,9050,21,0,0
2019-01-30 14:07:01.898436,13108713,55,0,2019-01-29 16:07:00, (19금) ㅅㅈ할때 아무 느낌이 안오는 분 계신가요? ,9070,20,0,0
2019-01-30 15:07:06.926294,13108713,55,0,2019-01-29 16:07:00, (19금) ㅅㅈ할때 아무 느낌이 안오는 분 계신가요? ,9087,17,0,0
2019-01-30 16:07:11.943360,13108713,55,0,2019-01-29 16:07:00, (19금) ㅅㅈ할때 아무 느낌이 안오는 분 계신가요? ,9092,5,0,0
