check_time,id,post_reply,post_symph,post_time,post_title,post_view,post_view_diff,post_reply_diff,post_symph_diff
2019-01-27 17:37:26.137040,13101452,2,0,2019-01-27 16:37:14, 염보성 담당일진.JPG ,3917,3917,2,0
2019-01-27 18:37:18.143476,13101452,3,0,2019-01-27 16:37:14, 염보성 담당일진.JPG ,4932,1015,1,0
2019-01-27 19:37:23.315333,13101452,3,0,2019-01-27 16:37:14, 염보성 담당일진.JPG ,5351,419,0,0
2019-01-27 20:37:15.347484,13101452,3,0,2019-01-27 16:37:14, 염보성 담당일진.JPG ,5723,372,0,0
2019-01-27 21:37:20.402170,13101452,3,0,2019-01-27 16:37:14, 염보성 담당일진.JPG ,5941,218,0,0
2019-01-27 22:37:26.101039,13101452,3,0,2019-01-27 16:37:14, 염보성 담당일진.JPG ,6101,160,0,0
2019-01-27 23:37:18.894579,13101452,3,0,2019-01-27 16:37:14, 염보성 담당일진.JPG ,6172,71,0,0
2019-01-28 00:37:24.378010,13101452,3,0,2019-01-27 16:37:14, 염보성 담당일진.JPG ,6223,51,0,0
2019-01-28 01:37:16.627906,13101452,3,0,2019-01-27 16:37:14, 염보성 담당일진.JPG ,6261,38,0,0
2019-01-28 02:37:21.831051,13101452,3,0,2019-01-27 16:37:14, 염보성 담당일진.JPG ,6283,22,0,0
2019-01-28 03:37:26.949044,13101452,3,0,2019-01-27 16:37:14, 염보성 담당일진.JPG ,6298,15,0,0
2019-01-28 04:37:19.018644,13101452,3,0,2019-01-27 16:37:14, 염보성 담당일진.JPG ,6304,6,0,0
2019-01-28 05:37:24.066655,13101452,3,0,2019-01-27 16:37:14, 염보성 담당일진.JPG ,6312,8,0,0
2019-01-28 06:37:16.413796,13101452,3,0,2019-01-27 16:37:14, 염보성 담당일진.JPG ,6318,6,0,0
2019-01-28 07:37:21.470016,13101452,3,0,2019-01-27 16:37:14, 염보성 담당일진.JPG ,6326,8,0,0
2019-01-28 08:37:26.554858,13101452,3,0,2019-01-27 16:37:14, 염보성 담당일진.JPG ,6335,9,0,0
2019-01-28 09:37:18.759629,13101452,3,0,2019-01-27 16:37:14, 염보성 담당일진.JPG ,6358,23,0,0
2019-01-28 10:37:23.845852,13101452,3,0,2019-01-27 16:37:14, 염보성 담당일진.JPG ,6387,29,0,0
2019-01-28 11:37:16.584291,13101452,3,0,2019-01-27 16:37:14, 염보성 담당일진.JPG ,6414,27,0,0
2019-01-28 12:37:21.693840,13101452,3,0,2019-01-27 16:37:14, 염보성 담당일진.JPG ,6420,6,0,0
2019-01-28 13:37:14.286787,13101452,3,0,2019-01-27 16:37:14, 염보성 담당일진.JPG ,6428,8,0,0
2019-01-28 14:37:19.405672,13101452,3,0,2019-01-27 16:37:14, 염보성 담당일진.JPG ,6435,7,0,0
2019-01-28 15:37:24.598924,13101452,3,0,2019-01-27 16:37:14, 염보성 담당일진.JPG ,6438,3,0,0
2019-01-28 16:37:17.204436,13101452,3,0,2019-01-27 16:37:14, 염보성 담당일진.JPG ,6441,3,0,0
