check_time,id,post_reply,post_symph,post_time,post_title,post_view,post_view_diff,post_reply_diff,post_symph_diff
2019-01-25 17:51:57.570174,13094432,17,2,2019-01-25 16:51:45, 자한당의 세계 최초 신개념 단식...ㅋㅋ ,3119,3119,17,2
2019-01-25 18:51:49.799498,13094432,17,2,2019-01-25 16:51:45, 자한당의 세계 최초 신개념 단식...ㅋㅋ ,3487,368,0,0
2019-01-25 19:51:54.833739,13094432,18,2,2019-01-25 16:51:45, 자한당의 세계 최초 신개념 단식...ㅋㅋ ,3643,156,1,0
2019-01-25 20:51:46.886784,13094432,18,2,2019-01-25 16:51:45, 자한당의 세계 최초 신개념 단식...ㅋㅋ ,3724,81,0,0
2019-01-25 21:51:51.961989,13094432,18,2,2019-01-25 16:51:45, 자한당의 세계 최초 신개념 단식...ㅋㅋ ,3801,77,0,0
2019-01-25 22:51:57.014544,13094432,18,2,2019-01-25 16:51:45, 자한당의 세계 최초 신개념 단식...ㅋㅋ ,3841,40,0,0
2019-01-25 23:51:49.099571,13094432,18,2,2019-01-25 16:51:45, 자한당의 세계 최초 신개념 단식...ㅋㅋ ,3869,28,0,0
2019-01-26 00:51:54.180034,13094432,18,2,2019-01-25 16:51:45, 자한당의 세계 최초 신개념 단식...ㅋㅋ ,3887,18,0,0
2019-01-26 01:51:46.351508,13094432,18,2,2019-01-25 16:51:45, 자한당의 세계 최초 신개념 단식...ㅋㅋ ,3895,8,0,0
2019-01-26 02:51:51.452104,13094432,18,2,2019-01-25 16:51:45, 자한당의 세계 최초 신개념 단식...ㅋㅋ ,3901,6,0,0
2019-01-26 03:51:56.723420,13094432,18,2,2019-01-25 16:51:45, 자한당의 세계 최초 신개념 단식...ㅋㅋ ,3903,2,0,0
2019-01-26 04:51:49.160545,13094432,18,2,2019-01-25 16:51:45, 자한당의 세계 최초 신개념 단식...ㅋㅋ ,3907,4,0,0
2019-01-26 05:51:54.182672,13094432,18,2,2019-01-25 16:51:45, 자한당의 세계 최초 신개념 단식...ㅋㅋ ,3909,2,0,0
2019-01-26 06:51:46.479809,13094432,18,2,2019-01-25 16:51:45, 자한당의 세계 최초 신개념 단식...ㅋㅋ ,3912,3,0,0
2019-01-26 07:51:51.623205,13094432,18,2,2019-01-25 16:51:45, 자한당의 세계 최초 신개념 단식...ㅋㅋ ,3915,3,0,0
2019-01-26 08:51:56.801703,13094432,18,2,2019-01-25 16:51:45, 자한당의 세계 최초 신개념 단식...ㅋㅋ ,3919,4,0,0
2019-01-26 09:51:49.085881,13094432,18,2,2019-01-25 16:51:45, 자한당의 세계 최초 신개념 단식...ㅋㅋ ,3923,4,0,0
2019-01-26 10:51:54.212187,13094432,18,2,2019-01-25 16:51:45, 자한당의 세계 최초 신개념 단식...ㅋㅋ ,3925,2,0,0
2019-01-26 11:51:46.277682,13094432,18,2,2019-01-25 16:51:45, 자한당의 세계 최초 신개념 단식...ㅋㅋ ,3932,7,0,0
2019-01-26 12:51:51.276731,13094432,18,2,2019-01-25 16:51:45, 자한당의 세계 최초 신개념 단식...ㅋㅋ ,3933,1,0,0
2019-01-26 13:51:56.328577,13094432,18,2,2019-01-25 16:51:45, 자한당의 세계 최초 신개념 단식...ㅋㅋ ,3936,3,0,0
2019-01-26 14:51:48.330617,13094432,18,2,2019-01-25 16:51:45, 자한당의 세계 최초 신개념 단식...ㅋㅋ ,3940,4,0,0
2019-01-26 15:51:53.364070,13094432,18,2,2019-01-25 16:51:45, 자한당의 세계 최초 신개념 단식...ㅋㅋ ,3942,2,0,0
2019-01-26 16:51:45.373888,13094432,18,2,2019-01-25 16:51:45, 자한당의 세계 최초 신개념 단식...ㅋㅋ ,3946,4,0,0
