check_time,id,post_reply,post_symph,post_time,post_title,post_view,post_view_diff,post_reply_diff,post_symph_diff
2019-01-26 17:06:10.429191,13098316,12,0,2019-01-26 16:06:10, 아디다스 이지부스트 근황.jpg ,4414,4414,12,0
2019-01-26 18:06:15.553473,13098316,13,0,2019-01-26 16:06:10, 아디다스 이지부스트 근황.jpg ,5855,1441,1,0
2019-01-26 19:06:20.679532,13098316,13,0,2019-01-26 16:06:10, 아디다스 이지부스트 근황.jpg ,6853,998,0,0
2019-01-26 20:06:12.808088,13098316,13,0,2019-01-26 16:06:10, 아디다스 이지부스트 근황.jpg ,7208,355,0,0
2019-01-26 21:06:17.958051,13098316,14,0,2019-01-26 16:06:10, 아디다스 이지부스트 근황.jpg ,7454,246,1,0
2019-01-26 22:06:10.287137,13098316,14,0,2019-01-26 16:06:10, 아디다스 이지부스트 근황.jpg ,7642,188,0,0
2019-01-26 23:06:15.360347,13098316,14,0,2019-01-26 16:06:10, 아디다스 이지부스트 근황.jpg ,7769,127,0,0
2019-01-27 00:06:20.373449,13098316,14,0,2019-01-26 16:06:10, 아디다스 이지부스트 근황.jpg ,7869,100,0,0
2019-01-27 01:06:12.426488,13098316,15,0,2019-01-26 16:06:10, 아디다스 이지부스트 근황.jpg ,7947,78,1,0
2019-01-27 02:06:17.506098,13098316,15,0,2019-01-26 16:06:10, 아디다스 이지부스트 근황.jpg ,7980,33,0,0
2019-01-27 03:06:22.570507,13098316,15,0,2019-01-26 16:06:10, 아디다스 이지부스트 근황.jpg ,8002,22,0,0
2019-01-27 04:06:14.786196,13098316,15,0,2019-01-26 16:06:10, 아디다스 이지부스트 근황.jpg ,8015,13,0,0
2019-01-27 05:06:19.928810,13098316,15,0,2019-01-26 16:06:10, 아디다스 이지부스트 근황.jpg ,8023,8,0,0
2019-01-27 06:06:12.007814,13098316,15,0,2019-01-26 16:06:10, 아디다스 이지부스트 근황.jpg ,8028,5,0,0
2019-01-27 07:06:17.316048,13098316,15,0,2019-01-26 16:06:10, 아디다스 이지부스트 근황.jpg ,8036,8,0,0
2019-01-27 08:06:22.372906,13098316,15,0,2019-01-26 16:06:10, 아디다스 이지부스트 근황.jpg ,8047,11,0,0
2019-01-27 09:06:14.524443,13098316,15,0,2019-01-26 16:06:10, 아디다스 이지부스트 근황.jpg ,8064,17,0,0
2019-01-27 10:06:19.719706,13098316,15,0,2019-01-26 16:06:10, 아디다스 이지부스트 근황.jpg ,8081,17,0,0
2019-01-27 11:06:12.216278,13098316,14,0,2019-01-26 16:06:10, 아디다스 이지부스트 근황.jpg ,8097,16,-1,0
2019-01-27 12:06:17.319027,13098316,14,0,2019-01-26 16:06:10, 아디다스 이지부스트 근황.jpg ,8115,18,0,0
2019-01-27 13:06:22.456022,13098316,14,0,2019-01-26 16:06:10, 아디다스 이지부스트 근황.jpg ,8123,8,0,0
2019-01-27 14:06:14.632191,13098316,14,0,2019-01-26 16:06:10, 아디다스 이지부스트 근황.jpg ,8138,15,0,0
2019-01-27 15:06:19.915329,13098316,14,0,2019-01-26 16:06:10, 아디다스 이지부스트 근황.jpg ,8145,7,0,0
2019-01-27 16:06:11.927251,13098316,14,0,2019-01-26 16:06:10, 아디다스 이지부스트 근황.jpg ,8152,7,0,0
