check_time,id,post_reply,post_symph,post_time,post_title,post_view,post_view_diff,post_reply_diff,post_symph_diff
2019-01-29 17:26:19.527465,13108803,31,0,2019-01-29 16:26:09, 개발일 하면서 사람때문에 힘든점 (개발자feat) ,1601,1601,31,0
2019-01-29 18:26:11.945838,13108803,31,0,2019-01-29 16:26:09, 개발일 하면서 사람때문에 힘든점 (개발자feat) ,1925,324,0,0
2019-01-29 19:26:17.208295,13108803,31,0,2019-01-29 16:26:09, 개발일 하면서 사람때문에 힘든점 (개발자feat) ,2060,135,0,0
2019-01-29 20:26:09.296623,13108803,31,0,2019-01-29 16:26:09, 개발일 하면서 사람때문에 힘든점 (개발자feat) ,2134,74,0,0
2019-01-29 21:26:14.557091,13108803,31,0,2019-01-29 16:26:09, 개발일 하면서 사람때문에 힘든점 (개발자feat) ,2185,51,0,0
2019-01-29 22:26:19.479325,13108803,31,0,2019-01-29 16:26:09, 개발일 하면서 사람때문에 힘든점 (개발자feat) ,2232,47,0,0
2019-01-29 23:26:11.658493,13108803,31,0,2019-01-29 16:26:09, 개발일 하면서 사람때문에 힘든점 (개발자feat) ,2266,34,0,0
2019-01-30 00:26:16.816990,13108803,31,0,2019-01-29 16:26:09, 개발일 하면서 사람때문에 힘든점 (개발자feat) ,2303,37,0,0
2019-01-30 01:26:21.873258,13108803,31,0,2019-01-29 16:26:09, 개발일 하면서 사람때문에 힘든점 (개발자feat) ,2316,13,0,0
2019-01-30 02:26:13.926646,13108803,31,0,2019-01-29 16:26:09, 개발일 하면서 사람때문에 힘든점 (개발자feat) ,2326,10,0,0
2019-01-30 03:26:18.966484,13108803,31,0,2019-01-29 16:26:09, 개발일 하면서 사람때문에 힘든점 (개발자feat) ,2327,1,0,0
2019-01-30 04:26:11.283228,13108803,31,0,2019-01-29 16:26:09, 개발일 하면서 사람때문에 힘든점 (개발자feat) ,2331,4,0,0
2019-01-30 05:26:16.570530,13108803,31,0,2019-01-29 16:26:09, 개발일 하면서 사람때문에 힘든점 (개발자feat) ,2333,2,0,0
2019-01-30 06:26:21.689004,13108803,31,0,2019-01-29 16:26:09, 개발일 하면서 사람때문에 힘든점 (개발자feat) ,2337,4,0,0
2019-01-30 07:26:13.706957,13108803,31,0,2019-01-29 16:26:09, 개발일 하면서 사람때문에 힘든점 (개발자feat) ,2344,7,0,0
2019-01-30 08:26:18.802706,13108803,31,0,2019-01-29 16:26:09, 개발일 하면서 사람때문에 힘든점 (개발자feat) ,2347,3,0,0
2019-01-30 09:26:10.848981,13108803,31,0,2019-01-29 16:26:09, 개발일 하면서 사람때문에 힘든점 (개발자feat) ,2355,8,0,0
2019-01-30 10:26:15.959394,13108803,31,0,2019-01-29 16:26:09, 개발일 하면서 사람때문에 힘든점 (개발자feat) ,2360,5,0,0
2019-01-30 11:26:21.042664,13108803,31,0,2019-01-29 16:26:09, 개발일 하면서 사람때문에 힘든점 (개발자feat) ,2375,15,0,0
2019-01-30 12:26:13.270577,13108803,31,0,2019-01-29 16:26:09, 개발일 하면서 사람때문에 힘든점 (개발자feat) ,2379,4,0,0
2019-01-30 13:26:18.393765,13108803,31,0,2019-01-29 16:26:09, 개발일 하면서 사람때문에 힘든점 (개발자feat) ,2385,6,0,0
2019-01-30 14:26:10.493489,13108803,31,0,2019-01-29 16:26:09, 개발일 하면서 사람때문에 힘든점 (개발자feat) ,2391,6,0,0
2019-01-30 15:26:15.636234,13108803,31,0,2019-01-29 16:26:09, 개발일 하면서 사람때문에 힘든점 (개발자feat) ,2393,2,0,0
2019-01-30 16:26:20.743332,13108803,31,0,2019-01-29 16:26:09, 개발일 하면서 사람때문에 힘든점 (개발자feat) ,2394,1,0,0
