check_time,id,post_reply,post_symph,post_time,post_title,post_view,post_view_diff,post_reply_diff,post_symph_diff
2019-01-28 17:47:18.966709,13105156,17,0,2019-01-28 16:47:08, 간다무 공대 여신 ,2670,2670,17,0
2019-01-28 18:47:11.015302,13105156,17,0,2019-01-28 16:47:08, 간다무 공대 여신 ,2947,277,0,0
2019-01-28 19:47:16.283287,13105156,17,0,2019-01-28 16:47:08, 간다무 공대 여신 ,3062,115,0,0
2019-01-28 20:47:08.565973,13105156,17,0,2019-01-28 16:47:08, 간다무 공대 여신 ,3130,68,0,0
2019-01-28 21:47:13.594639,13105156,17,0,2019-01-28 16:47:08, 간다무 공대 여신 ,3178,48,0,0
2019-01-28 22:47:18.615328,13105156,17,0,2019-01-28 16:47:08, 간다무 공대 여신 ,3260,82,0,0
2019-01-28 23:47:10.683557,13105156,17,0,2019-01-28 16:47:08, 간다무 공대 여신 ,3304,44,0,0
2019-01-29 00:47:15.742804,13105156,17,0,2019-01-28 16:47:08, 간다무 공대 여신 ,3347,43,0,0
2019-01-29 01:47:08.255956,13105156,17,0,2019-01-28 16:47:08, 간다무 공대 여신 ,3370,23,0,0
2019-01-29 02:47:13.316906,13105156,17,0,2019-01-28 16:47:08, 간다무 공대 여신 ,3384,14,0,0
2019-01-29 03:47:18.456901,13105156,17,0,2019-01-28 16:47:08, 간다무 공대 여신 ,3390,6,0,0
2019-01-29 04:47:10.717973,13105156,17,0,2019-01-28 16:47:08, 간다무 공대 여신 ,3394,4,0,0
2019-01-29 05:47:16.073631,13105156,17,0,2019-01-28 16:47:08, 간다무 공대 여신 ,3397,3,0,0
2019-01-29 06:47:08.860245,13105156,17,0,2019-01-28 16:47:08, 간다무 공대 여신 ,3402,5,0,0
2019-01-29 07:47:14.167522,13105156,17,0,2019-01-28 16:47:08, 간다무 공대 여신 ,3405,3,0,0
2019-01-29 08:47:19.823957,13105156,17,0,2019-01-28 16:47:08, 간다무 공대 여신 ,3417,12,0,0
2019-01-29 09:47:11.867964,13105156,17,0,2019-01-28 16:47:08, 간다무 공대 여신 ,3418,1,0,0
2019-01-29 10:47:17.265801,13105156,17,0,2019-01-28 16:47:08, 간다무 공대 여신 ,3423,5,0,0
2019-01-29 11:47:09.552557,13105156,17,0,2019-01-28 16:47:08, 간다무 공대 여신 ,3426,3,0,0
2019-01-29 12:47:15.124611,13105156,17,0,2019-01-28 16:47:08, 간다무 공대 여신 ,3429,3,0,0
2019-01-29 13:47:20.294913,13105156,17,0,2019-01-28 16:47:08, 간다무 공대 여신 ,3437,8,0,0
2019-01-29 14:47:12.405587,13105156,17,0,2019-01-28 16:47:08, 간다무 공대 여신 ,3439,2,0,0
2019-01-29 15:47:17.531455,13105156,17,0,2019-01-28 16:47:08, 간다무 공대 여신 ,3443,4,0,0
2019-01-29 16:47:09.619189,13105156,17,0,2019-01-28 16:47:08, 간다무 공대 여신 ,3449,6,0,0
