check_time,id,post_reply,post_symph,post_time,post_title,post_view,post_view_diff,post_reply_diff,post_symph_diff
2019-01-29 17:17:04.826665,13108762,4,0,2019-01-29 16:16:52, 개의 목구멍은 얼마나 큰걸까요... ,1062,1062,4,0
2019-01-29 18:16:56.991965,13108762,4,0,2019-01-29 16:16:52, 개의 목구멍은 얼마나 큰걸까요... ,1174,112,0,0
2019-01-29 19:17:02.003730,13108762,4,0,2019-01-29 16:16:52, 개의 목구멍은 얼마나 큰걸까요... ,1212,38,0,0
2019-01-29 20:16:54.023264,13108762,4,0,2019-01-29 16:16:52, 개의 목구멍은 얼마나 큰걸까요... ,1234,22,0,0
2019-01-29 21:16:59.080496,13108762,4,0,2019-01-29 16:16:52, 개의 목구멍은 얼마나 큰걸까요... ,1253,19,0,0
2019-01-29 22:17:04.084705,13108762,4,0,2019-01-29 16:16:52, 개의 목구멍은 얼마나 큰걸까요... ,1263,10,0,0
2019-01-29 23:16:56.534110,13108762,4,0,2019-01-29 16:16:52, 개의 목구멍은 얼마나 큰걸까요... ,1270,7,0,0
2019-01-30 00:17:01.587659,13108762,4,0,2019-01-29 16:16:52, 개의 목구멍은 얼마나 큰걸까요... ,1278,8,0,0
2019-01-30 01:16:53.637387,13108762,4,0,2019-01-29 16:16:52, 개의 목구멍은 얼마나 큰걸까요... ,1282,4,0,0
2019-01-30 02:16:58.706963,13108762,4,0,2019-01-29 16:16:52, 개의 목구멍은 얼마나 큰걸까요... ,1286,4,0,0
2019-01-30 03:17:03.747328,13108762,4,0,2019-01-29 16:16:52, 개의 목구멍은 얼마나 큰걸까요... ,1290,4,0,0
2019-01-30 04:16:55.774923,13108762,4,0,2019-01-29 16:16:52, 개의 목구멍은 얼마나 큰걸까요... ,1293,3,0,0
2019-01-30 05:17:00.787330,13108762,4,0,2019-01-29 16:16:52, 개의 목구멍은 얼마나 큰걸까요... ,1295,2,0,0
2019-01-30 06:16:52.834316,13108762,4,0,2019-01-29 16:16:52, 개의 목구멍은 얼마나 큰걸까요... ,1297,2,0,0
2019-01-30 07:16:57.990187,13108762,4,0,2019-01-29 16:16:52, 개의 목구멍은 얼마나 큰걸까요... ,1300,3,0,0
2019-01-30 08:17:03.153721,13108762,4,0,2019-01-29 16:16:52, 개의 목구멍은 얼마나 큰걸까요... ,1301,1,0,0
2019-01-30 09:16:55.285825,13108762,4,0,2019-01-29 16:16:52, 개의 목구멍은 얼마나 큰걸까요... ,1304,3,0,0
2019-01-30 10:17:00.400926,13108762,4,0,2019-01-29 16:16:52, 개의 목구멍은 얼마나 큰걸까요... ,1306,2,0,0
2019-01-30 11:16:52.453588,13108762,4,0,2019-01-29 16:16:52, 개의 목구멍은 얼마나 큰걸까요... ,1308,2,0,0
2019-01-30 12:16:57.676732,13108762,4,0,2019-01-29 16:16:52, 개의 목구멍은 얼마나 큰걸까요... ,1309,1,0,0
2019-01-30 13:17:02.734823,13108762,4,0,2019-01-29 16:16:52, 개의 목구멍은 얼마나 큰걸까요... ,1311,2,0,0
2019-01-30 14:16:54.859675,13108762,4,0,2019-01-29 16:16:52, 개의 목구멍은 얼마나 큰걸까요... ,1314,3,0,0
2019-01-30 15:16:59.932637,13108762,4,0,2019-01-29 16:16:52, 개의 목구멍은 얼마나 큰걸까요... ,1317,3,0,0
2019-01-30 16:16:52.004406,13108762,4,0,2019-01-29 16:16:52, 개의 목구멍은 얼마나 큰걸까요... ,1318,1,0,0
