check_time,id,post_reply,post_symph,post_time,post_title,post_view,post_view_diff,post_reply_diff,post_symph_diff
2019-01-25 17:22:16.594765,13094298,4,0,2019-01-25 16:22:12, 즐겁게 드럼치는 처자.utb ,1122,1122,4,0
2019-01-25 18:22:21.615642,13094298,5,0,2019-01-25 16:22:12, 즐겁게 드럼치는 처자.utb ,1228,106,1,0
2019-01-25 19:22:13.752989,13094298,5,0,2019-01-25 16:22:12, 즐겁게 드럼치는 처자.utb ,1270,42,0,0
2019-01-25 20:22:19.006880,13094298,5,0,2019-01-25 16:22:12, 즐겁게 드럼치는 처자.utb ,1289,19,0,0
2019-01-25 21:22:24.194435,13094298,5,0,2019-01-25 16:22:12, 즐겁게 드럼치는 처자.utb ,1308,19,0,0
2019-01-25 22:22:16.283457,13094298,5,0,2019-01-25 16:22:12, 즐겁게 드럼치는 처자.utb ,1320,12,0,0
2019-01-25 23:22:21.421646,13094298,5,0,2019-01-25 16:22:12, 즐겁게 드럼치는 처자.utb ,1325,5,0,0
2019-01-26 00:22:13.550306,13094298,5,0,2019-01-25 16:22:12, 즐겁게 드럼치는 처자.utb ,1329,4,0,0
2019-01-26 01:22:18.675165,13094298,5,0,2019-01-25 16:22:12, 즐겁게 드럼치는 처자.utb ,1337,8,0,0
2019-01-26 02:22:23.817491,13094298,5,0,2019-01-25 16:22:12, 즐겁게 드럼치는 처자.utb ,1338,1,0,0
2019-01-26 03:22:15.917026,13094298,5,0,2019-01-25 16:22:12, 즐겁게 드럼치는 처자.utb ,1340,2,0,0
2019-01-26 04:22:21.069441,13094298,5,0,2019-01-25 16:22:12, 즐겁게 드럼치는 처자.utb ,1343,3,0,0
2019-01-26 05:22:13.195016,13094298,5,0,2019-01-25 16:22:12, 즐겁게 드럼치는 처자.utb ,1344,1,0,0
2019-01-26 06:22:18.267956,13094298,5,0,2019-01-25 16:22:12, 즐겁게 드럼치는 처자.utb ,1347,3,0,0
2019-01-26 07:22:23.558850,13094298,5,0,2019-01-25 16:22:12, 즐겁게 드럼치는 처자.utb ,1350,3,0,0
2019-01-26 08:22:15.686785,13094298,5,0,2019-01-25 16:22:12, 즐겁게 드럼치는 처자.utb ,1351,1,0,0
2019-01-26 09:22:22.359169,13094298,5,0,2019-01-25 16:22:12, 즐겁게 드럼치는 처자.utb ,1352,1,0,0
2019-01-26 10:22:14.638902,13094298,5,0,2019-01-25 16:22:12, 즐겁게 드럼치는 처자.utb ,1362,10,0,0
2019-01-26 11:22:19.676780,13094298,5,0,2019-01-25 16:22:12, 즐겁게 드럼치는 처자.utb ,1366,4,0,0
2019-01-26 12:22:24.992717,13094298,5,0,2019-01-25 16:22:12, 즐겁게 드럼치는 처자.utb ,1368,2,0,0
2019-01-26 13:22:17.700850,13094298,5,0,2019-01-25 16:22:12, 즐겁게 드럼치는 처자.utb ,1369,1,0,0
2019-01-26 14:22:22.809107,13094298,5,0,2019-01-25 16:22:12, 즐겁게 드럼치는 처자.utb ,1370,1,0,0
2019-01-26 15:22:14.878191,13094298,5,0,2019-01-25 16:22:12, 즐겁게 드럼치는 처자.utb ,1374,4,0,0
2019-01-26 16:22:19.895944,13094298,5,0,2019-01-25 16:22:12, 즐겁게 드럼치는 처자.utb ,1377,3,0,0
