check_time,id,post_reply,post_symph,post_time,post_title,post_view,post_view_diff,post_reply_diff,post_symph_diff
2019-01-24 17:21:54.511342,13090072,7,1,2019-01-24 16:21:46, 파크라이 뉴던 트레일러 ㄷㄷㄷㄷㄷㄷㄷ ,595,595,7,1
2019-01-24 18:21:46.869338,13090072,7,1,2019-01-24 16:21:46, 파크라이 뉴던 트레일러 ㄷㄷㄷㄷㄷㄷㄷ ,657,62,0,0
2019-01-24 19:21:51.987027,13090072,7,1,2019-01-24 16:21:46, 파크라이 뉴던 트레일러 ㄷㄷㄷㄷㄷㄷㄷ ,678,21,0,0
2019-01-24 20:21:57.118109,13090072,7,1,2019-01-24 16:21:46, 파크라이 뉴던 트레일러 ㄷㄷㄷㄷㄷㄷㄷ ,694,16,0,0
2019-01-24 21:21:49.185568,13090072,7,1,2019-01-24 16:21:46, 파크라이 뉴던 트레일러 ㄷㄷㄷㄷㄷㄷㄷ ,704,10,0,0
2019-01-24 22:21:54.271984,13090072,7,1,2019-01-24 16:21:46, 파크라이 뉴던 트레일러 ㄷㄷㄷㄷㄷㄷㄷ ,708,4,0,0
2019-01-24 23:21:46.419424,13090072,7,1,2019-01-24 16:21:46, 파크라이 뉴던 트레일러 ㄷㄷㄷㄷㄷㄷㄷ ,711,3,0,0
2019-01-25 00:21:51.487081,13090072,7,1,2019-01-24 16:21:46, 파크라이 뉴던 트레일러 ㄷㄷㄷㄷㄷㄷㄷ ,715,4,0,0
2019-01-25 01:21:56.583141,13090072,7,1,2019-01-24 16:21:46, 파크라이 뉴던 트레일러 ㄷㄷㄷㄷㄷㄷㄷ ,719,4,0,0
2019-01-25 02:21:48.733747,13090072,7,1,2019-01-24 16:21:46, 파크라이 뉴던 트레일러 ㄷㄷㄷㄷㄷㄷㄷ ,720,1,0,0
2019-01-25 03:21:53.797505,13090072,7,1,2019-01-24 16:21:46, 파크라이 뉴던 트레일러 ㄷㄷㄷㄷㄷㄷㄷ ,722,2,0,0
2019-01-25 04:21:46.022992,13090072,7,1,2019-01-24 16:21:46, 파크라이 뉴던 트레일러 ㄷㄷㄷㄷㄷㄷㄷ ,723,1,0,0
2019-01-25 05:21:51.092717,13090072,7,1,2019-01-24 16:21:46, 파크라이 뉴던 트레일러 ㄷㄷㄷㄷㄷㄷㄷ ,724,1,0,0
2019-01-25 06:21:56.151299,13090072,7,1,2019-01-24 16:21:46, 파크라이 뉴던 트레일러 ㄷㄷㄷㄷㄷㄷㄷ ,725,1,0,0
2019-01-25 07:21:48.216914,13090072,7,1,2019-01-24 16:21:46, 파크라이 뉴던 트레일러 ㄷㄷㄷㄷㄷㄷㄷ ,727,2,0,0
2019-01-25 08:21:53.251189,13090072,7,1,2019-01-24 16:21:46, 파크라이 뉴던 트레일러 ㄷㄷㄷㄷㄷㄷㄷ ,729,2,0,0
2019-01-25 09:21:58.246780,13090072,7,1,2019-01-24 16:21:46, 파크라이 뉴던 트레일러 ㄷㄷㄷㄷㄷㄷㄷ ,731,2,0,0
2019-01-25 10:21:50.302592,13090072,7,1,2019-01-24 16:21:46, 파크라이 뉴던 트레일러 ㄷㄷㄷㄷㄷㄷㄷ ,733,2,0,0
2019-01-25 11:21:56.537911,13090072,7,1,2019-01-24 16:21:46, 파크라이 뉴던 트레일러 ㄷㄷㄷㄷㄷㄷㄷ ,735,2,0,0
2019-01-25 12:21:48.837430,13090072,7,1,2019-01-24 16:21:46, 파크라이 뉴던 트레일러 ㄷㄷㄷㄷㄷㄷㄷ ,735,0,0,0
2019-01-25 13:21:54.338673,13090072,7,1,2019-01-24 16:21:46, 파크라이 뉴던 트레일러 ㄷㄷㄷㄷㄷㄷㄷ ,737,2,0,0
2019-01-25 14:21:46.481174,13090072,7,1,2019-01-24 16:21:46, 파크라이 뉴던 트레일러 ㄷㄷㄷㄷㄷㄷㄷ ,738,1,0,0
2019-01-25 15:21:53.431556,13090072,7,1,2019-01-24 16:21:46, 파크라이 뉴던 트레일러 ㄷㄷㄷㄷㄷㄷㄷ ,742,4,0,0
2019-01-25 16:21:58.468625,13090072,7,1,2019-01-24 16:21:46, 파크라이 뉴던 트레일러 ㄷㄷㄷㄷㄷㄷㄷ ,743,1,0,0
